0 0.950099 0.023601 0.075975 0.013467
1 0.712979 0.703518 0.002378 0.013467
11 0.494262 0.703518 0.055289 0.030301
11 0.310436 0.535179 0.017835 0.013467
11 0.310436 0.535179 0.036859 0.030301
11 0.678088 0.535179 0.017835 0.013467
11 0.678088 0.535179 0.036859 0.030301
11 0.270194 0.703518 0.017835 0.013467
11 0.270194 0.703518 0.036859 0.030301
11 0.351522 0.703518 0.017835 0.013467
11 0.351522 0.703518 0.036859 0.030301
11 0.718330 0.703518 0.017835 0.013467
11 0.718330 0.703518 0.036859 0.030301
11 0.637002 0.703518 0.017835 0.013467
11 0.637002 0.703518 0.036859 0.030301
11 0.270194 0.787687 0.017835 0.013467
11 0.270194 0.787687 0.036859 0.030301
11 0.351522 0.787687 0.017835 0.013467
11 0.351522 0.787687 0.036859 0.030301
11 0.718330 0.787687 0.017835 0.013467
11 0.718330 0.787687 0.036859 0.030301
11 0.637002 0.787687 0.017835 0.013467
11 0.637002 0.787687 0.036859 0.030301
11 0.310436 0.787687 0.017835 0.013467
11 0.310436 0.787687 0.036859 0.030301
11 0.293585 0.619348 0.033702 0.154872
11 0.694939 0.619348 0.033702 0.154872
11 0.940526 0.138742 0.095120 0.031550
11 0.494262 0.661433 0.629578 0.282809
