0 0.190027 0.023601 0.015196 0.013467
0 0.390025 0.023601 0.015196 0.013467
0 0.590023 0.023601 0.015196 0.013467
0 0.790021 0.023601 0.015196 0.013467
0 0.990019 0.023601 0.015196 0.013467
3 0.931428 0.618667 0.001070 0.005050
3 0.967282 0.618687 0.001070 0.005050
4 0.902871 0.677732 0.029739 0.035251
4 0.492270 0.558714 0.043528 0.053868
4 0.851263 0.812403 0.015331 0.035251
4 0.851263 0.745859 0.015331 0.033668
5 0.215275 0.268856 0.001784 0.008417
5 0.931037 0.641060 0.001070 0.005050
5 0.967253 0.641080 0.001070 0.005050
5 0.931405 0.629863 0.001070 0.005050
5 0.967253 0.629884 0.001070 0.005050
5 0.943034 0.641423 0.001070 0.005050
5 0.943034 0.630227 0.001070 0.005050
5 0.817984 0.633515 0.001427 0.006734
5 0.817984 0.616681 0.001427 0.006734
11 0.924051 0.517940 0.005944 0.011196
11 0.924051 0.506743 0.005944 0.011196
11 0.924051 0.495547 0.005944 0.011196
11 0.924051 0.484351 0.005944 0.011196
11 0.931644 0.108703 0.017096 0.083581
11 0.934498 0.125108 0.011388 0.050772
11 0.937840 0.139772 0.004705 0.021443
11 0.959719 0.108703 0.017096 0.083581
11 0.962573 0.125108 0.011388 0.050772
11 0.965914 0.139772 0.004705 0.021443
11 0.188112 0.138742 0.019025 0.031550
11 0.388110 0.138742 0.019025 0.031550
11 0.588109 0.138742 0.019025 0.031550
11 0.788107 0.138742 0.019025 0.031550
11 0.988105 0.138742 0.019025 0.031550
11 0.788106 0.500000 0.019026 0.966265
11 0.492270 0.725658 0.043528 0.154872
11 0.435805 0.341594 0.043528 0.080803
11 0.968919 0.560686 0.018465 0.053868
11 0.950489 0.560686 0.018393 0.053868
11 0.851263 0.567325 0.015331 0.050891
11 0.838842 0.567325 0.009512 0.050891
11 0.838842 0.812403 0.009512 0.035251
11 0.838842 0.745859 0.009512 0.033668
