0 0.338461 0.271163 0.005193 0.019291
0 0.366419 0.271163 0.005193 0.019291
0 0.338461 0.422459 0.005193 0.019291
0 0.366419 0.422459 0.005193 0.019291
0 0.338821 0.619606 0.005193 0.019291
0 0.394377 0.271163 0.005193 0.019291
0 0.394377 0.422459 0.005193 0.019291
0 0.313048 0.619606 0.005193 0.019291
0 0.382480 0.619606 0.005193 0.019291
0 0.356707 0.619606 0.005193 0.019291
0 0.426138 0.619606 0.005193 0.019291
0 0.400366 0.619606 0.005193 0.019291
0 0.987524 0.023601 0.018994 0.013467
0 0.737527 0.023601 0.018994 0.013467
0 0.237533 0.023601 0.018994 0.013467
0 0.487530 0.023601 0.018994 0.013467
1 0.076288 0.461952 0.001308 0.007407
1 0.082828 0.461952 0.001308 0.007407
1 0.089368 0.461952 0.001308 0.007407
1 0.026745 0.454546 0.001308 0.007407
1 0.095908 0.461952 0.001308 0.007407
1 0.095183 0.590325 0.001308 0.007407
1 0.098200 0.590325 0.001308 0.007407
1 0.050545 0.454546 0.001308 0.007407
1 0.075909 0.454546 0.001308 0.007407
1 0.098401 0.454546 0.001308 0.007407
1 0.177057 0.459327 0.001308 0.007407
1 0.136707 0.451920 0.001308 0.007407
1 0.122048 0.452257 0.001189 0.006734
1 0.202492 0.587699 0.001308 0.007407
1 0.205509 0.587699 0.001308 0.007407
1 0.148635 0.451920 0.001308 0.007407
1 0.158981 0.451920 0.001308 0.007407
1 0.175816 0.451920 0.001308 0.007407
1 0.186621 0.451920 0.001308 0.007407
1 0.192842 0.451920 0.001308 0.007407
1 0.211997 0.452257 0.001189 0.006734
1 0.181935 0.459327 0.001308 0.007407
1 0.186812 0.459327 0.001308 0.007407
1 0.191689 0.459327 0.001308 0.007407
1 0.196567 0.459327 0.001308 0.007407
1 0.201444 0.459327 0.001308 0.007407
1 0.206321 0.459327 0.001308 0.007407
1 0.211198 0.459327 0.001308 0.007407
1 0.165295 0.249285 0.001189 0.006734
1 0.220097 0.452257 0.001189 0.006734
11 0.016969 0.695905 0.017154 0.025939
11 0.098854 0.695905 0.017154 0.025939
11 0.124278 0.693279 0.017154 0.025939
11 0.206163 0.693279 0.017154 0.025939
11 0.130152 0.347860 0.004055 0.034730
11 0.136053 0.347860 0.004055 0.034730
11 0.145169 0.417598 0.004093 0.012744
11 0.145125 0.347860 0.004055 0.034730
11 0.155515 0.417598 0.004093 0.012744
11 0.155470 0.347860 0.004055 0.034730
11 0.172350 0.417598 0.004093 0.012744
11 0.172306 0.347860 0.004055 0.034730
11 0.183154 0.417598 0.004093 0.012744
11 0.183110 0.347860 0.004055 0.034730
11 0.197526 0.347860 0.004055 0.034730
11 0.192188 0.347860 0.004055 0.034730
11 0.150808 0.372448 0.022162 0.113856
11 0.177722 0.372448 0.021992 0.113856
11 0.057700 0.695905 0.017154 0.025939
11 0.165009 0.695905 0.017154 0.025939
11 0.338461 0.215250 0.009358 0.016301
11 0.366419 0.215250 0.009358 0.016301
11 0.338461 0.366546 0.009358 0.016301
11 0.366419 0.366546 0.009358 0.016301
11 0.338821 0.563693 0.009358 0.016301
11 0.394377 0.215250 0.009358 0.016301
11 0.394377 0.366546 0.009358 0.016301
11 0.313048 0.563693 0.009358 0.016301
11 0.382480 0.563693 0.009358 0.016301
11 0.356707 0.563693 0.009358 0.016301
11 0.426138 0.563693 0.009358 0.016301
11 0.400366 0.563693 0.009358 0.016301
11 0.865106 0.253098 0.006572 0.010631
11 0.865106 0.271038 0.006572 0.010631
11 0.796602 0.269374 0.004884 0.013886
11 0.796602 0.253532 0.004884 0.013886
11 0.934473 0.269374 0.004884 0.013886
11 0.934473 0.253532 0.004884 0.013886
11 0.865106 0.399756 0.006572 0.010631
11 0.865106 0.417696 0.006572 0.010631
11 0.843114 0.416032 0.004884 0.013886
11 0.843114 0.400190 0.004884 0.013886
11 0.887098 0.416032 0.004884 0.013886
11 0.887098 0.400190 0.004884 0.013886
11 0.618614 0.545834 0.006572 0.010631
11 0.618614 0.563774 0.006572 0.010631
11 0.546192 0.505287 0.004884 0.013886
11 0.546192 0.486912 0.004884 0.013886
11 0.637101 0.562110 0.004884 0.013886
11 0.637101 0.546268 0.004884 0.013886
11 0.618614 0.486912 0.006572 0.010631
11 0.618614 0.504853 0.006572 0.010631
11 0.610652 0.192619 0.009358 0.016301
11 0.610652 0.056375 0.009358 0.016301
11 0.161720 0.155050 0.021843 0.144310
11 0.985131 0.138742 0.023781 0.031550
11 0.735134 0.138742 0.023781 0.031550
11 0.235140 0.138742 0.023781 0.031550
11 0.485137 0.138742 0.023781 0.031550
11 0.161720 0.155050 0.021843 0.144310
11 0.150808 0.372448 0.022162 0.113856
11 0.177722 0.372448 0.021992 0.113856
