0 0.067296 0.991102 0.003281 0.001889
0 0.090336 0.193656 0.009720 0.007018
0 0.100056 0.193656 0.009720 0.007018
0 0.109776 0.193656 0.009720 0.007018
0 0.065063 0.193656 0.009720 0.007018
0 0.055342 0.193656 0.009720 0.007018
0 0.706113 0.508356 0.009429 0.006807
0 0.696684 0.508356 0.009429 0.006807
0 0.687256 0.508356 0.009429 0.006807
0 0.753257 0.508356 0.009429 0.006807
0 0.743828 0.508356 0.009429 0.006807
0 0.715542 0.508356 0.009429 0.006807
0 0.734399 0.508356 0.009429 0.006807
0 0.724971 0.508356 0.009429 0.006807
0 0.706113 0.214647 0.009429 0.006807
0 0.696684 0.214647 0.009429 0.006807
0 0.687256 0.214647 0.009429 0.006807
0 0.753257 0.214647 0.009429 0.006807
0 0.743828 0.214647 0.009429 0.006807
0 0.715542 0.214647 0.009429 0.006807
0 0.734399 0.214647 0.009429 0.006807
0 0.724971 0.214647 0.009429 0.006807
0 0.965370 0.631641 0.002179 0.004240
0 0.956468 0.631641 0.002179 0.004240
0 0.966192 0.562099 0.003577 0.002701
0 0.924965 0.487115 0.003062 0.009211
0 0.948088 0.472838 0.001531 0.008290
0 0.946557 0.472838 0.001531 0.008290
0 0.945026 0.472838 0.001531 0.008290
0 0.943495 0.472838 0.001531 0.008290
0 0.945792 0.487115 0.006124 0.009211
0 0.940178 0.472838 0.001021 0.008290
0 0.941199 0.472838 0.001021 0.008290
0 0.942219 0.472838 0.001021 0.008290
0 0.941199 0.487115 0.003062 0.009211
0 0.936096 0.472838 0.001021 0.008290
0 0.937627 0.487115 0.004083 0.009211
0 0.939158 0.472838 0.001021 0.008290
0 0.938137 0.472838 0.001021 0.008290
0 0.937116 0.472838 0.001021 0.008290
0 0.931089 0.472838 0.001021 0.008290
0 0.932620 0.487115 0.004083 0.009211
0 0.934151 0.472838 0.001021 0.008290
0 0.933130 0.472838 0.001021 0.008290
0 0.932109 0.472838 0.001021 0.008290
0 0.927006 0.472838 0.001021 0.008290
0 0.928537 0.487115 0.004083 0.009211
0 0.930068 0.472838 0.001021 0.008290
0 0.929048 0.472838 0.001021 0.008290
0 0.928027 0.472838 0.001021 0.008290
0 0.924455 0.431082 0.002041 0.009211
0 0.924455 0.438911 0.002041 0.004605
0 0.924965 0.445358 0.001021 0.008290
0 0.923944 0.445358 0.001021 0.008290
0 0.928537 0.431082 0.006124 0.009211
0 0.931089 0.445358 0.001021 0.008290
0 0.930068 0.445358 0.001021 0.008290
0 0.929048 0.445358 0.001021 0.008290
0 0.925986 0.445358 0.001021 0.008290
0 0.927006 0.445358 0.001021 0.008290
0 0.928027 0.445358 0.001021 0.008290
0 0.932109 0.445358 0.001021 0.008290
0 0.933640 0.431082 0.004083 0.009211
0 0.935171 0.445358 0.001021 0.008290
0 0.934151 0.445358 0.001021 0.008290
0 0.933130 0.445358 0.001021 0.008290
0 0.940072 0.431082 0.005165 0.009211
0 0.942082 0.445358 0.001021 0.008290
0 0.941062 0.445358 0.001021 0.008290
0 0.938000 0.445358 0.001021 0.008290
0 0.939020 0.445358 0.001021 0.008290
0 0.940041 0.445358 0.001021 0.008290
0 0.945655 0.431082 0.006124 0.009211
0 0.948206 0.445358 0.001021 0.008290
0 0.947186 0.445358 0.001021 0.008290
0 0.946165 0.445358 0.001021 0.008290
0 0.943103 0.445358 0.001021 0.008290
0 0.944124 0.445358 0.001021 0.008290
0 0.945144 0.445358 0.001021 0.008290
0 0.964140 0.433882 0.003402 0.006141
0 0.959285 0.480738 0.001361 0.006141
0 0.960738 0.433882 0.003402 0.006141
0 0.959285 0.470146 0.001361 0.003377
0 0.961185 0.480738 0.002041 0.006141
0 0.961185 0.470146 0.002041 0.003377
0 0.963771 0.480738 0.002722 0.006141
0 0.968751 0.480738 0.001361 0.006141
0 0.968751 0.470146 0.001361 0.003377
0 0.970630 0.480738 0.001361 0.006141
0 0.970630 0.470146 0.001361 0.003377
0 0.970945 0.433882 0.003402 0.006141
0 0.967543 0.433882 0.003402 0.006141
0 0.196259 0.193656 0.009720 0.007018
0 0.186538 0.193656 0.009720 0.007018
0 0.161265 0.193656 0.009720 0.007018
0 0.151545 0.193656 0.009720 0.007018
0 0.141825 0.193656 0.009720 0.007018
0 0.484664 0.204746 0.009720 0.007018
0 0.474944 0.204746 0.009720 0.007018
0 0.465223 0.204746 0.009720 0.007018
0 0.820370 0.509460 0.009720 0.007018
0 0.810650 0.509460 0.009720 0.007018
0 0.800929 0.509460 0.009720 0.007018
0 0.791209 0.509460 0.009720 0.007018
0 0.820384 0.216012 0.009720 0.007018
0 0.810664 0.216012 0.009720 0.007018
0 0.800943 0.216012 0.009720 0.007018
0 0.791223 0.216012 0.009720 0.007018
0 0.006904 0.882126 0.003281 0.002662
0 0.392156 0.489464 0.009720 0.007018
0 0.401876 0.489464 0.009720 0.007018
0 0.411596 0.489464 0.009720 0.007018
0 0.421317 0.489464 0.009720 0.007018
0 0.431037 0.489464 0.009720 0.007018
0 0.507949 0.489243 0.009720 0.007018
0 0.498229 0.489243 0.009720 0.007018
0 0.488509 0.489243 0.009720 0.007018
0 0.478788 0.489243 0.009720 0.007018
0 0.469068 0.489243 0.009720 0.007018
0 0.413653 0.202830 0.009720 0.007018
0 0.423373 0.202830 0.009720 0.007018
0 0.433093 0.202830 0.009720 0.007018
0 0.388380 0.202830 0.009720 0.007018
0 0.378659 0.202830 0.009720 0.007018
0 0.519657 0.204746 0.009720 0.007018
0 0.509937 0.204746 0.009720 0.007018
0 0.070933 0.480751 0.009720 0.007018
0 0.080654 0.480751 0.009720 0.007018
0 0.090374 0.480751 0.009720 0.007018
0 0.100095 0.480751 0.009720 0.007018
0 0.109815 0.480751 0.009720 0.007018
0 0.185145 0.480110 0.009720 0.007018
0 0.175424 0.480110 0.009720 0.007018
0 0.165704 0.480110 0.009720 0.007018
0 0.155984 0.480110 0.009720 0.007018
0 0.146263 0.480110 0.009720 0.007018
0 0.077673 0.745597 0.006211 0.003509
0 0.277183 0.742866 0.006211 0.003509
0 0.995920 0.387080 0.006211 0.003509
0 0.899782 0.338763 0.006211 0.003509
0 0.899782 0.045383 0.006211 0.003509
0 0.762355 0.045383 0.006211 0.003509
0 0.762355 0.338763 0.006211 0.003509
0 0.573462 0.321290 0.006211 0.003509
0 0.573462 0.035724 0.006211 0.003509
0 0.448115 0.035724 0.006211 0.003509
0 0.448115 0.321290 0.006211 0.003509
0 0.250712 0.312633 0.006211 0.003509
0 0.250712 0.026550 0.006211 0.003509
0 0.124798 0.026550 0.006211 0.003509
0 0.124798 0.312633 0.006211 0.003509
2 0.709885 0.411519 0.001886 0.002553
2 0.700456 0.411519 0.001886 0.002553
2 0.690744 0.405230 0.001886 0.002553
2 0.756745 0.405230 0.001886 0.002553
2 0.747317 0.405230 0.001886 0.002553
2 0.719030 0.405230 0.001886 0.002553
2 0.738171 0.407054 0.001886 0.002553
2 0.709885 0.117811 0.001886 0.002553
2 0.700456 0.117811 0.001886 0.002553
2 0.690744 0.111521 0.001886 0.002553
2 0.756745 0.111521 0.001886 0.002553
2 0.747317 0.111521 0.001886 0.002553
2 0.719030 0.111521 0.001886 0.002553
2 0.738171 0.113346 0.001886 0.002553
2 0.960542 0.555669 0.001598 0.004637
2 0.956902 0.555669 0.001598 0.004637
4 0.235351 0.839276 0.003645 0.054388
4 0.217766 0.839276 0.003645 0.054388
4 0.252935 0.839276 0.003645 0.054388
4 0.214291 0.839276 0.003305 0.054388
4 0.249461 0.839276 0.003305 0.054388
4 0.231876 0.839276 0.003305 0.054388
4 0.211268 0.839276 0.002741 0.054388
4 0.228853 0.839276 0.002741 0.054388
4 0.246438 0.839276 0.002741 0.054388
11 0.365051 0.140548 0.005832 0.096494
11 0.351442 0.140548 0.005832 0.096494
11 0.345124 0.140548 0.005832 0.096494
11 0.370883 0.240551 0.005832 0.068423
11 0.365051 0.240551 0.005832 0.068423
11 0.351442 0.240551 0.005832 0.068423
11 0.345124 0.240551 0.005832 0.068423
11 0.339292 0.240551 0.005832 0.068423
11 0.370883 0.140548 0.005832 0.096494
11 0.339292 0.202830 0.005832 0.007018
11 0.345124 0.202830 0.005832 0.007018
11 0.351442 0.202830 0.005832 0.007018
11 0.365051 0.202830 0.005832 0.007018
11 0.370883 0.202830 0.005832 0.007018
11 0.365662 0.114670 0.002239 0.002632
11 0.358247 0.240551 0.007776 0.068423
11 0.358247 0.140548 0.007776 0.096494
11 0.358247 0.202830 0.007776 0.007018
11 0.041734 0.131373 0.005832 0.096494
11 0.028125 0.131373 0.005832 0.096494
11 0.021807 0.131373 0.005832 0.096494
11 0.047566 0.231376 0.005832 0.068423
11 0.041734 0.231376 0.005832 0.068423
11 0.028125 0.231376 0.005832 0.068423
11 0.021807 0.231376 0.005832 0.068423
11 0.015975 0.231376 0.005832 0.068423
11 0.047566 0.131373 0.005832 0.096494
11 0.015975 0.193656 0.005832 0.007018
11 0.021807 0.193656 0.005832 0.007018
11 0.028125 0.193656 0.005832 0.007018
11 0.041734 0.193656 0.005832 0.007018
11 0.047566 0.193656 0.005832 0.007018
11 0.042345 0.105495 0.002239 0.002632
11 0.034930 0.231376 0.007776 0.068423
11 0.034930 0.131373 0.007776 0.096494
11 0.034930 0.193656 0.007776 0.007018
11 0.073811 0.231376 0.007776 0.068423
11 0.073811 0.131373 0.007776 0.096494
11 0.073811 0.193656 0.007776 0.007018
11 0.081587 0.231376 0.007776 0.068423
11 0.081587 0.131373 0.007776 0.096494
11 0.081587 0.193656 0.007776 0.007018
11 0.090336 0.231376 0.009720 0.068423
11 0.090336 0.131373 0.009720 0.096494
11 0.090336 0.153304 0.005832 0.043861
11 0.090336 0.109443 0.005832 0.043861
11 0.100056 0.231376 0.009720 0.068423
11 0.100056 0.131373 0.009720 0.096494
11 0.100056 0.153304 0.005832 0.043861
11 0.100056 0.109443 0.005832 0.043861
11 0.109776 0.231376 0.009720 0.068423
11 0.109776 0.131373 0.009720 0.096494
11 0.109776 0.153304 0.005832 0.043861
11 0.109776 0.109443 0.005832 0.043861
11 0.065063 0.231376 0.009720 0.068423
11 0.065063 0.131373 0.009720 0.096494
11 0.065063 0.153304 0.005832 0.043861
11 0.065063 0.109443 0.005832 0.043861
11 0.055342 0.231376 0.009720 0.068423
11 0.055342 0.131373 0.009720 0.096494
11 0.055342 0.153304 0.005832 0.043861
11 0.055342 0.109443 0.005832 0.043861
11 0.674055 0.447942 0.005657 0.093600
11 0.660855 0.447942 0.005657 0.093600
11 0.654726 0.447942 0.005657 0.093600
11 0.679713 0.544945 0.005657 0.066371
11 0.674055 0.544945 0.005657 0.066371
11 0.660855 0.544945 0.005657 0.066371
11 0.654726 0.544945 0.005657 0.066371
11 0.649069 0.544945 0.005657 0.066371
11 0.679713 0.447942 0.005657 0.093600
11 0.649069 0.508356 0.005657 0.006807
11 0.654726 0.508356 0.005657 0.006807
11 0.660855 0.508356 0.005657 0.006807
11 0.674055 0.508356 0.005657 0.006807
11 0.679713 0.508356 0.005657 0.006807
11 0.674648 0.422840 0.002172 0.002553
11 0.667455 0.544945 0.007543 0.066371
11 0.667455 0.447942 0.007543 0.093600
11 0.667455 0.508356 0.007543 0.006807
11 0.706113 0.544945 0.009429 0.066371
11 0.706113 0.447942 0.009429 0.093600
11 0.706113 0.469214 0.005657 0.042545
11 0.706113 0.426669 0.005657 0.042545
11 0.696684 0.544945 0.009429 0.066371
11 0.696684 0.447942 0.009429 0.093600
11 0.696684 0.469214 0.005657 0.042545
11 0.696684 0.426669 0.005657 0.042545
11 0.696684 0.443687 0.005657 0.008509
11 0.696684 0.435178 0.005657 0.008509
11 0.696684 0.426669 0.005657 0.008509
11 0.696684 0.418160 0.005657 0.008509
11 0.696684 0.409651 0.005657 0.008509
11 0.687256 0.544945 0.009429 0.066371
11 0.687256 0.447942 0.009429 0.093600
11 0.687256 0.481978 0.005657 0.017018
11 0.687256 0.447942 0.005657 0.017018
11 0.687256 0.430923 0.005657 0.017018
11 0.687256 0.413905 0.005657 0.017018
11 0.687256 0.464960 0.005657 0.017018
11 0.753257 0.544945 0.009429 0.066371
11 0.753257 0.447942 0.009429 0.093600
11 0.753257 0.481978 0.005657 0.017018
11 0.753257 0.447942 0.005657 0.017018
11 0.753257 0.430923 0.005657 0.017018
11 0.753257 0.413905 0.005657 0.017018
11 0.753257 0.464960 0.005657 0.017018
11 0.743828 0.544945 0.009429 0.066371
11 0.743828 0.447942 0.009429 0.093600
11 0.743828 0.481978 0.005657 0.017018
11 0.743828 0.447942 0.005657 0.017018
11 0.743828 0.430923 0.005657 0.017018
11 0.743828 0.413905 0.005657 0.017018
11 0.743828 0.464960 0.005657 0.017018
11 0.715542 0.544945 0.009429 0.066371
11 0.715542 0.447942 0.009429 0.093600
11 0.715542 0.481978 0.005657 0.017018
11 0.715542 0.447942 0.005657 0.017018
11 0.715542 0.430923 0.005657 0.017018
11 0.715542 0.413905 0.005657 0.017018
11 0.715542 0.464960 0.005657 0.017018
11 0.734399 0.544945 0.009429 0.066371
11 0.734399 0.447942 0.009429 0.093600
11 0.734399 0.486232 0.005657 0.008509
11 0.734399 0.477723 0.005657 0.008509
11 0.734399 0.469214 0.005657 0.008509
11 0.734399 0.460705 0.005657 0.008509
11 0.734399 0.426669 0.005657 0.008509
11 0.734399 0.447942 0.005657 0.017018
11 0.734399 0.435178 0.005657 0.008509
11 0.734399 0.443687 0.005657 0.008509
11 0.734399 0.452196 0.005657 0.008509
11 0.734399 0.413905 0.005657 0.017018
11 0.724971 0.544945 0.009429 0.066371
11 0.724971 0.447942 0.009429 0.093600
11 0.724971 0.413905 0.005657 0.017018
11 0.724971 0.486232 0.005657 0.008509
11 0.724971 0.477723 0.005657 0.008509
11 0.724971 0.469214 0.005657 0.008509
11 0.724971 0.460705 0.005657 0.008509
11 0.724971 0.452196 0.005657 0.008509
11 0.724971 0.443687 0.005657 0.008509
11 0.724971 0.430923 0.005657 0.017018
11 0.674055 0.154233 0.005657 0.093600
11 0.660855 0.154233 0.005657 0.093600
11 0.654726 0.154233 0.005657 0.093600
11 0.679713 0.251236 0.005657 0.066371
11 0.674055 0.251236 0.005657 0.066371
11 0.660855 0.251236 0.005657 0.066371
11 0.654726 0.251236 0.005657 0.066371
11 0.649069 0.251236 0.005657 0.066371
11 0.679713 0.154233 0.005657 0.093600
11 0.649069 0.214647 0.005657 0.006807
11 0.654726 0.214647 0.005657 0.006807
11 0.660855 0.214647 0.005657 0.006807
11 0.674055 0.214647 0.005657 0.006807
11 0.679713 0.214647 0.005657 0.006807
11 0.674648 0.129131 0.002172 0.002553
11 0.667455 0.251236 0.007543 0.066371
11 0.667455 0.154233 0.007543 0.093600
11 0.667455 0.214647 0.007543 0.006807
11 0.706113 0.251236 0.009429 0.066371
11 0.706113 0.154233 0.009429 0.093600
11 0.706113 0.175505 0.005657 0.042545
11 0.706113 0.132960 0.005657 0.042545
11 0.696684 0.251236 0.009429 0.066371
11 0.696684 0.154233 0.009429 0.093600
11 0.696684 0.175505 0.005657 0.042545
11 0.696684 0.132960 0.005657 0.042545
11 0.696684 0.149978 0.005657 0.008509
11 0.696684 0.141469 0.005657 0.008509
11 0.696684 0.132960 0.005657 0.008509
11 0.696684 0.124451 0.005657 0.008509
11 0.696684 0.115942 0.005657 0.008509
11 0.687256 0.251236 0.009429 0.066371
11 0.687256 0.154233 0.009429 0.093600
11 0.687256 0.188269 0.005657 0.017018
11 0.687256 0.154233 0.005657 0.017018
11 0.687256 0.137215 0.005657 0.017018
11 0.687256 0.120197 0.005657 0.017018
11 0.687256 0.171251 0.005657 0.017018
11 0.753257 0.251236 0.009429 0.066371
11 0.753257 0.154233 0.009429 0.093600
11 0.753257 0.188269 0.005657 0.017018
11 0.753257 0.154233 0.005657 0.017018
11 0.753257 0.137215 0.005657 0.017018
11 0.753257 0.120197 0.005657 0.017018
11 0.753257 0.171251 0.005657 0.017018
11 0.743828 0.251236 0.009429 0.066371
11 0.743828 0.154233 0.009429 0.093600
11 0.743828 0.188269 0.005657 0.017018
11 0.743828 0.154233 0.005657 0.017018
11 0.743828 0.137215 0.005657 0.017018
11 0.743828 0.120197 0.005657 0.017018
11 0.743828 0.171251 0.005657 0.017018
11 0.715542 0.251236 0.009429 0.066371
11 0.715542 0.154233 0.009429 0.093600
11 0.715542 0.188269 0.005657 0.017018
11 0.715542 0.154233 0.005657 0.017018
11 0.715542 0.137215 0.005657 0.017018
11 0.715542 0.120197 0.005657 0.017018
11 0.715542 0.171251 0.005657 0.017018
11 0.734399 0.251236 0.009429 0.066371
11 0.734399 0.154233 0.009429 0.093600
11 0.734399 0.192524 0.005657 0.008509
11 0.734399 0.184015 0.005657 0.008509
11 0.734399 0.175505 0.005657 0.008509
11 0.734399 0.166996 0.005657 0.008509
11 0.734399 0.132960 0.005657 0.008509
11 0.734399 0.154233 0.005657 0.017018
11 0.734399 0.141469 0.005657 0.008509
11 0.734399 0.149978 0.005657 0.008509
11 0.734399 0.158487 0.005657 0.008509
11 0.734399 0.120197 0.005657 0.017018
11 0.724971 0.251236 0.009429 0.066371
11 0.724971 0.154233 0.009429 0.093600
11 0.724971 0.120197 0.005657 0.017018
11 0.724971 0.192524 0.005657 0.008509
11 0.724971 0.184015 0.005657 0.008509
11 0.724971 0.175505 0.005657 0.008509
11 0.724971 0.166996 0.005657 0.008509
11 0.724971 0.158487 0.005657 0.008509
11 0.724971 0.149978 0.005657 0.008509
11 0.724971 0.137215 0.005657 0.017018
11 0.965697 0.571112 0.003306 0.003225
11 0.923944 0.472838 0.001021 0.008290
11 0.924965 0.472838 0.001021 0.008290
11 0.925986 0.472838 0.001021 0.008290
11 0.937627 0.508634 0.004083 0.004605
11 0.937627 0.504029 0.004083 0.004605
11 0.932620 0.508634 0.004083 0.004605
11 0.932620 0.504029 0.004083 0.004605
11 0.417278 0.349363 0.036937 0.041668
11 0.417278 0.063797 0.036937 0.041668
11 0.542625 0.349363 0.036937 0.041668
11 0.542625 0.063797 0.036937 0.041668
11 0.093961 0.340706 0.036937 0.041668
11 0.093961 0.054623 0.036937 0.041668
11 0.219874 0.054623 0.036937 0.041668
11 0.219874 0.340706 0.036937 0.041668
11 0.724715 0.373494 0.035829 0.040418
11 0.724715 0.079785 0.035829 0.040418
11 0.852524 0.366836 0.036937 0.041668
11 0.852524 0.073456 0.036937 0.041668
11 0.034314 0.970215 0.003450 0.010234
11 0.067773 0.974952 0.002562 0.011089
11 0.217766 0.950192 0.003645 0.015351
11 0.214311 0.950192 0.003266 0.015352
11 0.211054 0.950192 0.003247 0.015351
11 0.212687 0.913460 0.006513 0.040566
11 0.214291 0.839276 0.003305 0.054388
11 0.211268 0.839276 0.002741 0.054388
11 0.217766 0.913460 0.003645 0.040566
11 0.217766 0.839276 0.003645 0.054388
11 0.235351 0.950192 0.003645 0.015351
11 0.231895 0.950192 0.003266 0.015352
11 0.228639 0.950192 0.003247 0.015351
11 0.230272 0.913460 0.006513 0.040566
11 0.231876 0.839276 0.003305 0.054388
11 0.228853 0.839276 0.002741 0.054388
11 0.235351 0.913460 0.003645 0.040566
11 0.235351 0.839276 0.003645 0.054388
11 0.252936 0.950192 0.003645 0.015351
11 0.249480 0.950192 0.003266 0.015352
11 0.246224 0.950192 0.003247 0.015351
11 0.247857 0.913460 0.006513 0.040566
11 0.249461 0.839276 0.003305 0.054388
11 0.246438 0.839276 0.002741 0.054388
11 0.252936 0.913460 0.003645 0.040566
11 0.252935 0.839276 0.003645 0.054388
11 0.209867 0.131373 0.005832 0.096494
11 0.223476 0.131373 0.005832 0.096494
11 0.229794 0.131373 0.005832 0.096494
11 0.204035 0.231377 0.005832 0.068423
11 0.209867 0.231377 0.005832 0.068423
11 0.223476 0.231377 0.005832 0.068423
11 0.229794 0.231377 0.005832 0.068423
11 0.235626 0.231377 0.005832 0.068423
11 0.204035 0.131373 0.005832 0.096494
11 0.235626 0.193656 0.005832 0.007018
11 0.229794 0.193656 0.005832 0.007018
11 0.223476 0.193656 0.005832 0.007018
11 0.209867 0.193656 0.005832 0.007018
11 0.204035 0.193656 0.005832 0.007018
11 0.209256 0.105495 0.002239 0.002632
11 0.216671 0.231377 0.007776 0.068423
11 0.216671 0.131373 0.007776 0.096494
11 0.216671 0.193656 0.007776 0.007018
11 0.177790 0.231377 0.007776 0.068423
11 0.177790 0.131373 0.007776 0.096494
11 0.177790 0.193656 0.007776 0.007018
11 0.170014 0.231377 0.007776 0.068423
11 0.170014 0.131373 0.007776 0.096494
11 0.170014 0.193656 0.007776 0.007018
11 0.196259 0.231377 0.009720 0.068423
11 0.196259 0.131373 0.009720 0.096494
11 0.196259 0.153304 0.005832 0.043861
11 0.196259 0.109443 0.005832 0.043861
11 0.186538 0.231377 0.009720 0.068423
11 0.186538 0.131373 0.009720 0.096494
11 0.186538 0.153304 0.005832 0.043861
11 0.186538 0.109443 0.005832 0.043861
11 0.161265 0.231377 0.009720 0.068423
11 0.161265 0.131373 0.009720 0.096494
11 0.161265 0.153304 0.005832 0.043861
11 0.161265 0.109443 0.005832 0.043861
11 0.151545 0.231377 0.009720 0.068423
11 0.151545 0.131373 0.009720 0.096494
11 0.151545 0.153304 0.005832 0.043861
11 0.151545 0.109443 0.005832 0.043861
11 0.141825 0.231377 0.009720 0.068423
11 0.141825 0.131373 0.009720 0.096494
11 0.141825 0.153304 0.005832 0.043861
11 0.141825 0.109443 0.005832 0.043861
11 0.533266 0.142463 0.005832 0.096494
11 0.546874 0.142463 0.005832 0.096494
11 0.553192 0.142463 0.005832 0.096494
11 0.527433 0.242467 0.005832 0.068423
11 0.533266 0.242467 0.005832 0.068423
11 0.546874 0.242467 0.005832 0.068423
11 0.553192 0.242467 0.005832 0.068423
11 0.559025 0.242467 0.005832 0.068423
11 0.527433 0.142463 0.005832 0.096494
11 0.559025 0.204746 0.005832 0.007018
11 0.553192 0.204746 0.005832 0.007018
11 0.546874 0.204746 0.005832 0.007018
11 0.533266 0.204746 0.005832 0.007018
11 0.527433 0.204746 0.005832 0.007018
11 0.532655 0.116585 0.002239 0.002632
11 0.540070 0.242467 0.007776 0.068423
11 0.540070 0.142463 0.007776 0.096494
11 0.540070 0.204746 0.007776 0.007018
11 0.501189 0.242467 0.007776 0.068423
11 0.501189 0.142463 0.007776 0.096494
11 0.501189 0.204746 0.007776 0.007018
11 0.493412 0.242467 0.007776 0.068423
11 0.493412 0.142463 0.007776 0.096494
11 0.493412 0.204746 0.007776 0.007018
11 0.484664 0.242467 0.009720 0.068423
11 0.484664 0.142463 0.009720 0.096494
11 0.484664 0.164394 0.005832 0.043861
11 0.484664 0.120533 0.005832 0.043861
11 0.474944 0.242467 0.009720 0.068423
11 0.474944 0.142463 0.009720 0.096494
11 0.474944 0.164394 0.005832 0.043861
11 0.474944 0.120533 0.005832 0.043861
11 0.465223 0.242467 0.009720 0.068423
11 0.465223 0.142463 0.009720 0.096494
11 0.465223 0.164394 0.005832 0.043861
11 0.465223 0.120533 0.005832 0.043861
11 0.841755 0.447177 0.005832 0.096494
11 0.855363 0.447177 0.005832 0.096494
11 0.861681 0.447177 0.005832 0.096494
11 0.835923 0.547180 0.005832 0.068423
11 0.841755 0.547180 0.005832 0.068423
11 0.855363 0.547180 0.005832 0.068423
11 0.861681 0.547180 0.005832 0.068423
11 0.867514 0.547180 0.005832 0.068423
11 0.835923 0.447177 0.005832 0.096494
11 0.867514 0.509460 0.005832 0.007018
11 0.861681 0.509460 0.005832 0.007018
11 0.855363 0.509460 0.005832 0.007018
11 0.841755 0.509460 0.005832 0.007018
11 0.835923 0.509460 0.005832 0.007018
11 0.841144 0.421299 0.002239 0.002632
11 0.848559 0.547180 0.007776 0.068423
11 0.848559 0.447177 0.007776 0.096494
11 0.848559 0.509460 0.007776 0.007018
11 0.820370 0.547180 0.009720 0.068423
11 0.820370 0.447177 0.009720 0.096494
11 0.820370 0.469108 0.005832 0.043861
11 0.820370 0.425247 0.005832 0.043861
11 0.810650 0.547180 0.009720 0.068423
11 0.810650 0.447177 0.009720 0.096494
11 0.810650 0.469108 0.005832 0.043861
11 0.810650 0.425247 0.005832 0.043861
11 0.829118 0.547180 0.007776 0.068423
11 0.829118 0.447177 0.007776 0.096494
11 0.829118 0.509460 0.007776 0.007018
11 0.800929 0.547180 0.009720 0.068423
11 0.800929 0.447177 0.009720 0.096494
11 0.800929 0.482266 0.005832 0.017544
11 0.800929 0.447177 0.005832 0.017544
11 0.800929 0.429633 0.005832 0.017544
11 0.800929 0.412088 0.005832 0.017544
11 0.791209 0.547180 0.009720 0.068423
11 0.791209 0.447177 0.009720 0.096494
11 0.791209 0.482266 0.005832 0.017544
11 0.791209 0.447177 0.005832 0.017544
11 0.791209 0.429633 0.005832 0.017544
11 0.791209 0.412088 0.005832 0.017544
11 0.800929 0.464722 0.005832 0.017544
11 0.791209 0.464722 0.005832 0.017544
11 0.841769 0.153729 0.005832 0.096494
11 0.855377 0.153729 0.005832 0.096494
11 0.861695 0.153729 0.005832 0.096494
11 0.835936 0.253732 0.005832 0.068423
11 0.841769 0.253732 0.005832 0.068423
11 0.855377 0.253732 0.005832 0.068423
11 0.861695 0.253732 0.005832 0.068423
11 0.867528 0.253732 0.005832 0.068423
11 0.835936 0.153729 0.005832 0.096494
11 0.867528 0.216012 0.005832 0.007018
11 0.861695 0.216012 0.005832 0.007018
11 0.855377 0.216012 0.005832 0.007018
11 0.841769 0.216012 0.005832 0.007018
11 0.835936 0.216012 0.005832 0.007018
11 0.841158 0.127851 0.002239 0.002632
11 0.848573 0.253732 0.007776 0.068423
11 0.848573 0.153729 0.007776 0.096494
11 0.848573 0.216012 0.007776 0.007018
11 0.820384 0.253732 0.009720 0.068423
11 0.820384 0.153729 0.009720 0.096494
11 0.820384 0.175660 0.005832 0.043861
11 0.820384 0.131799 0.005832 0.043861
11 0.810664 0.253732 0.009720 0.068423
11 0.810664 0.153729 0.009720 0.096494
11 0.810664 0.175660 0.005832 0.043861
11 0.810664 0.131799 0.005832 0.043861
11 0.829132 0.253732 0.007776 0.068423
11 0.829132 0.153729 0.007776 0.096494
11 0.829132 0.216012 0.007776 0.007018
11 0.800943 0.253732 0.009720 0.068423
11 0.800943 0.153729 0.009720 0.096494
11 0.800943 0.188818 0.005832 0.017544
11 0.800943 0.153729 0.005832 0.017544
11 0.800943 0.136185 0.005832 0.017544
11 0.800943 0.118640 0.005832 0.017544
11 0.791223 0.253732 0.009720 0.068423
11 0.791223 0.153729 0.009720 0.096494
11 0.791223 0.188818 0.005832 0.017544
11 0.791223 0.153729 0.005832 0.017544
11 0.791223 0.136185 0.005832 0.017544
11 0.791223 0.118640 0.005832 0.017544
11 0.800943 0.171274 0.005832 0.017544
11 0.791223 0.171274 0.005832 0.017544
11 0.039887 0.865684 0.003450 0.010234
11 0.362995 0.427181 0.005832 0.096494
11 0.349386 0.427181 0.005832 0.096494
11 0.343068 0.427181 0.005832 0.096494
11 0.368827 0.527185 0.005832 0.068423
11 0.362995 0.527185 0.005832 0.068423
11 0.349386 0.527185 0.005832 0.068423
11 0.343068 0.527185 0.005832 0.068423
11 0.337236 0.527185 0.005832 0.068423
11 0.368827 0.427181 0.005832 0.096494
11 0.337236 0.489464 0.005832 0.007018
11 0.343068 0.489464 0.005832 0.007018
11 0.349386 0.489464 0.005832 0.007018
11 0.362995 0.489464 0.005832 0.007018
11 0.368827 0.489464 0.005832 0.007018
11 0.363606 0.401303 0.002239 0.002632
11 0.356190 0.527185 0.007776 0.068423
11 0.356190 0.427181 0.007776 0.096494
11 0.356190 0.489464 0.007776 0.007018
11 0.375631 0.527185 0.007776 0.068423
11 0.375631 0.427181 0.007776 0.096494
11 0.375631 0.489464 0.007776 0.007018
11 0.383407 0.527185 0.007776 0.068423
11 0.383407 0.427181 0.007776 0.096494
11 0.383407 0.489464 0.007776 0.007018
11 0.392156 0.527185 0.009720 0.068423
11 0.392156 0.427181 0.009720 0.096494
11 0.392156 0.449112 0.005832 0.043861
11 0.392156 0.405251 0.005832 0.043861
11 0.401876 0.527185 0.009720 0.068423
11 0.401876 0.427181 0.009720 0.096494
11 0.401876 0.449112 0.005832 0.043861
11 0.401876 0.405251 0.005832 0.043861
11 0.411596 0.527185 0.009720 0.068423
11 0.411596 0.427181 0.009720 0.096494
11 0.411596 0.449112 0.005832 0.043861
11 0.411596 0.405251 0.005832 0.043861
11 0.421317 0.527185 0.009720 0.068423
11 0.421317 0.427181 0.009720 0.096494
11 0.421317 0.449112 0.005832 0.043861
11 0.421317 0.405251 0.005832 0.043861
11 0.431037 0.527185 0.009720 0.068423
11 0.431037 0.427181 0.009720 0.096494
11 0.431037 0.449112 0.005832 0.043861
11 0.431037 0.405251 0.005832 0.043861
11 0.537110 0.426960 0.005832 0.096494
11 0.550719 0.426960 0.005832 0.096494
11 0.557037 0.426960 0.005832 0.096494
11 0.531278 0.526963 0.005832 0.068423
11 0.537110 0.526963 0.005832 0.068423
11 0.550719 0.526963 0.005832 0.068423
11 0.557037 0.526963 0.005832 0.068423
11 0.562869 0.526963 0.005832 0.068423
11 0.531278 0.426960 0.005832 0.096494
11 0.562869 0.489243 0.005832 0.007018
11 0.557037 0.489243 0.005832 0.007018
11 0.550719 0.489243 0.005832 0.007018
11 0.537110 0.489243 0.005832 0.007018
11 0.531278 0.489243 0.005832 0.007018
11 0.536500 0.401082 0.002239 0.002632
11 0.543915 0.526963 0.007776 0.068423
11 0.543915 0.426960 0.007776 0.096494
11 0.543915 0.489243 0.007776 0.007018
11 0.524474 0.526963 0.007776 0.068423
11 0.524474 0.426960 0.007776 0.096494
11 0.524474 0.489243 0.007776 0.007018
11 0.516698 0.526963 0.007776 0.068423
11 0.516698 0.426960 0.007776 0.096494
11 0.516698 0.489243 0.007776 0.007018
11 0.507949 0.526963 0.009720 0.068423
11 0.507949 0.426960 0.009720 0.096494
11 0.507949 0.448891 0.005832 0.043861
11 0.507949 0.405029 0.005832 0.043861
11 0.498229 0.526963 0.009720 0.068423
11 0.498229 0.426960 0.009720 0.096494
11 0.498229 0.448891 0.005832 0.043861
11 0.498229 0.405029 0.005832 0.043861
11 0.488509 0.526963 0.009720 0.068423
11 0.488509 0.426960 0.009720 0.096494
11 0.488509 0.448891 0.005832 0.043861
11 0.488509 0.405029 0.005832 0.043861
11 0.478788 0.526963 0.009720 0.068423
11 0.478788 0.426960 0.009720 0.096494
11 0.478788 0.448891 0.005832 0.043861
11 0.478788 0.405029 0.005832 0.043861
11 0.469068 0.526963 0.009720 0.068423
11 0.469068 0.426960 0.009720 0.096494
11 0.469068 0.448891 0.005832 0.043861
11 0.469068 0.405029 0.005832 0.043861
11 0.413653 0.240551 0.009720 0.068423
11 0.413653 0.140548 0.009720 0.096494
11 0.413653 0.162478 0.005832 0.043861
11 0.413653 0.118617 0.005832 0.043861
11 0.423373 0.240551 0.009720 0.068423
11 0.423373 0.140548 0.009720 0.096494
11 0.423373 0.162478 0.005832 0.043861
11 0.423373 0.118617 0.005832 0.043861
11 0.433093 0.240551 0.009720 0.068423
11 0.433093 0.140548 0.009720 0.096494
11 0.433093 0.162478 0.005832 0.043861
11 0.433093 0.118617 0.005832 0.043861
11 0.388380 0.240551 0.009720 0.068423
11 0.388380 0.140548 0.009720 0.096494
11 0.388380 0.162478 0.005832 0.043861
11 0.388380 0.118617 0.005832 0.043861
11 0.378659 0.240551 0.009720 0.068423
11 0.378659 0.140548 0.009720 0.096494
11 0.378659 0.162478 0.005832 0.043861
11 0.378659 0.118617 0.005832 0.043861
11 0.397128 0.240551 0.007776 0.068423
11 0.397128 0.140548 0.007776 0.096494
11 0.397128 0.202830 0.007776 0.007018
11 0.404904 0.240551 0.007776 0.068423
11 0.404904 0.140548 0.007776 0.096494
11 0.404904 0.202830 0.007776 0.007018
11 0.519657 0.242467 0.009720 0.068423
11 0.519657 0.142463 0.009720 0.096494
11 0.519657 0.164394 0.005832 0.043861
11 0.519657 0.120533 0.005832 0.043861
11 0.509937 0.242467 0.009720 0.068423
11 0.509937 0.142463 0.009720 0.096494
11 0.509937 0.164394 0.005832 0.043861
11 0.509937 0.120533 0.005832 0.043861
11 0.041772 0.418468 0.005832 0.096494
11 0.028164 0.418468 0.005832 0.096494
11 0.021846 0.418468 0.005832 0.096494
11 0.047605 0.518471 0.005832 0.068423
11 0.041772 0.518471 0.005832 0.068423
11 0.028164 0.518471 0.005832 0.068423
11 0.021846 0.518471 0.005832 0.068423
11 0.016013 0.518471 0.005832 0.068423
11 0.047605 0.418468 0.005832 0.096494
11 0.016013 0.480751 0.005832 0.007018
11 0.021846 0.480751 0.005832 0.007018
11 0.028164 0.480751 0.005832 0.007018
11 0.041772 0.480751 0.005832 0.007018
11 0.047605 0.480751 0.005832 0.007018
11 0.042383 0.392590 0.002239 0.002632
11 0.034968 0.518471 0.007776 0.068423
11 0.034968 0.418468 0.007776 0.096494
11 0.034968 0.480751 0.007776 0.007018
11 0.054409 0.518471 0.007776 0.068423
11 0.054409 0.418468 0.007776 0.096494
11 0.054409 0.480751 0.007776 0.007018
11 0.062185 0.518471 0.007776 0.068423
11 0.062185 0.418468 0.007776 0.096494
11 0.062185 0.480751 0.007776 0.007018
11 0.070933 0.518471 0.009720 0.068423
11 0.070933 0.418468 0.009720 0.096494
11 0.070933 0.440399 0.005832 0.043861
11 0.070933 0.396537 0.005832 0.043861
11 0.080654 0.518471 0.009720 0.068423
11 0.080654 0.418468 0.009720 0.096494
11 0.080654 0.440399 0.005832 0.043861
11 0.080654 0.396537 0.005832 0.043861
11 0.090374 0.518471 0.009720 0.068423
11 0.090374 0.418468 0.009720 0.096494
11 0.090374 0.440399 0.005832 0.043861
11 0.090374 0.396537 0.005832 0.043861
11 0.100095 0.518471 0.009720 0.068423
11 0.100095 0.418468 0.009720 0.096494
11 0.100095 0.440399 0.005832 0.043861
11 0.100095 0.396537 0.005832 0.043861
11 0.109815 0.518471 0.009720 0.068423
11 0.109815 0.418468 0.009720 0.096494
11 0.109815 0.440399 0.005832 0.043861
11 0.109815 0.396537 0.005832 0.043861
11 0.214306 0.417827 0.005832 0.096494
11 0.227914 0.417827 0.005832 0.096494
11 0.234233 0.417827 0.005832 0.096494
11 0.208474 0.517830 0.005832 0.068423
11 0.214306 0.517830 0.005832 0.068423
11 0.227914 0.517830 0.005832 0.068423
11 0.234233 0.517830 0.005832 0.068423
11 0.240065 0.517830 0.005832 0.068423
11 0.208474 0.417827 0.005832 0.096494
11 0.240065 0.480110 0.005832 0.007018
11 0.234233 0.480110 0.005832 0.007018
11 0.227914 0.480110 0.005832 0.007018
11 0.214306 0.480110 0.005832 0.007018
11 0.208474 0.480110 0.005832 0.007018
11 0.213695 0.391949 0.002239 0.002632
11 0.221110 0.517830 0.007776 0.068423
11 0.221110 0.417827 0.007776 0.096494
11 0.221110 0.480110 0.007776 0.007018
11 0.201669 0.517830 0.007776 0.068423
11 0.201669 0.417827 0.007776 0.096494
11 0.201669 0.480110 0.007776 0.007018
11 0.193893 0.517830 0.007776 0.068423
11 0.193893 0.417827 0.007776 0.096494
11 0.193893 0.480110 0.007776 0.007018
11 0.185145 0.517830 0.009720 0.068423
11 0.185145 0.417827 0.009720 0.096494
11 0.185145 0.439758 0.005832 0.043861
11 0.185145 0.395897 0.005832 0.043861
11 0.175424 0.517830 0.009720 0.068423
11 0.175424 0.417827 0.009720 0.096494
11 0.175424 0.439758 0.005832 0.043861
11 0.175424 0.395897 0.005832 0.043861
11 0.165704 0.517830 0.009720 0.068423
11 0.165704 0.417827 0.009720 0.096494
11 0.165704 0.439758 0.005832 0.043861
11 0.165704 0.395897 0.005832 0.043861
11 0.155984 0.517830 0.009720 0.068423
11 0.155984 0.417827 0.009720 0.096494
11 0.155984 0.439758 0.005832 0.043861
11 0.155984 0.395897 0.005832 0.043861
11 0.146263 0.517830 0.009720 0.068423
11 0.146263 0.417827 0.009720 0.096494
11 0.146263 0.439758 0.005832 0.043861
11 0.146263 0.395897 0.005832 0.043861
11 0.076890 0.775597 0.007776 0.008220
11 0.276400 0.772866 0.007776 0.008220
11 0.995138 0.417080 0.007776 0.008220
11 0.898999 0.369318 0.007776 0.010457
11 0.898999 0.075938 0.007776 0.010457
11 0.761573 0.075938 0.007776 0.010457
11 0.761573 0.369318 0.007776 0.010457
11 0.572680 0.351845 0.007776 0.010457
11 0.572680 0.066279 0.007776 0.010457
11 0.447333 0.066279 0.007776 0.010457
11 0.447333 0.351845 0.007776 0.010457
11 0.249929 0.343188 0.007776 0.010457
11 0.249929 0.057105 0.007776 0.010457
11 0.124016 0.057105 0.007776 0.010457
11 0.124016 0.343188 0.007776 0.010457
11 0.542625 0.349363 0.036937 0.041668
11 0.542625 0.063797 0.036937 0.041668
11 0.093961 0.340706 0.036937 0.041668
11 0.093961 0.054623 0.036937 0.041668
11 0.219874 0.054623 0.036937 0.041668
11 0.219874 0.340706 0.036937 0.041668
11 0.417278 0.349363 0.036937 0.041668
11 0.417278 0.063797 0.036937 0.041668
11 0.852524 0.366836 0.036937 0.041668
11 0.852524 0.073456 0.036937 0.041668
11 0.724715 0.079785 0.035829 0.040418
11 0.724715 0.373494 0.035829 0.040418
11 0.820384 0.153729 0.009720 0.096494
11 0.810664 0.153729 0.009720 0.096494
11 0.100095 0.418468 0.009720 0.096494
11 0.433093 0.140548 0.009720 0.096494
11 0.090374 0.418468 0.009720 0.096494
11 0.165704 0.417827 0.009720 0.096494
11 0.401876 0.427181 0.009720 0.096494
11 0.411596 0.427181 0.009720 0.096494
11 0.421317 0.427181 0.009720 0.096494
11 0.378659 0.140548 0.009720 0.096494
11 0.090336 0.131373 0.009720 0.096494
11 0.109776 0.131373 0.009720 0.096494
11 0.065063 0.131373 0.009720 0.096494
11 0.055342 0.131373 0.009720 0.096494
11 0.186538 0.131373 0.009720 0.096494
11 0.151545 0.131373 0.009720 0.096494
11 0.141825 0.131373 0.009720 0.096494
11 0.484664 0.142463 0.009720 0.096494
11 0.474944 0.142463 0.009720 0.096494
11 0.465223 0.142463 0.009720 0.096494
11 0.820370 0.447177 0.009720 0.096494
11 0.810650 0.447177 0.009720 0.096494
11 0.800929 0.447177 0.009720 0.096494
11 0.791209 0.447177 0.009720 0.096494
11 0.800943 0.153729 0.009720 0.096494
11 0.392156 0.427181 0.009720 0.096494
11 0.431037 0.427181 0.009720 0.096494
11 0.507949 0.426960 0.009720 0.096494
11 0.498229 0.426960 0.009720 0.096494
11 0.488509 0.426960 0.009720 0.096494
11 0.478788 0.426960 0.009720 0.096494
11 0.469068 0.426960 0.009720 0.096494
11 0.413653 0.140548 0.009720 0.096494
11 0.388380 0.140548 0.009720 0.096494
11 0.519657 0.142463 0.009720 0.096494
11 0.070933 0.418468 0.009720 0.096494
11 0.080654 0.418468 0.009720 0.096494
11 0.109815 0.418468 0.009720 0.096494
11 0.155984 0.417827 0.009720 0.096494
11 0.146263 0.417827 0.009720 0.096494
11 0.423373 0.140548 0.009720 0.096494
11 0.196259 0.131373 0.009720 0.096494
11 0.161265 0.131373 0.009720 0.096494
11 0.509937 0.142463 0.009720 0.096494
11 0.185145 0.417827 0.009720 0.096494
11 0.175424 0.417827 0.009720 0.096494
11 0.100056 0.131373 0.009720 0.096494
11 0.791223 0.153729 0.009720 0.096494
11 0.743828 0.154233 0.009429 0.093600
11 0.696684 0.447942 0.009429 0.093600
11 0.687256 0.447942 0.009429 0.093600
11 0.743828 0.447942 0.009429 0.093600
11 0.715542 0.447942 0.009429 0.093600
11 0.687256 0.154233 0.009429 0.093600
11 0.706113 0.447942 0.009429 0.093600
11 0.724971 0.447942 0.009429 0.093600
11 0.696684 0.154233 0.009429 0.093600
11 0.753257 0.154233 0.009429 0.093600
11 0.715542 0.154233 0.009429 0.093600
11 0.734399 0.154233 0.009429 0.093600
11 0.724971 0.154233 0.009429 0.093600
11 0.753257 0.447942 0.009429 0.093600
11 0.734399 0.447942 0.009429 0.093600
11 0.706113 0.154233 0.009429 0.093600
11 0.062185 0.418468 0.007776 0.096494
11 0.358247 0.140548 0.007776 0.096494
11 0.034930 0.131373 0.007776 0.096494
11 0.073811 0.131373 0.007776 0.096494
11 0.081587 0.131373 0.007776 0.096494
11 0.216671 0.131373 0.007776 0.096494
11 0.177790 0.131373 0.007776 0.096494
11 0.170014 0.131373 0.007776 0.096494
11 0.540070 0.142463 0.007776 0.096494
11 0.501189 0.142463 0.007776 0.096494
11 0.493412 0.142463 0.007776 0.096494
11 0.848559 0.447177 0.007776 0.096494
11 0.829118 0.447177 0.007776 0.096494
11 0.848573 0.153729 0.007776 0.096494
11 0.829132 0.153729 0.007776 0.096494
11 0.356190 0.427181 0.007776 0.096494
11 0.375631 0.427181 0.007776 0.096494
11 0.383407 0.427181 0.007776 0.096494
11 0.524474 0.426960 0.007776 0.096494
11 0.516698 0.426960 0.007776 0.096494
11 0.397128 0.140548 0.007776 0.096494
11 0.404904 0.140548 0.007776 0.096494
11 0.034968 0.418468 0.007776 0.096494
11 0.054409 0.418468 0.007776 0.096494
11 0.221110 0.417827 0.007776 0.096494
11 0.201669 0.417827 0.007776 0.096494
11 0.193893 0.417827 0.007776 0.096494
11 0.543915 0.426960 0.007776 0.096494
11 0.667455 0.154233 0.007543 0.093600
11 0.667455 0.447942 0.007543 0.093600
11 0.800943 0.253732 0.009720 0.068423
11 0.810650 0.547180 0.009720 0.068423
11 0.080654 0.518471 0.009720 0.068423
11 0.186538 0.231377 0.009720 0.068423
11 0.151545 0.231377 0.009720 0.068423
11 0.498229 0.526963 0.009720 0.068423
11 0.478788 0.526963 0.009720 0.068423
11 0.519657 0.242467 0.009720 0.068423
11 0.100095 0.518471 0.009720 0.068423
11 0.165704 0.517830 0.009720 0.068423
11 0.146263 0.517830 0.009720 0.068423
11 0.392156 0.527185 0.009720 0.068423
11 0.411596 0.527185 0.009720 0.068423
11 0.431037 0.527185 0.009720 0.068423
11 0.413653 0.240551 0.009720 0.068423
11 0.388380 0.240551 0.009720 0.068423
11 0.090336 0.231376 0.009720 0.068423
11 0.100056 0.231376 0.009720 0.068423
11 0.109776 0.231376 0.009720 0.068423
11 0.065063 0.231376 0.009720 0.068423
11 0.055342 0.231376 0.009720 0.068423
11 0.196259 0.231377 0.009720 0.068423
11 0.161265 0.231377 0.009720 0.068423
11 0.484664 0.242467 0.009720 0.068423
11 0.474944 0.242467 0.009720 0.068423
11 0.465223 0.242467 0.009720 0.068423
11 0.800929 0.547180 0.009720 0.068423
11 0.791209 0.547180 0.009720 0.068423
11 0.810664 0.253732 0.009720 0.068423
11 0.791223 0.253732 0.009720 0.068423
11 0.401876 0.527185 0.009720 0.068423
11 0.421317 0.527185 0.009720 0.068423
11 0.488509 0.526963 0.009720 0.068423
11 0.423373 0.240551 0.009720 0.068423
11 0.433093 0.240551 0.009720 0.068423
11 0.509937 0.242467 0.009720 0.068423
11 0.070933 0.518471 0.009720 0.068423
11 0.109815 0.518471 0.009720 0.068423
11 0.185145 0.517830 0.009720 0.068423
11 0.175424 0.517830 0.009720 0.068423
11 0.155984 0.517830 0.009720 0.068423
11 0.378659 0.240551 0.009720 0.068423
11 0.141825 0.231377 0.009720 0.068423
11 0.507949 0.526963 0.009720 0.068423
11 0.469068 0.526963 0.009720 0.068423
11 0.090374 0.518471 0.009720 0.068423
11 0.820370 0.547180 0.009720 0.068423
11 0.820384 0.253732 0.009720 0.068423
11 0.743828 0.544945 0.009429 0.066371
11 0.715542 0.544945 0.009429 0.066371
11 0.706113 0.251236 0.009429 0.066371
11 0.687256 0.251236 0.009429 0.066371
11 0.724971 0.251236 0.009429 0.066371
11 0.696684 0.544945 0.009429 0.066371
11 0.687256 0.544945 0.009429 0.066371
11 0.753257 0.544945 0.009429 0.066371
11 0.734399 0.544945 0.009429 0.066371
11 0.724971 0.544945 0.009429 0.066371
11 0.753257 0.251236 0.009429 0.066371
11 0.743828 0.251236 0.009429 0.066371
11 0.706113 0.544945 0.009429 0.066371
11 0.696684 0.251236 0.009429 0.066371
11 0.715542 0.251236 0.009429 0.066371
11 0.734399 0.251236 0.009429 0.066371
11 0.835923 0.447177 0.005832 0.096494
11 0.841769 0.153729 0.005832 0.096494
11 0.855377 0.153729 0.005832 0.096494
11 0.021807 0.131373 0.005832 0.096494
11 0.047566 0.131373 0.005832 0.096494
11 0.223476 0.131373 0.005832 0.096494
11 0.550719 0.426960 0.005832 0.096494
11 0.370883 0.140548 0.005832 0.096494
11 0.349386 0.427181 0.005832 0.096494
11 0.365051 0.140548 0.005832 0.096494
11 0.345124 0.140548 0.005832 0.096494
11 0.209867 0.131373 0.005832 0.096494
11 0.229794 0.131373 0.005832 0.096494
11 0.204035 0.131373 0.005832 0.096494
11 0.533266 0.142463 0.005832 0.096494
11 0.546874 0.142463 0.005832 0.096494
11 0.527433 0.142463 0.005832 0.096494
11 0.841755 0.447177 0.005832 0.096494
11 0.855363 0.447177 0.005832 0.096494
11 0.861681 0.447177 0.005832 0.096494
11 0.861695 0.153729 0.005832 0.096494
11 0.835936 0.153729 0.005832 0.096494
11 0.362995 0.427181 0.005832 0.096494
11 0.343068 0.427181 0.005832 0.096494
11 0.368827 0.427181 0.005832 0.096494
11 0.537110 0.426960 0.005832 0.096494
11 0.557037 0.426960 0.005832 0.096494
11 0.531278 0.426960 0.005832 0.096494
11 0.041772 0.418468 0.005832 0.096494
11 0.028164 0.418468 0.005832 0.096494
11 0.021846 0.418468 0.005832 0.096494
11 0.047605 0.418468 0.005832 0.096494
11 0.214306 0.417827 0.005832 0.096494
11 0.227914 0.417827 0.005832 0.096494
11 0.234233 0.417827 0.005832 0.096494
11 0.351442 0.140548 0.005832 0.096494
11 0.208474 0.417827 0.005832 0.096494
11 0.041734 0.131373 0.005832 0.096494
11 0.028125 0.131373 0.005832 0.096494
11 0.553192 0.142463 0.005832 0.096494
11 0.829118 0.547180 0.007776 0.068423
11 0.829132 0.253732 0.007776 0.068423
11 0.081587 0.231376 0.007776 0.068423
11 0.540070 0.242467 0.007776 0.068423
11 0.216671 0.231377 0.007776 0.068423
11 0.170014 0.231377 0.007776 0.068423
11 0.493412 0.242467 0.007776 0.068423
11 0.516698 0.526963 0.007776 0.068423
11 0.358247 0.240551 0.007776 0.068423
11 0.397128 0.240551 0.007776 0.068423
11 0.356190 0.527185 0.007776 0.068423
11 0.375631 0.527185 0.007776 0.068423
11 0.383407 0.527185 0.007776 0.068423
11 0.034930 0.231376 0.007776 0.068423
11 0.073811 0.231376 0.007776 0.068423
11 0.501189 0.242467 0.007776 0.068423
11 0.848573 0.253732 0.007776 0.068423
11 0.543915 0.526963 0.007776 0.068423
11 0.404904 0.240551 0.007776 0.068423
11 0.034968 0.518471 0.007776 0.068423
11 0.062185 0.518471 0.007776 0.068423
11 0.221110 0.517830 0.007776 0.068423
11 0.201669 0.517830 0.007776 0.068423
11 0.193893 0.517830 0.007776 0.068423
11 0.177790 0.231377 0.007776 0.068423
11 0.524474 0.526963 0.007776 0.068423
11 0.054409 0.518471 0.007776 0.068423
11 0.848559 0.547180 0.007776 0.068423
11 0.674055 0.447942 0.005657 0.093600
11 0.660855 0.447942 0.005657 0.093600
11 0.654726 0.447942 0.005657 0.093600
11 0.679713 0.447942 0.005657 0.093600
11 0.674055 0.154233 0.005657 0.093600
11 0.660855 0.154233 0.005657 0.093600
11 0.654726 0.154233 0.005657 0.093600
11 0.679713 0.154233 0.005657 0.093600
11 0.667455 0.544945 0.007543 0.066371
11 0.667455 0.251236 0.007543 0.066371
11 0.015975 0.231376 0.005832 0.068423
11 0.841755 0.547180 0.005832 0.068423
11 0.041772 0.518471 0.005832 0.068423
11 0.531278 0.526963 0.005832 0.068423
11 0.562869 0.526963 0.005832 0.068423
11 0.229794 0.231377 0.005832 0.068423
11 0.214306 0.517830 0.005832 0.068423
11 0.339292 0.240551 0.005832 0.068423
11 0.337236 0.527185 0.005832 0.068423
11 0.370883 0.240551 0.005832 0.068423
11 0.365051 0.240551 0.005832 0.068423
11 0.047566 0.231376 0.005832 0.068423
11 0.041734 0.231376 0.005832 0.068423
11 0.028125 0.231376 0.005832 0.068423
11 0.021807 0.231376 0.005832 0.068423
11 0.204035 0.231377 0.005832 0.068423
11 0.209867 0.231377 0.005832 0.068423
11 0.223476 0.231377 0.005832 0.068423
11 0.235626 0.231377 0.005832 0.068423
11 0.527433 0.242467 0.005832 0.068423
11 0.546874 0.242467 0.005832 0.068423
11 0.553192 0.242467 0.005832 0.068423
11 0.559025 0.242467 0.005832 0.068423
11 0.855363 0.547180 0.005832 0.068423
11 0.861681 0.547180 0.005832 0.068423
11 0.867514 0.547180 0.005832 0.068423
11 0.835936 0.253732 0.005832 0.068423
11 0.841769 0.253732 0.005832 0.068423
11 0.855377 0.253732 0.005832 0.068423
11 0.861695 0.253732 0.005832 0.068423
11 0.867528 0.253732 0.005832 0.068423
11 0.368827 0.527185 0.005832 0.068423
11 0.349386 0.527185 0.005832 0.068423
11 0.537110 0.526963 0.005832 0.068423
11 0.550719 0.526963 0.005832 0.068423
11 0.557037 0.526963 0.005832 0.068423
11 0.047605 0.518471 0.005832 0.068423
11 0.028164 0.518471 0.005832 0.068423
11 0.021846 0.518471 0.005832 0.068423
11 0.016013 0.518471 0.005832 0.068423
11 0.208474 0.517830 0.005832 0.068423
11 0.227914 0.517830 0.005832 0.068423
11 0.234233 0.517830 0.005832 0.068423
11 0.240065 0.517830 0.005832 0.068423
11 0.343068 0.527185 0.005832 0.068423
11 0.345124 0.240551 0.005832 0.068423
11 0.351442 0.240551 0.005832 0.068423
11 0.362995 0.527185 0.005832 0.068423
11 0.533266 0.242467 0.005832 0.068423
11 0.835923 0.547180 0.005832 0.068423
11 0.674055 0.251236 0.005657 0.066371
11 0.649069 0.251236 0.005657 0.066371
11 0.679713 0.544945 0.005657 0.066371
11 0.674055 0.544945 0.005657 0.066371
11 0.660855 0.544945 0.005657 0.066371
11 0.649069 0.544945 0.005657 0.066371
11 0.660855 0.251236 0.005657 0.066371
11 0.654726 0.251236 0.005657 0.066371
11 0.654726 0.544945 0.005657 0.066371
11 0.679713 0.251236 0.005657 0.066371
11 0.212687 0.913460 0.006513 0.040566
11 0.247857 0.913460 0.006513 0.040566
11 0.230272 0.913460 0.006513 0.040566
11 0.235351 0.913460 0.003645 0.040566
11 0.217766 0.913460 0.003645 0.040566
11 0.252936 0.913460 0.003645 0.040566
11 0.217766 0.950192 0.003645 0.015351
11 0.235351 0.950192 0.003645 0.015351
11 0.252936 0.950192 0.003645 0.015351
11 0.214311 0.950192 0.003266 0.015352
11 0.231895 0.950192 0.003266 0.015352
11 0.249480 0.950192 0.003266 0.015352
11 0.211054 0.950192 0.003247 0.015351
11 0.228639 0.950192 0.003247 0.015351
11 0.246224 0.950192 0.003247 0.015351
11 0.034314 0.970215 0.003450 0.010234
11 0.039887 0.865684 0.003450 0.010234
11 0.067773 0.974952 0.002562 0.011089
