0 0.191946 0.170671 0.018182 0.006651
0 0.210127 0.170671 0.018182 0.006651
0 0.020430 0.166363 0.018182 0.006651
0 0.038611 0.166363 0.018182 0.006651
0 0.056793 0.166363 0.018182 0.006651
0 0.376454 0.170671 0.018182 0.006651
0 0.358272 0.170671 0.018182 0.006651
0 0.582596 0.155408 0.018818 0.008378
0 0.747229 0.155408 0.018818 0.008378
0 0.912386 0.155408 0.018818 0.008378
0 0.456372 0.869415 0.018182 0.006651
0 0.474554 0.869415 0.018182 0.006651
0 0.506147 0.869415 0.018182 0.006651
0 0.524328 0.869415 0.018182 0.006651
0 0.454940 0.857151 0.006080 0.006236
0 0.504715 0.857151 0.006080 0.006236
0 0.542510 0.869415 0.018182 0.006651
0 0.560692 0.869415 0.018182 0.006651
0 0.456372 0.594935 0.018182 0.006651
0 0.474554 0.594935 0.018182 0.006651
0 0.506147 0.594935 0.018182 0.006651
0 0.524328 0.594935 0.018182 0.006651
0 0.454940 0.582671 0.006080 0.006236
0 0.504715 0.582671 0.006080 0.006236
0 0.542510 0.594935 0.018182 0.006651
0 0.560692 0.594935 0.018182 0.006651
0 0.033244 0.597832 0.018182 0.006651
0 0.096283 0.597832 0.018182 0.006651
0 0.078101 0.597832 0.018182 0.006651
0 0.033283 0.872449 0.018182 0.006651
0 0.096322 0.872449 0.018182 0.006651
0 0.078140 0.872449 0.018182 0.006651
0 0.031851 0.860186 0.006080 0.006236
0 0.076708 0.860186 0.006080 0.006236
0 0.031812 0.585568 0.006080 0.006236
0 0.076669 0.585568 0.006080 0.006236
0 0.051464 0.872449 0.018182 0.006651
0 0.114503 0.872449 0.018182 0.006651
0 0.132685 0.872449 0.018182 0.006651
0 0.051425 0.597832 0.018182 0.006651
0 0.114464 0.597832 0.018182 0.006651
0 0.132646 0.597832 0.018182 0.006651
0 0.346558 0.868847 0.018182 0.006651
0 0.288076 0.868847 0.018182 0.006651
0 0.306257 0.868847 0.018182 0.006651
0 0.307689 0.856584 0.006080 0.006236
0 0.347990 0.856584 0.006080 0.006236
0 0.328377 0.868847 0.018182 0.006651
0 0.269894 0.868847 0.018182 0.006651
0 0.251712 0.868847 0.018182 0.006651
0 0.351148 0.596735 0.018182 0.006651
0 0.292665 0.596735 0.018182 0.006651
0 0.310847 0.596735 0.018182 0.006651
0 0.352580 0.584472 0.006080 0.006236
0 0.312279 0.584472 0.006080 0.006236
0 0.274484 0.596735 0.018182 0.006651
0 0.256302 0.596735 0.018182 0.006651
0 0.332966 0.596735 0.018182 0.006651
0 0.766918 0.872175 0.018182 0.006651
0 0.748736 0.872175 0.018182 0.006651
0 0.768350 0.859911 0.006080 0.006236
0 0.730555 0.872175 0.018182 0.006651
0 0.712373 0.872175 0.018182 0.006651
0 0.817468 0.872175 0.018182 0.006651
0 0.799286 0.872175 0.018182 0.006651
0 0.818900 0.859911 0.006080 0.006236
0 0.793832 0.908757 0.003681 0.003326
0 0.767035 0.599593 0.018182 0.006651
0 0.748853 0.599593 0.018182 0.006651
0 0.768467 0.587329 0.006080 0.006236
0 0.730671 0.599593 0.018182 0.006651
0 0.712490 0.599593 0.018182 0.006651
0 0.817585 0.599593 0.018182 0.006651
0 0.799403 0.599593 0.018182 0.006651
0 0.819017 0.587329 0.006080 0.006236
0 0.793949 0.636175 0.003681 0.003326
0 0.119681 0.166363 0.018182 0.006651
0 0.101500 0.166363 0.018182 0.006651
0 0.083318 0.166363 0.018182 0.006651
0 0.258655 0.170671 0.018182 0.006651
0 0.240473 0.170671 0.018182 0.006651
0 0.404036 0.170671 0.018182 0.006651
0 0.422218 0.170671 0.018182 0.006651
0 0.662579 0.005828 0.011618 0.003326
0 0.827212 0.005828 0.011618 0.003326
0 0.992369 0.005828 0.011618 0.003326
0 0.580636 0.711238 0.011618 0.003326
0 0.580636 0.436758 0.011618 0.003326
0 0.837989 0.711238 0.011618 0.003326
0 0.837989 0.436758 0.011618 0.003326
0 0.154186 0.710840 0.011618 0.003326
0 0.154186 0.436222 0.011618 0.003326
0 0.370866 0.436222 0.011618 0.003326
0 0.370866 0.710840 0.011618 0.003326
0 0.316998 0.005828 0.011618 0.003326
0 0.483325 0.005828 0.011618 0.003326
0 0.145284 0.005828 0.011618 0.003326
2 0.213972 0.069907 0.003636 0.002494
2 0.045338 0.065599 0.003636 0.002494
2 0.027157 0.065599 0.003636 0.002494
2 0.063520 0.065599 0.003636 0.002494
2 0.383181 0.069907 0.003636 0.002494
2 0.365000 0.069907 0.003636 0.002494
2 0.195790 0.069907 0.003636 0.002494
2 0.463645 0.774796 0.003636 0.002494
2 0.481281 0.774796 0.003636 0.002494
2 0.513419 0.774796 0.003636 0.002494
2 0.531601 0.774796 0.003636 0.002494
2 0.481281 0.770720 0.003636 0.002494
2 0.549237 0.774796 0.003636 0.002494
2 0.549237 0.770720 0.003636 0.002494
2 0.567419 0.770720 0.003636 0.002494
2 0.463645 0.500316 0.003636 0.002494
2 0.481281 0.500316 0.003636 0.002494
2 0.513419 0.500316 0.003636 0.002494
2 0.531601 0.500316 0.003636 0.002494
2 0.481281 0.496240 0.003636 0.002494
2 0.549237 0.500316 0.003636 0.002494
2 0.549237 0.496240 0.003636 0.002494
2 0.567419 0.496240 0.003636 0.002494
2 0.040516 0.503213 0.003636 0.002494
2 0.103555 0.503213 0.003636 0.002494
2 0.085374 0.503213 0.003636 0.002494
2 0.040555 0.777830 0.003636 0.002494
2 0.103594 0.777830 0.003636 0.002494
2 0.085413 0.777830 0.003636 0.002494
2 0.058191 0.773754 0.003636 0.002494
2 0.121230 0.773754 0.003636 0.002494
2 0.139412 0.773754 0.003636 0.002494
2 0.121192 0.499137 0.003636 0.002494
2 0.139373 0.499137 0.003636 0.002494
2 0.058153 0.499137 0.003636 0.002494
2 0.339286 0.774228 0.003636 0.002494
2 0.280803 0.774228 0.003636 0.002494
2 0.298985 0.774228 0.003636 0.002494
2 0.263167 0.770152 0.003636 0.002494
2 0.244985 0.770152 0.003636 0.002494
2 0.343875 0.502116 0.003636 0.002494
2 0.285393 0.502116 0.003636 0.002494
2 0.303574 0.502116 0.003636 0.002494
2 0.267756 0.498040 0.003636 0.002494
2 0.249575 0.498040 0.003636 0.002494
2 0.759645 0.777556 0.003636 0.002494
2 0.741464 0.777556 0.003636 0.002494
2 0.723828 0.777556 0.003636 0.002494
2 0.723828 0.773480 0.003636 0.002494
2 0.705646 0.773480 0.003636 0.002494
2 0.810195 0.777556 0.003636 0.002494
2 0.792559 0.777556 0.003636 0.002494
2 0.792559 0.773480 0.003636 0.002494
2 0.759762 0.504974 0.003636 0.002494
2 0.741580 0.504974 0.003636 0.002494
2 0.723944 0.504974 0.003636 0.002494
2 0.723944 0.500898 0.003636 0.002494
2 0.705763 0.500898 0.003636 0.002494
2 0.810312 0.504974 0.003636 0.002494
2 0.792676 0.504974 0.003636 0.002494
2 0.792676 0.500898 0.003636 0.002494
2 0.094773 0.065599 0.003636 0.002494
2 0.112954 0.065599 0.003636 0.002494
2 0.076591 0.065599 0.003636 0.002494
2 0.251927 0.069907 0.003636 0.002494
2 0.236628 0.069907 0.003636 0.002494
2 0.397309 0.069907 0.003636 0.002494
2 0.415490 0.069907 0.003636 0.002494
4 0.582596 0.155408 0.018818 0.008378
4 0.747229 0.155408 0.018818 0.008378
4 0.912386 0.155408 0.018818 0.008378
11 0.191946 0.206422 0.018182 0.064851
11 0.191946 0.111640 0.018182 0.091456
11 0.191946 0.132426 0.010909 0.041571
11 0.191946 0.090855 0.010909 0.041571
11 0.210127 0.206422 0.018182 0.064851
11 0.210127 0.111640 0.018182 0.091456
11 0.210127 0.074226 0.010909 0.008314
11 0.210127 0.128269 0.010909 0.016628
11 0.210127 0.111640 0.010909 0.016628
11 0.210127 0.095012 0.010909 0.016628
11 0.210127 0.082540 0.010909 0.008314
11 0.210127 0.090855 0.010909 0.008314
11 0.210127 0.099169 0.010909 0.008314
11 0.210127 0.115797 0.010909 0.008314
11 0.210127 0.107483 0.010909 0.008314
11 0.020430 0.202114 0.018182 0.064851
11 0.020430 0.107332 0.018182 0.091456
11 0.020430 0.128118 0.010909 0.041571
11 0.020430 0.086547 0.010909 0.041571
11 0.038611 0.202114 0.018182 0.064851
11 0.038611 0.107332 0.018182 0.091456
11 0.038611 0.140589 0.010909 0.016628
11 0.038611 0.107332 0.010909 0.016628
11 0.038611 0.090704 0.010909 0.016628
11 0.038611 0.074075 0.010909 0.016628
11 0.056793 0.202114 0.018182 0.064851
11 0.056793 0.107332 0.018182 0.091456
11 0.056793 0.140589 0.010909 0.016628
11 0.056793 0.107332 0.010909 0.016628
11 0.056793 0.090704 0.010909 0.016628
11 0.056793 0.074075 0.010909 0.016628
11 0.038611 0.123961 0.010909 0.016628
11 0.056793 0.123961 0.010909 0.016628
11 0.376454 0.206422 0.018182 0.064851
11 0.376454 0.111640 0.018182 0.091456
11 0.376454 0.074226 0.010909 0.008314
11 0.376454 0.144897 0.010909 0.016628
11 0.376454 0.128269 0.010909 0.016628
11 0.376454 0.111640 0.010909 0.016628
11 0.376454 0.095012 0.010909 0.016628
11 0.376454 0.082540 0.010909 0.008314
11 0.376454 0.090855 0.010909 0.008314
11 0.376454 0.099169 0.010909 0.008314
11 0.376454 0.115797 0.010909 0.008314
11 0.376454 0.107483 0.010909 0.008314
11 0.358272 0.206422 0.018182 0.064851
11 0.358272 0.111640 0.018182 0.091456
11 0.358272 0.074226 0.010909 0.008314
11 0.358272 0.144897 0.010909 0.016628
11 0.358272 0.128269 0.010909 0.016628
11 0.358272 0.111640 0.010909 0.016628
11 0.358272 0.095012 0.010909 0.016628
11 0.358272 0.082540 0.010909 0.008314
11 0.358272 0.090855 0.010909 0.008314
11 0.358272 0.099169 0.010909 0.008314
11 0.358272 0.115797 0.010909 0.008314
11 0.358272 0.107483 0.010909 0.008314
11 0.191946 0.107483 0.010909 0.008314
11 0.191946 0.099169 0.010909 0.008314
11 0.191946 0.090855 0.010909 0.008314
11 0.191946 0.074226 0.010909 0.008314
11 0.191946 0.082540 0.010909 0.008314
11 0.535103 0.737640 0.069090 0.039493
11 0.535103 0.463161 0.069090 0.039493
11 0.792456 0.737640 0.069090 0.039493
11 0.792456 0.463161 0.069090 0.039493
11 0.108653 0.737242 0.069090 0.039493
11 0.108653 0.462625 0.069090 0.039493
11 0.325333 0.462625 0.069090 0.039493
11 0.325333 0.737242 0.069090 0.039493
11 0.385490 0.037152 0.069090 0.039493
11 0.219163 0.037152 0.069090 0.039493
11 0.045719 0.032843 0.069090 0.039493
11 0.456372 0.905166 0.018182 0.064851
11 0.456372 0.810384 0.018182 0.091456
11 0.456372 0.831169 0.010909 0.041571
11 0.456372 0.789598 0.010909 0.041571
11 0.474554 0.905166 0.018182 0.064851
11 0.474554 0.810384 0.018182 0.091456
11 0.474554 0.772970 0.010909 0.008314
11 0.474554 0.781284 0.010909 0.008314
11 0.506147 0.905166 0.018182 0.064851
11 0.506147 0.810384 0.018182 0.091456
11 0.506147 0.831169 0.010909 0.041571
11 0.506147 0.789598 0.010909 0.041571
11 0.524328 0.905166 0.018182 0.064851
11 0.524328 0.810384 0.018182 0.091456
11 0.524328 0.831169 0.010909 0.041571
11 0.524328 0.789598 0.010909 0.041571
11 0.474554 0.789598 0.010909 0.008314
11 0.474554 0.797912 0.010909 0.008314
11 0.474554 0.806227 0.010909 0.008314
11 0.474554 0.814541 0.010909 0.008314
11 0.474554 0.822855 0.010909 0.008314
11 0.474554 0.831169 0.010909 0.008314
11 0.474554 0.839483 0.010909 0.008314
11 0.474554 0.847798 0.010909 0.008314
11 0.542510 0.905166 0.018182 0.064851
11 0.542510 0.810384 0.018182 0.091456
11 0.542510 0.772970 0.010909 0.008314
11 0.542510 0.781284 0.010909 0.008314
11 0.542510 0.789598 0.010909 0.008314
11 0.542510 0.797912 0.010909 0.008314
11 0.542510 0.806227 0.010909 0.008314
11 0.542510 0.814541 0.010909 0.008314
11 0.542510 0.822855 0.010909 0.008314
11 0.542510 0.831169 0.010909 0.008314
11 0.542510 0.839483 0.010909 0.008314
11 0.542510 0.847798 0.010909 0.008314
11 0.560692 0.905166 0.018182 0.064851
11 0.560692 0.810384 0.018182 0.091456
11 0.560692 0.822855 0.010909 0.008314
11 0.560692 0.831169 0.010909 0.008314
11 0.560692 0.839483 0.010909 0.008314
11 0.560692 0.847798 0.010909 0.008314
11 0.560692 0.810384 0.010909 0.016628
11 0.560692 0.793755 0.010909 0.016628
11 0.560692 0.777127 0.010909 0.016628
11 0.456372 0.630686 0.018182 0.064851
11 0.456372 0.535904 0.018182 0.091456
11 0.456372 0.556689 0.010909 0.041571
11 0.456372 0.515118 0.010909 0.041571
11 0.474554 0.630686 0.018182 0.064851
11 0.474554 0.535904 0.018182 0.091456
11 0.474554 0.498490 0.010909 0.008314
11 0.474554 0.506804 0.010909 0.008314
11 0.506147 0.630686 0.018182 0.064851
11 0.506147 0.535904 0.018182 0.091456
11 0.506147 0.556689 0.010909 0.041571
11 0.506147 0.515118 0.010909 0.041571
11 0.524328 0.630686 0.018182 0.064851
11 0.524328 0.535904 0.018182 0.091456
11 0.524328 0.556689 0.010909 0.041571
11 0.524328 0.515118 0.010909 0.041571
11 0.474554 0.515118 0.010909 0.008314
11 0.474554 0.523433 0.010909 0.008314
11 0.474554 0.531747 0.010909 0.008314
11 0.474554 0.540061 0.010909 0.008314
11 0.474554 0.548375 0.010909 0.008314
11 0.474554 0.556689 0.010909 0.008314
11 0.474554 0.565004 0.010909 0.008314
11 0.474554 0.573318 0.010909 0.008314
11 0.542510 0.630686 0.018182 0.064851
11 0.542510 0.535904 0.018182 0.091456
11 0.542510 0.498490 0.010909 0.008314
11 0.542510 0.506804 0.010909 0.008314
11 0.542510 0.515118 0.010909 0.008314
11 0.542510 0.523433 0.010909 0.008314
11 0.542510 0.531747 0.010909 0.008314
11 0.542510 0.540061 0.010909 0.008314
11 0.542510 0.548375 0.010909 0.008314
11 0.542510 0.556689 0.010909 0.008314
11 0.542510 0.565004 0.010909 0.008314
11 0.542510 0.573318 0.010909 0.008314
11 0.560692 0.630686 0.018182 0.064851
11 0.560692 0.535904 0.018182 0.091456
11 0.560692 0.548375 0.010909 0.008314
11 0.560692 0.556689 0.010909 0.008314
11 0.560692 0.565004 0.010909 0.008314
11 0.560692 0.573318 0.010909 0.008314
11 0.560692 0.535904 0.010909 0.016628
11 0.560692 0.519276 0.010909 0.016628
11 0.560692 0.502647 0.010909 0.016628
11 0.033244 0.633583 0.018182 0.064851
11 0.033244 0.538801 0.018182 0.091456
11 0.033244 0.559586 0.010909 0.041571
11 0.033244 0.518015 0.010909 0.041571
11 0.096283 0.633583 0.018182 0.064851
11 0.096283 0.538801 0.018182 0.091456
11 0.096283 0.559586 0.010909 0.041571
11 0.096283 0.518015 0.010909 0.041571
11 0.078101 0.633583 0.018182 0.064851
11 0.078101 0.538801 0.018182 0.091456
11 0.078101 0.559586 0.010909 0.041571
11 0.078101 0.518015 0.010909 0.041571
11 0.033283 0.908201 0.018182 0.064851
11 0.033283 0.813419 0.018182 0.091456
11 0.033283 0.834204 0.010909 0.041571
11 0.033283 0.792633 0.010909 0.041571
11 0.096322 0.908201 0.018182 0.064851
11 0.096322 0.813419 0.018182 0.091456
11 0.096322 0.834204 0.010909 0.041571
11 0.096322 0.792633 0.010909 0.041571
11 0.078140 0.908201 0.018182 0.064851
11 0.078140 0.813419 0.018182 0.091456
11 0.078140 0.834204 0.010909 0.041571
11 0.078140 0.792633 0.010909 0.041571
11 0.051464 0.908201 0.018182 0.064851
11 0.051464 0.813419 0.018182 0.091456
11 0.114503 0.908201 0.018182 0.064851
11 0.114503 0.813419 0.018182 0.091456
11 0.114503 0.825890 0.010909 0.008314
11 0.114503 0.834204 0.010909 0.008314
11 0.114503 0.846675 0.010909 0.016628
11 0.114503 0.813419 0.010909 0.016628
11 0.114503 0.796790 0.010909 0.016628
11 0.114503 0.780162 0.010909 0.016628
11 0.132685 0.908201 0.018182 0.064851
11 0.132685 0.813419 0.018182 0.091456
11 0.132685 0.825890 0.010909 0.008314
11 0.132685 0.834204 0.010909 0.008314
11 0.132685 0.842518 0.010909 0.008314
11 0.132685 0.850832 0.010909 0.008314
11 0.132685 0.813419 0.010909 0.016628
11 0.132685 0.796790 0.010909 0.016628
11 0.132685 0.780162 0.010909 0.016628
11 0.051425 0.633583 0.018182 0.064851
11 0.051425 0.538801 0.018182 0.091456
11 0.114464 0.633583 0.018182 0.064851
11 0.114464 0.538801 0.018182 0.091456
11 0.114464 0.551272 0.010909 0.008314
11 0.114464 0.559586 0.010909 0.008314
11 0.114464 0.538801 0.010909 0.016628
11 0.114464 0.522172 0.010909 0.016628
11 0.114464 0.505544 0.010909 0.016628
11 0.132646 0.633583 0.018182 0.064851
11 0.132646 0.538801 0.018182 0.091456
11 0.132646 0.551272 0.010909 0.008314
11 0.132646 0.559586 0.010909 0.008314
11 0.132646 0.567901 0.010909 0.008314
11 0.132646 0.576215 0.010909 0.008314
11 0.132646 0.538801 0.010909 0.016628
11 0.132646 0.522172 0.010909 0.016628
11 0.132646 0.505544 0.010909 0.016628
11 0.051464 0.813419 0.010909 0.016628
11 0.051464 0.796790 0.010909 0.016628
11 0.051464 0.780162 0.010909 0.016628
11 0.051464 0.830047 0.010909 0.016628
11 0.051464 0.846675 0.010909 0.016628
11 0.114464 0.572058 0.010909 0.016628
11 0.051425 0.538801 0.010909 0.016628
11 0.051425 0.522172 0.010909 0.016628
11 0.051425 0.505544 0.010909 0.016628
11 0.051425 0.555429 0.010909 0.016628
11 0.051425 0.572058 0.010909 0.016628
11 0.210127 0.149054 0.010909 0.008314
11 0.210127 0.140740 0.010909 0.008314
11 0.346558 0.904598 0.018182 0.064851
11 0.346558 0.809816 0.018182 0.091456
11 0.346558 0.830602 0.010909 0.041571
11 0.346558 0.789031 0.010909 0.041571
11 0.288076 0.904598 0.018182 0.064851
11 0.288076 0.809816 0.018182 0.091456
11 0.288076 0.830602 0.010909 0.041571
11 0.288076 0.789031 0.010909 0.041571
11 0.306257 0.904598 0.018182 0.064851
11 0.306257 0.809816 0.018182 0.091456
11 0.306257 0.830602 0.010909 0.041571
11 0.306257 0.789031 0.010909 0.041571
11 0.328377 0.904598 0.018182 0.064851
11 0.328377 0.809816 0.018182 0.091456
11 0.269894 0.904598 0.018182 0.064851
11 0.269894 0.809816 0.018182 0.091456
11 0.269894 0.822288 0.010909 0.008314
11 0.269894 0.830602 0.010909 0.008314
11 0.269894 0.809816 0.010909 0.016628
11 0.269894 0.793188 0.010909 0.016628
11 0.269894 0.776559 0.010909 0.016628
11 0.251712 0.904598 0.018182 0.064851
11 0.251712 0.809816 0.018182 0.091456
11 0.251712 0.822288 0.010909 0.008314
11 0.251712 0.830602 0.010909 0.008314
11 0.251712 0.838916 0.010909 0.008314
11 0.251712 0.847230 0.010909 0.008314
11 0.251712 0.809816 0.010909 0.016628
11 0.251712 0.793188 0.010909 0.016628
11 0.251712 0.776559 0.010909 0.016628
11 0.269894 0.843073 0.010909 0.016628
11 0.328377 0.809816 0.010909 0.016628
11 0.328377 0.793188 0.010909 0.016628
11 0.328377 0.776559 0.010909 0.016628
11 0.328377 0.826445 0.010909 0.016628
11 0.328377 0.843073 0.010909 0.016628
11 0.351148 0.632486 0.018182 0.064851
11 0.351148 0.537704 0.018182 0.091456
11 0.351148 0.558490 0.010909 0.041571
11 0.351148 0.516919 0.010909 0.041571
11 0.292665 0.632486 0.018182 0.064851
11 0.292665 0.537704 0.018182 0.091456
11 0.292665 0.558490 0.010909 0.041571
11 0.292665 0.516919 0.010909 0.041571
11 0.310847 0.632486 0.018182 0.064851
11 0.310847 0.537704 0.018182 0.091456
11 0.310847 0.558490 0.010909 0.041571
11 0.310847 0.516919 0.010909 0.041571
11 0.274484 0.632486 0.018182 0.064851
11 0.274484 0.537704 0.018182 0.091456
11 0.274484 0.550176 0.010909 0.008314
11 0.274484 0.558490 0.010909 0.008314
11 0.274484 0.537704 0.010909 0.016628
11 0.274484 0.521076 0.010909 0.016628
11 0.274484 0.504447 0.010909 0.016628
11 0.256302 0.632486 0.018182 0.064851
11 0.256302 0.537704 0.018182 0.091456
11 0.256302 0.550176 0.010909 0.008314
11 0.256302 0.558490 0.010909 0.008314
11 0.256302 0.566804 0.010909 0.008314
11 0.256302 0.575118 0.010909 0.008314
11 0.256302 0.537704 0.010909 0.016628
11 0.256302 0.521076 0.010909 0.016628
11 0.256302 0.504447 0.010909 0.016628
11 0.332966 0.632486 0.018182 0.064851
11 0.332966 0.537704 0.018182 0.091456
11 0.274484 0.570961 0.010909 0.016628
11 0.332966 0.537704 0.010909 0.016628
11 0.332966 0.521076 0.010909 0.016628
11 0.332966 0.504447 0.010909 0.016628
11 0.332966 0.554333 0.010909 0.016628
11 0.332966 0.570961 0.010909 0.016628
11 0.766918 0.907926 0.018182 0.064851
11 0.766918 0.813144 0.018182 0.091456
11 0.766918 0.833930 0.010909 0.041571
11 0.766918 0.792358 0.010909 0.041571
11 0.748736 0.907926 0.018182 0.064851
11 0.748736 0.813144 0.018182 0.091456
11 0.748736 0.833930 0.010909 0.041571
11 0.748736 0.792358 0.010909 0.041571
11 0.730555 0.907926 0.018182 0.064851
11 0.730555 0.813144 0.018182 0.091456
11 0.730555 0.775730 0.010909 0.008314
11 0.730555 0.784044 0.010909 0.008314
11 0.730555 0.792358 0.010909 0.008314
11 0.730555 0.800673 0.010909 0.008314
11 0.730555 0.808987 0.010909 0.008314
11 0.730555 0.817301 0.010909 0.008314
11 0.730555 0.825615 0.010909 0.008314
11 0.730555 0.833930 0.010909 0.008314
11 0.730555 0.842244 0.010909 0.008314
11 0.730555 0.850558 0.010909 0.008314
11 0.712373 0.907926 0.018182 0.064851
11 0.712373 0.813144 0.018182 0.091456
11 0.712373 0.825615 0.010909 0.008314
11 0.712373 0.833930 0.010909 0.008314
11 0.712373 0.842244 0.010909 0.008314
11 0.712373 0.850558 0.010909 0.008314
11 0.712373 0.813144 0.010909 0.016628
11 0.712373 0.796516 0.010909 0.016628
11 0.712373 0.779887 0.010909 0.016628
11 0.817468 0.907926 0.018182 0.064851
11 0.817468 0.813144 0.018182 0.091456
11 0.817468 0.833930 0.010909 0.041571
11 0.817468 0.792358 0.010909 0.041571
11 0.799286 0.907926 0.018182 0.064851
11 0.799286 0.813144 0.018182 0.091456
11 0.799286 0.775730 0.010909 0.008314
11 0.799286 0.800673 0.010909 0.008314
11 0.799286 0.808987 0.010909 0.008314
11 0.799286 0.817301 0.010909 0.008314
11 0.799286 0.825615 0.010909 0.008314
11 0.799286 0.833930 0.010909 0.008314
11 0.799286 0.842244 0.010909 0.008314
11 0.799286 0.850558 0.010909 0.008314
11 0.799281 0.788201 0.010909 0.016628
11 0.767035 0.635344 0.018182 0.064851
11 0.767035 0.540562 0.018182 0.091456
11 0.767035 0.561347 0.010909 0.041571
11 0.767035 0.519776 0.010909 0.041571
11 0.748853 0.635344 0.018182 0.064851
11 0.748853 0.540562 0.018182 0.091456
11 0.748853 0.561347 0.010909 0.041571
11 0.748853 0.519776 0.010909 0.041571
11 0.730671 0.635344 0.018182 0.064851
11 0.730671 0.540562 0.018182 0.091456
11 0.730671 0.503148 0.010909 0.008314
11 0.730671 0.511462 0.010909 0.008314
11 0.730671 0.519776 0.010909 0.008314
11 0.730671 0.528091 0.010909 0.008314
11 0.730671 0.536405 0.010909 0.008314
11 0.730671 0.544719 0.010909 0.008314
11 0.730671 0.553033 0.010909 0.008314
11 0.730671 0.561347 0.010909 0.008314
11 0.730671 0.569662 0.010909 0.008314
11 0.730671 0.577976 0.010909 0.008314
11 0.712490 0.635344 0.018182 0.064851
11 0.712490 0.540562 0.018182 0.091456
11 0.712490 0.553033 0.010909 0.008314
11 0.712490 0.561347 0.010909 0.008314
11 0.712490 0.569662 0.010909 0.008314
11 0.712490 0.577976 0.010909 0.008314
11 0.712490 0.540562 0.010909 0.016628
11 0.712490 0.523933 0.010909 0.016628
11 0.712490 0.507305 0.010909 0.016628
11 0.817585 0.635344 0.018182 0.064851
11 0.817585 0.540562 0.018182 0.091456
11 0.817585 0.561347 0.010909 0.041571
11 0.817585 0.519776 0.010909 0.041571
11 0.799403 0.635344 0.018182 0.064851
11 0.799403 0.540562 0.018182 0.091456
11 0.799403 0.503148 0.010909 0.008314
11 0.799403 0.528091 0.010909 0.008314
11 0.799403 0.536405 0.010909 0.008314
11 0.799403 0.544719 0.010909 0.008314
11 0.799403 0.553033 0.010909 0.008314
11 0.799403 0.561347 0.010909 0.008314
11 0.799403 0.569662 0.010909 0.008314
11 0.799403 0.577976 0.010909 0.008314
11 0.799398 0.515619 0.010909 0.016628
11 0.119681 0.202114 0.018182 0.064851
11 0.119681 0.107332 0.018182 0.091456
11 0.119681 0.128118 0.010909 0.041571
11 0.119681 0.086547 0.010909 0.041571
11 0.101500 0.202114 0.018182 0.064851
11 0.101500 0.107332 0.018182 0.091456
11 0.101500 0.140589 0.010909 0.016628
11 0.101500 0.107332 0.010909 0.016628
11 0.101500 0.090704 0.010909 0.016628
11 0.101500 0.074075 0.010909 0.016628
11 0.083318 0.202114 0.018182 0.064851
11 0.083318 0.107332 0.018182 0.091456
11 0.083318 0.140589 0.010909 0.016628
11 0.083318 0.107332 0.010909 0.016628
11 0.083318 0.090704 0.010909 0.016628
11 0.083318 0.074075 0.010909 0.016628
11 0.101500 0.123961 0.010909 0.016628
11 0.083318 0.123961 0.010909 0.016628
11 0.258655 0.206422 0.018182 0.064851
11 0.258655 0.111640 0.018182 0.091456
11 0.258655 0.132426 0.010909 0.041571
11 0.258655 0.090855 0.010909 0.041571
11 0.240473 0.206422 0.018182 0.064851
11 0.240473 0.111640 0.018182 0.091456
11 0.240473 0.074226 0.010909 0.008314
11 0.240473 0.128269 0.010909 0.016628
11 0.240473 0.111640 0.010909 0.016628
11 0.240473 0.095012 0.010909 0.016628
11 0.240473 0.082540 0.010909 0.008314
11 0.240473 0.090855 0.010909 0.008314
11 0.240473 0.099169 0.010909 0.008314
11 0.240473 0.115797 0.010909 0.008314
11 0.240473 0.107483 0.010909 0.008314
11 0.258655 0.107483 0.010909 0.008314
11 0.258655 0.099169 0.010909 0.008314
11 0.258655 0.090855 0.010909 0.008314
11 0.258655 0.074226 0.010909 0.008314
11 0.258655 0.082540 0.010909 0.008314
11 0.240473 0.149054 0.010909 0.008314
11 0.240473 0.140740 0.010909 0.008314
11 0.404036 0.206422 0.018182 0.064851
11 0.404036 0.111640 0.018182 0.091456
11 0.404036 0.074226 0.010909 0.008314
11 0.404036 0.144897 0.010909 0.016628
11 0.404036 0.128269 0.010909 0.016628
11 0.404036 0.111640 0.010909 0.016628
11 0.404036 0.095012 0.010909 0.016628
11 0.404036 0.082540 0.010909 0.008314
11 0.404036 0.090855 0.010909 0.008314
11 0.404036 0.099169 0.010909 0.008314
11 0.404036 0.115797 0.010909 0.008314
11 0.404036 0.107483 0.010909 0.008314
11 0.422218 0.206422 0.018182 0.064851
11 0.422218 0.111640 0.018182 0.091456
11 0.422218 0.074226 0.010909 0.008314
11 0.422218 0.144897 0.010909 0.016628
11 0.422218 0.128269 0.010909 0.016628
11 0.422218 0.111640 0.010909 0.016628
11 0.422218 0.095012 0.010909 0.016628
11 0.422218 0.082540 0.010909 0.008314
11 0.422218 0.090855 0.010909 0.008314
11 0.422218 0.099169 0.010909 0.008314
11 0.422218 0.115797 0.010909 0.008314
11 0.422218 0.107483 0.010909 0.008314
11 0.193789 0.071250 0.020917 0.022475
11 0.661115 0.034262 0.014545 0.007791
11 0.825748 0.034262 0.014545 0.007791
11 0.990906 0.034262 0.014545 0.007791
11 0.579172 0.739672 0.014545 0.007791
11 0.579172 0.465192 0.014545 0.007791
11 0.836525 0.739672 0.014545 0.007791
11 0.836525 0.465192 0.014545 0.007791
11 0.152723 0.739274 0.014545 0.007791
11 0.152723 0.464656 0.014545 0.007791
11 0.369402 0.464656 0.014545 0.007791
11 0.369402 0.739274 0.014545 0.007791
11 0.315534 0.034262 0.014545 0.007791
11 0.481861 0.034262 0.014545 0.007791
11 0.143820 0.034262 0.014545 0.007791
11 0.045719 0.032843 0.069090 0.039493
11 0.792456 0.463161 0.069090 0.039493
11 0.535103 0.737640 0.069090 0.039493
11 0.792456 0.737640 0.069090 0.039493
11 0.325333 0.462625 0.069090 0.039493
11 0.325333 0.737242 0.069090 0.039493
11 0.385490 0.037152 0.069090 0.039493
11 0.219163 0.037152 0.069090 0.039493
11 0.108653 0.737242 0.069090 0.039493
11 0.108653 0.462625 0.069090 0.039493
11 0.535103 0.463161 0.069090 0.039493
11 0.376454 0.111640 0.018182 0.091456
11 0.096322 0.813419 0.018182 0.091456
11 0.269894 0.809816 0.018182 0.091456
11 0.292665 0.537704 0.018182 0.091456
11 0.256302 0.537704 0.018182 0.091456
11 0.033244 0.538801 0.018182 0.091456
11 0.114464 0.538801 0.018182 0.091456
11 0.132646 0.538801 0.018182 0.091456
11 0.730671 0.540562 0.018182 0.091456
11 0.542510 0.535904 0.018182 0.091456
11 0.191946 0.111640 0.018182 0.091456
11 0.210127 0.111640 0.018182 0.091456
11 0.020430 0.107332 0.018182 0.091456
11 0.038611 0.107332 0.018182 0.091456
11 0.056793 0.107332 0.018182 0.091456
11 0.474554 0.810384 0.018182 0.091456
11 0.524328 0.810384 0.018182 0.091456
11 0.542510 0.810384 0.018182 0.091456
11 0.456372 0.535904 0.018182 0.091456
11 0.474554 0.535904 0.018182 0.091456
11 0.506147 0.535904 0.018182 0.091456
11 0.524328 0.535904 0.018182 0.091456
11 0.560692 0.535904 0.018182 0.091456
11 0.033283 0.813419 0.018182 0.091456
11 0.078140 0.813419 0.018182 0.091456
11 0.051464 0.813419 0.018182 0.091456
11 0.114503 0.813419 0.018182 0.091456
11 0.132685 0.813419 0.018182 0.091456
11 0.051425 0.538801 0.018182 0.091456
11 0.346558 0.809816 0.018182 0.091456
11 0.288076 0.809816 0.018182 0.091456
11 0.306257 0.809816 0.018182 0.091456
11 0.328377 0.809816 0.018182 0.091456
11 0.251712 0.809816 0.018182 0.091456
11 0.351148 0.537704 0.018182 0.091456
11 0.310847 0.537704 0.018182 0.091456
11 0.274484 0.537704 0.018182 0.091456
11 0.332966 0.537704 0.018182 0.091456
11 0.730555 0.813144 0.018182 0.091456
11 0.712373 0.813144 0.018182 0.091456
11 0.817468 0.813144 0.018182 0.091456
11 0.799286 0.813144 0.018182 0.091456
11 0.767035 0.540562 0.018182 0.091456
11 0.748853 0.540562 0.018182 0.091456
11 0.712490 0.540562 0.018182 0.091456
11 0.817585 0.540562 0.018182 0.091456
11 0.799403 0.540562 0.018182 0.091456
11 0.119681 0.107332 0.018182 0.091456
11 0.101500 0.107332 0.018182 0.091456
11 0.083318 0.107332 0.018182 0.091456
11 0.258655 0.111640 0.018182 0.091456
11 0.096283 0.538801 0.018182 0.091456
11 0.078101 0.538801 0.018182 0.091456
11 0.456372 0.810384 0.018182 0.091456
11 0.506147 0.810384 0.018182 0.091456
11 0.560692 0.810384 0.018182 0.091456
11 0.358272 0.111640 0.018182 0.091456
11 0.766918 0.813144 0.018182 0.091456
11 0.748736 0.813144 0.018182 0.091456
11 0.240473 0.111640 0.018182 0.091456
11 0.404036 0.111640 0.018182 0.091456
11 0.422218 0.111640 0.018182 0.091456
11 0.817468 0.907926 0.018182 0.064851
11 0.358272 0.206422 0.018182 0.064851
11 0.542510 0.905166 0.018182 0.064851
11 0.251712 0.904598 0.018182 0.064851
11 0.766918 0.907926 0.018182 0.064851
11 0.748736 0.907926 0.018182 0.064851
11 0.712373 0.907926 0.018182 0.064851
11 0.240473 0.206422 0.018182 0.064851
11 0.799403 0.635344 0.018182 0.064851
11 0.020430 0.202114 0.018182 0.064851
11 0.078101 0.633583 0.018182 0.064851
11 0.033283 0.908201 0.018182 0.064851
11 0.096322 0.908201 0.018182 0.064851
11 0.083318 0.202114 0.018182 0.064851
11 0.506147 0.630686 0.018182 0.064851
11 0.292665 0.632486 0.018182 0.064851
11 0.033244 0.633583 0.018182 0.064851
11 0.524328 0.630686 0.018182 0.064851
11 0.051425 0.633583 0.018182 0.064851
11 0.114464 0.633583 0.018182 0.064851
11 0.767035 0.635344 0.018182 0.064851
11 0.748853 0.635344 0.018182 0.064851
11 0.817585 0.635344 0.018182 0.064851
11 0.456372 0.630686 0.018182 0.064851
11 0.542510 0.630686 0.018182 0.064851
11 0.096283 0.633583 0.018182 0.064851
11 0.132646 0.633583 0.018182 0.064851
11 0.274484 0.632486 0.018182 0.064851
11 0.256302 0.632486 0.018182 0.064851
11 0.474554 0.630686 0.018182 0.064851
11 0.560692 0.630686 0.018182 0.064851
11 0.351148 0.632486 0.018182 0.064851
11 0.310847 0.632486 0.018182 0.064851
11 0.332966 0.632486 0.018182 0.064851
11 0.712490 0.635344 0.018182 0.064851
11 0.191946 0.206422 0.018182 0.064851
11 0.210127 0.206422 0.018182 0.064851
11 0.056793 0.202114 0.018182 0.064851
11 0.376454 0.206422 0.018182 0.064851
11 0.456372 0.905166 0.018182 0.064851
11 0.474554 0.905166 0.018182 0.064851
11 0.506147 0.905166 0.018182 0.064851
11 0.524328 0.905166 0.018182 0.064851
11 0.560692 0.905166 0.018182 0.064851
11 0.078140 0.908201 0.018182 0.064851
11 0.051464 0.908201 0.018182 0.064851
11 0.132685 0.908201 0.018182 0.064851
11 0.346558 0.904598 0.018182 0.064851
11 0.288076 0.904598 0.018182 0.064851
11 0.306257 0.904598 0.018182 0.064851
11 0.328377 0.904598 0.018182 0.064851
11 0.269894 0.904598 0.018182 0.064851
11 0.730671 0.635344 0.018182 0.064851
11 0.119681 0.202114 0.018182 0.064851
11 0.101500 0.202114 0.018182 0.064851
11 0.258655 0.206422 0.018182 0.064851
11 0.404036 0.206422 0.018182 0.064851
11 0.038611 0.202114 0.018182 0.064851
11 0.114503 0.908201 0.018182 0.064851
11 0.799286 0.907926 0.018182 0.064851
11 0.422218 0.206422 0.018182 0.064851
11 0.730555 0.907926 0.018182 0.064851
11 0.193789 0.071250 0.020917 0.022475
