0 0.164058 0.093003 0.051158 0.002477
0 0.146538 0.235440 0.022405 0.001548
0 0.172836 0.050922 0.055121 0.002477
0 0.153145 0.053166 0.008597 0.002013
0 0.150604 0.053023 0.002727 0.001726
0 0.150171 0.054776 0.002885 0.002153
0 0.168763 0.671616 0.002458 0.003337
0 0.169389 0.684389 0.001178 0.001548
0 0.175404 0.681629 0.001179 0.001393
0 0.175404 0.680101 0.001179 0.001393
0 0.175698 0.670992 0.001179 0.001393
0 0.175698 0.669464 0.001179 0.001393
0 0.179902 0.653302 0.001178 0.001548
0 0.154160 0.633733 0.008833 0.002013
0 0.182661 0.633888 0.008833 0.002013
0 0.153699 0.635049 0.009755 0.002322
0 0.183125 0.635049 0.009761 0.002322
0 0.168763 0.552972 0.002458 0.003337
0 0.186329 0.483540 0.039964 0.014219
0 0.186329 0.463378 0.039964 0.014219
0 0.163683 0.532105 0.002057 0.007248
0 0.169439 0.536973 0.009455 0.002489
0 0.164814 0.464840 0.002692 0.001629
0 0.202339 0.277488 0.023975 0.001935
0 0.200748 0.232847 0.027502 0.002709
0 0.196887 0.248004 0.003957 0.004126
0 0.202058 0.244375 0.003464 0.004002
0 0.137664 0.050922 0.007145 0.002477
0 0.207876 0.250859 0.001354 0.001161
0 0.657026 0.578395 0.001171 0.001036
0 0.657026 0.574472 0.001171 0.001036
0 0.138389 0.065172 0.001631 0.001054
0 0.189828 0.061675 0.001026 0.001422
0 0.191937 0.059673 0.001234 0.001245
0 0.212289 0.285461 0.001042 0.001021
0 0.658761 0.557476 0.001631 0.001054
0 0.658778 0.552989 0.001026 0.001422
0 0.206468 0.280289 0.005553 0.008562
1 0.168405 0.685553 0.003763 0.004946
1 0.168405 0.682585 0.003763 0.004946
1 0.173987 0.657675 0.002526 0.003321
1 0.181194 0.655852 0.002526 0.003321
1 0.183785 0.651645 0.002297 0.003019
1 0.182101 0.649865 0.002297 0.003019
1 0.170580 0.678529 0.002067 0.002717
1 0.154155 0.667989 0.002526 0.003321
1 0.162095 0.648233 0.001722 0.002264
1 0.162095 0.650497 0.001722 0.002264
1 0.147619 0.685822 0.001722 0.002264
1 0.147619 0.688087 0.001722 0.002264
1 0.152916 0.539952 0.002526 0.003321
1 0.182101 0.531221 0.002297 0.003019
1 0.183785 0.533001 0.002297 0.003019
1 0.183785 0.543896 0.002526 0.003321
1 0.170580 0.559885 0.002067 0.002717
1 0.170580 0.561209 0.001608 0.002113
2 0.168411 0.667620 0.041171 0.041920
2 0.157086 0.678499 0.018522 0.020161
2 0.168411 0.548976 0.041171 0.041920
2 0.168346 0.475075 0.004822 0.003794
2 0.168346 0.462826 0.004822 0.013811
2 0.208016 0.485765 0.004233 0.009305
2 0.198163 0.283023 0.001178 0.002322
2 0.198139 0.289262 0.001178 0.001858
2 0.191751 0.239156 0.001295 0.003096
2 0.191751 0.238389 0.001201 0.001440
2 0.191751 0.239907 0.001201 0.001471
2 0.190152 0.239156 0.001295 0.003096
2 0.190152 0.238389 0.001201 0.001440
2 0.190152 0.239907 0.001201 0.001471
2 0.191751 0.245627 0.001295 0.003096
2 0.191751 0.244861 0.001201 0.001440
2 0.191751 0.246378 0.001201 0.001471
2 0.190152 0.245627 0.001295 0.003096
2 0.190152 0.244861 0.001201 0.001440
2 0.190152 0.246378 0.001201 0.001471
2 0.196227 0.245627 0.001295 0.003096
2 0.196227 0.244861 0.001201 0.001440
2 0.196227 0.246378 0.001201 0.001471
2 0.194754 0.245627 0.001295 0.003096
2 0.194754 0.246378 0.001201 0.001471
2 0.194754 0.244861 0.001201 0.001440
2 0.189919 0.068562 0.001449 0.001749
3 0.189041 0.374117 0.006345 0.001703
3 0.150804 0.331975 0.006345 0.001703
3 0.158012 0.468062 0.012601 0.016735
3 0.211605 0.478596 0.001767 0.005960
3 0.211605 0.486489 0.001767 0.002787
3 0.202070 0.246119 0.003604 0.003610
3 0.196877 0.249841 0.003722 0.003895
4 0.208369 0.480588 0.003763 0.019658
11 0.170101 0.051271 0.002002 0.003175
11 0.165955 0.051271 0.002002 0.003175
11 0.161809 0.051506 0.002002 0.003646
11 0.150201 0.053166 0.002826 0.002013
11 0.188347 0.062502 0.001767 0.003715
11 0.188229 0.056030 0.001767 0.003715
11 0.181435 0.062656 0.001060 0.003715
11 0.179149 0.062656 0.001178 0.003715
11 0.181435 0.056185 0.001060 0.003715
11 0.179149 0.056185 0.001178 0.003715
11 0.174246 0.051271 0.002002 0.003175
11 0.172174 0.056030 0.001767 0.003715
11 0.172174 0.062502 0.001767 0.003715
11 0.152842 0.245085 0.001154 0.001749
11 0.154226 0.245085 0.001449 0.001749
11 0.153548 0.238045 0.001684 0.003661
11 0.159206 0.283394 0.012413 0.005852
11 0.156733 0.282299 0.002391 0.003661
11 0.159206 0.282299 0.002391 0.003661
11 0.161679 0.282299 0.002391 0.003661
11 0.169389 0.684389 0.001460 0.001920
11 0.179902 0.653302 0.001460 0.001920
11 0.152465 0.636210 0.005441 0.002013
11 0.151451 0.635049 0.007469 0.004644
11 0.184357 0.636210 0.005441 0.002013
11 0.183679 0.635049 0.010870 0.004644
11 0.157175 0.637062 0.003981 0.003715
11 0.179646 0.637062 0.003981 0.003715
11 0.154244 0.721110 0.014015 0.014707
11 0.170771 0.724703 0.002768 0.009379
11 0.157086 0.559856 0.018522 0.020161
11 0.168411 0.533349 0.012101 0.010666
11 0.181215 0.566506 0.015563 0.006860
11 0.168411 0.440414 0.013514 0.011344
11 0.155004 0.654815 0.014005 0.015845
11 0.172940 0.652109 0.021513 0.010899
11 0.150534 0.542081 0.005064 0.004025
11 0.156039 0.542081 0.005594 0.004025
11 0.155004 0.536171 0.014005 0.015845
11 0.186346 0.538896 0.004946 0.010396
11 0.180551 0.538896 0.006291 0.010396
11 0.181817 0.561898 0.014005 0.015613
11 0.181817 0.549228 0.014005 0.009262
11 0.177960 0.659471 0.006291 0.006533
11 0.185051 0.660264 0.007537 0.004946
11 0.151034 0.665714 0.006065 0.004946
11 0.158125 0.665714 0.007763 0.004946
11 0.178347 0.665714 0.007066 0.004946
11 0.185438 0.665714 0.006762 0.004946
11 0.181817 0.673069 0.014005 0.008759
11 0.168319 0.659417 0.003592 0.003251
11 0.172450 0.659417 0.004316 0.003251
11 0.148826 0.671968 0.002746 0.003754
11 0.168405 0.565952 0.001940 0.005211
11 0.157188 0.551730 0.001571 0.003970
11 0.651015 0.583538 0.003181 0.003944
11 0.204814 0.244504 0.001178 0.003638
11 0.165169 0.171960 0.001413 0.003638
11 0.156117 0.062637 0.003099 0.003042
11 0.137191 0.062637 0.003099 0.003042
11 0.137664 0.059529 0.007145 0.021253
11 0.189919 0.068566 0.001378 0.001649
11 0.162070 0.646686 0.001650 0.001374
11 0.661013 0.578785 0.001650 0.001374
11 0.187063 0.344665 0.012130 0.016394
11 0.184721 0.344665 0.016814 0.016394
11 0.171360 0.295655 0.009457 0.009767
11 0.158973 0.247310 0.013631 0.015612
11 0.160209 0.247310 0.011161 0.015612
11 0.200088 0.294777 0.004432 0.023153
11 0.196258 0.250547 0.011612 0.008936
11 0.195914 0.247461 0.012299 0.015109
11 0.138385 0.068628 0.002056 0.002422
11 0.138457 0.062581 0.001862 0.002070
11 0.138296 0.060824 0.001887 0.002269
11 0.190003 0.059657 0.001793 0.002511
11 0.205942 0.060054 0.001297 0.002771
11 0.205778 0.068015 0.002080 0.003271
11 0.144501 0.101665 0.003148 0.004045
11 0.145038 0.110644 0.001816 0.002254
11 0.196628 0.294942 0.001899 0.002587
11 0.196867 0.289867 0.001165 0.001655
11 0.196650 0.286894 0.001134 0.001931
11 0.212335 0.279442 0.001186 0.002316
11 0.212163 0.294878 0.001021 0.002134
11 0.189024 0.255266 0.001083 0.003335
11 0.207878 0.250784 0.001938 0.002087
11 0.207848 0.242614 0.001166 0.002128
11 0.675536 0.558964 0.001872 0.004045
11 0.663705 0.548635 0.001862 0.002070
11 0.663620 0.544269 0.001887 0.002269
11 0.663677 0.540163 0.001793 0.002511
11 0.666802 0.558227 0.001297 0.002771
11 0.663858 0.534848 0.001098 0.002587
11 0.660899 0.544033 0.001021 0.002134
11 0.663902 0.528937 0.001186 0.002316
11 0.205431 0.287093 0.007627 0.022170
11 0.204737 0.279786 0.006240 0.007556
11 0.155004 0.654815 0.014005 0.015845
11 0.181817 0.561898 0.014005 0.015613
11 0.158012 0.468062 0.012601 0.016735
11 0.158012 0.561609 0.012601 0.016654
11 0.154244 0.721110 0.014015 0.014707
11 0.155004 0.536171 0.014005 0.015845
11 0.172940 0.652109 0.021513 0.010899
11 0.168411 0.440414 0.013514 0.011344
11 0.168411 0.533349 0.012101 0.010666
11 0.181817 0.549228 0.014005 0.009262
11 0.181817 0.673069 0.014005 0.008759
11 0.168411 0.439833 0.011748 0.010183
11 0.137664 0.059529 0.007145 0.021253
11 0.159206 0.283394 0.012413 0.005852
11 0.180551 0.538896 0.006291 0.010396
11 0.186346 0.538896 0.004946 0.010396
11 0.168346 0.462826 0.004822 0.013811
11 0.177960 0.659471 0.006291 0.006533
11 0.158125 0.665714 0.007763 0.004946
11 0.185051 0.660264 0.007537 0.004946
11 0.178347 0.665714 0.007066 0.004946
11 0.185438 0.665714 0.006762 0.004946
11 0.151034 0.665714 0.006065 0.004946
11 0.170771 0.724703 0.002768 0.009379
11 0.156039 0.542081 0.005594 0.004025
11 0.150534 0.542081 0.005064 0.004025
11 0.172450 0.659417 0.004316 0.003251
11 0.144501 0.101665 0.003148 0.004045
11 0.651015 0.583538 0.003181 0.003944
11 0.168319 0.659417 0.003592 0.003251
