0 0.055209 0.842310 0.001699 0.016834
0 0.048839 0.833893 0.012740 0.134671
0 0.055209 0.545499 0.001699 0.016834
0 0.048839 0.537083 0.012740 0.134671
0 0.055209 0.247828 0.001699 0.016834
0 0.048839 0.239411 0.012740 0.134671
0 0.102368 0.837260 0.001699 0.016834
0 0.105765 0.837260 0.001699 0.016834
0 0.162010 0.816210 0.003363 0.007575
0 0.160806 0.907113 0.003363 0.007575
0 0.161913 0.534590 0.003363 0.007575
0 0.160709 0.625493 0.003363 0.007575
0 0.087335 0.458632 0.001189 0.063127
0 0.161913 0.188658 0.003363 0.007575
0 0.160709 0.279561 0.003363 0.007575
0 0.225431 0.771643 0.003363 0.007575
0 0.224227 0.862546 0.003363 0.007575
0 0.227210 0.409574 0.003363 0.007575
0 0.223407 0.508052 0.003363 0.007575
0 0.229427 0.437981 0.001070 0.056814
0 0.225451 0.126120 0.003363 0.007575
0 0.224247 0.217023 0.003363 0.007575
0 0.421446 0.023601 0.010854 0.013467
0 0.564302 0.023601 0.010854 0.013467
0 0.707159 0.023601 0.010854 0.013467
0 0.850015 0.023601 0.010854 0.013467
0 0.992871 0.023601 0.010854 0.013467
0 0.278590 0.023601 0.010854 0.013467
0 0.135734 0.023601 0.010854 0.013467
4 0.871513 0.277941 0.005096 0.172002
4 0.502463 0.854774 0.005096 0.155713
4 0.441312 0.484429 0.005096 0.155713
4 0.359607 0.568598 0.005096 0.155713
4 0.441312 0.854774 0.005096 0.155713
4 0.154776 0.612236 0.004684 0.155293
4 0.154776 0.267692 0.004684 0.151505
4 0.218246 0.849380 0.004586 0.153342
11 0.369289 0.490741 0.003737 0.008417
11 0.308138 0.776917 0.003737 0.008417
11 0.450994 0.406572 0.003737 0.008417
11 0.308138 0.204565 0.003737 0.008417
11 0.024634 0.835577 0.003737 0.030301
11 0.019368 0.808643 0.003737 0.008417
11 0.019368 0.875978 0.003737 0.008417
11 0.024634 0.538766 0.003737 0.030301
11 0.019368 0.511832 0.003737 0.008417
11 0.019368 0.579167 0.003737 0.008417
11 0.024634 0.241094 0.003737 0.030301
11 0.019368 0.214160 0.003737 0.008417
11 0.019368 0.281495 0.003737 0.008417
11 0.087080 0.835577 0.003737 0.030301
11 0.081814 0.808643 0.003737 0.008417
11 0.081814 0.875978 0.003737 0.008417
11 0.175464 0.842723 0.053507 0.227257
11 0.084362 0.490196 0.003058 0.037035
11 0.084872 0.427069 0.003737 0.008417
11 0.080646 0.536489 0.003737 0.008417
11 0.308138 0.490741 0.003737 0.008417
11 0.369289 0.776917 0.003737 0.008417
11 0.450994 0.776917 0.003737 0.008417
11 0.512145 0.776917 0.003737 0.008417
11 0.226752 0.466388 0.002752 0.033331
11 0.238904 0.202405 0.053507 0.218617
11 0.879497 0.192349 0.003737 0.008417
11 0.878159 0.293352 0.003737 0.008417
11 0.420079 0.138742 0.013589 0.031550
11 0.562935 0.138742 0.013589 0.031550
11 0.705791 0.138742 0.013589 0.031550
11 0.848647 0.138742 0.013589 0.031550
11 0.991503 0.138742 0.013589 0.031550
11 0.277223 0.138742 0.013589 0.031550
11 0.134366 0.138742 0.013589 0.031550
11 0.035675 0.808643 0.059453 0.286176
11 0.321387 0.545451 0.059453 0.269342
11 0.382539 0.831627 0.059453 0.269342
11 0.321387 0.831627 0.059453 0.269342
11 0.321387 0.259275 0.059453 0.269342
11 0.894445 0.845895 0.059453 0.251423
11 0.749964 0.301360 0.059453 0.252508
11 0.607100 0.840044 0.059453 0.252508
11 0.749956 0.840044 0.059453 0.252508
11 0.811107 0.840044 0.059453 0.252508
11 0.607100 0.570702 0.059453 0.252508
11 0.749956 0.570702 0.059453 0.252508
11 0.525395 0.469699 0.059453 0.252508
11 0.607100 0.301360 0.059453 0.252508
11 0.668251 0.301360 0.059453 0.252508
11 0.811107 0.301360 0.059453 0.252508
11 0.668251 0.570702 0.059453 0.252508
11 0.811107 0.570702 0.059453 0.252508
11 0.894445 0.537035 0.059453 0.252508
11 0.668251 0.840044 0.059453 0.252508
11 0.239135 0.473963 0.053507 0.272709
11 0.094724 0.808643 0.052658 0.286176
11 0.525345 0.200487 0.059553 0.252248
11 0.175464 0.843488 0.053507 0.225728
11 0.238904 0.202405 0.053507 0.218617
11 0.084957 0.415305 0.024630 0.402290
11 0.035675 0.214160 0.059453 0.286176
11 0.027606 0.545499 0.034822 0.185173
11 0.453627 0.410780 0.019534 0.303010
11 0.453627 0.781126 0.019534 0.303010
11 0.371922 0.494950 0.019534 0.303010
11 0.514778 0.781126 0.019534 0.303010
11 0.883829 0.212914 0.019534 0.302055
11 0.229330 0.790485 0.017581 0.271131
11 0.165909 0.207258 0.017581 0.272373
11 0.165909 0.554564 0.017581 0.270637
11 0.055209 0.545499 0.020384 0.185173
11 0.502463 0.703269 0.005096 0.147296
11 0.359607 0.417093 0.005096 0.147296
11 0.441312 0.703269 0.005096 0.147296
11 0.441312 0.332924 0.005096 0.147296
11 0.871513 0.126913 0.005096 0.130054
11 0.154776 0.131506 0.004684 0.120868
11 0.218246 0.713814 0.004586 0.117789
11 0.154776 0.476918 0.004684 0.115344
