0 0.282530 0.662596 0.006290 0.042074
0 0.291620 0.607886 0.002973 0.008417
0 0.310284 0.189373 0.001486 0.008417
0 0.388652 0.662596 0.006290 0.042074
0 0.397742 0.607886 0.002973 0.008417
0 0.416406 0.357712 0.001486 0.008417
0 0.532527 0.662596 0.006290 0.042074
0 0.642513 0.662596 0.006290 0.042074
0 0.541617 0.607886 0.002973 0.008417
0 0.651603 0.607886 0.002973 0.008417
0 0.560281 0.357712 0.001486 0.008417
0 0.670268 0.357712 0.001486 0.008417
0 0.796084 0.504412 0.050558 0.269342
0 0.152623 0.814101 0.050558 0.269342
0 0.152623 0.194723 0.050558 0.269342
0 0.152623 0.504412 0.050558 0.269342
0 0.068947 0.452173 0.002973 0.101003
0 0.796084 0.194723 0.050558 0.269342
0 0.901552 0.814101 0.050558 0.269342
0 0.796084 0.814101 0.050558 0.269342
0 0.237533 0.023601 0.018994 0.013467
0 0.487530 0.023601 0.018994 0.013467
0 0.737527 0.023601 0.018994 0.013467
0 0.987524 0.023601 0.018994 0.013467
11 0.068971 0.906688 0.002973 0.067336
11 0.068971 0.839352 0.002973 0.067336
11 0.318968 0.906688 0.002973 0.067336
11 0.318968 0.839352 0.002973 0.067336
11 0.318968 0.772017 0.002973 0.067336
11 0.425090 0.906688 0.002973 0.067336
11 0.425090 0.839352 0.002973 0.067336
11 0.568965 0.906688 0.002973 0.067336
11 0.678951 0.906688 0.002973 0.067336
11 0.818985 0.596999 0.002973 0.067336
11 0.818985 0.529663 0.002973 0.067336
11 0.175524 0.906688 0.002973 0.067336
11 0.175524 0.839352 0.002973 0.067336
11 0.175524 0.287310 0.002973 0.067336
11 0.175524 0.596999 0.002973 0.067336
11 0.175524 0.529663 0.002973 0.067336
11 0.818985 0.287310 0.002973 0.067336
11 0.818985 0.219974 0.002973 0.067336
11 0.924453 0.906688 0.002973 0.067336
11 0.924453 0.839352 0.002973 0.067336
11 0.235140 0.138742 0.023781 0.031550
11 0.485137 0.138742 0.023781 0.031550
11 0.735134 0.138742 0.023781 0.031550
11 0.985131 0.138742 0.023781 0.031550
