0 0.272819 0.727647 0.418506 0.043028
0 0.566349 0.700785 0.169606 0.096752
0 0.457417 0.735036 0.009153 0.003240
0 0.471334 0.737598 0.028291 0.008817
0 0.495037 0.717710 0.067172 0.020012
0 0.326679 0.716846 0.048342 0.010392
0 0.556093 0.696381 0.016874 0.001619
0 0.552979 0.698194 0.016874 0.001619
0 0.549865 0.700007 0.016874 0.001619
0 0.546751 0.701820 0.016874 0.001619
0 0.508355 0.700247 0.016874 0.001619
0 0.538872 0.682481 0.016874 0.001619
0 0.541986 0.680668 0.016874 0.001619
0 0.303582 0.685165 0.133149 0.064037
0 0.403411 0.658145 0.087745 0.008638
0 0.466230 0.725673 0.025669 0.002463
0 0.464361 0.726761 0.025669 0.002463
0 0.479064 0.726905 0.003737 0.002175
0 0.347844 0.688711 0.011584 0.006744
0 0.406622 0.695332 0.148747 0.031763
0 0.517697 0.694808 0.016874 0.001619
0 0.514583 0.696621 0.016874 0.001619
0 0.511469 0.698434 0.016874 0.001619
0 0.543637 0.703633 0.016874 0.001619
0 0.540523 0.705446 0.016874 0.001619
0 0.505241 0.702060 0.016874 0.001619
0 0.567926 0.689492 0.016874 0.001619
0 0.571040 0.687679 0.016874 0.001619
0 0.574154 0.685866 0.016874 0.001619
0 0.577268 0.684054 0.016874 0.001619
0 0.441226 0.713426 0.007598 0.004423
0 0.407579 0.711168 0.039770 0.003823
0 0.391884 0.707614 0.005792 0.003372
0 0.340034 0.724589 0.041418 0.003974
0 0.380622 0.727175 0.037363 0.003839
0 0.402580 0.727186 0.006555 0.003816
0 0.318142 0.723291 0.005854 0.003408
0 0.313540 0.722849 0.005854 0.003408
0 0.466768 0.701052 0.029453 0.016998
0 0.467340 0.716288 0.084668 0.048970
0 0.445175 0.672991 0.074336 0.007388
0 0.394855 0.663221 0.050927 0.005192
0 0.332786 0.694482 0.073832 0.042357
0 0.349987 0.728408 0.074336 0.007388
0 0.404378 0.652454 0.066406 0.006627
0 0.447159 0.650977 0.231937 0.022259
0 0.610872 0.653661 0.015254 0.008880
0 0.448422 0.732538 0.015340 0.001472
0 0.443440 0.735439 0.015340 0.001472
0 0.461587 0.735068 0.005481 0.003191
0 0.456033 0.737238 0.011590 0.001112
0 0.453615 0.734717 0.006700 0.003900
0 0.449803 0.682676 0.002989 0.001740
0 0.430648 0.681345 0.038311 0.004403
0 0.432890 0.680040 0.095722 0.009185
0 0.432143 0.680475 0.037563 0.003968
0 0.399169 0.675537 0.034362 0.003297
0 0.385029 0.675447 0.003737 0.002175
0 0.380211 0.674976 0.003919 0.002175
0 0.389819 0.677204 0.028043 0.002752
0 0.412987 0.679143 0.002989 0.001740
0 0.399343 0.676754 0.028993 0.002818
0 0.482885 0.688294 0.006722 0.003735
0 0.472224 0.685072 0.028043 0.002795
0 0.458242 0.677763 0.010151 0.005910
0 0.421426 0.674230 0.010151 0.005910
0 0.268363 0.678713 0.095800 0.055763
0 0.170033 0.709610 0.020627 0.001980
0 0.190670 0.671256 0.095795 0.055763
0 0.289000 0.640359 0.020631 0.001980
0 0.608146 0.672098 0.014690 0.001434
0 0.214477 0.721938 0.004547 0.002647
0 0.359556 0.737150 0.243950 0.023412
0 0.322086 0.721558 0.044734 0.004298
0 0.316137 0.709980 0.032837 0.019117
0 0.150300 0.717067 0.172720 0.016576
0 0.225880 0.715300 0.018259 0.010629
0 0.469421 0.658773 0.052640 0.005052
0 0.426080 0.713669 0.002769 0.001523
0 0.391273 0.708125 0.004139 0.002306
0 0.485056 0.710206 0.002989 0.001740
0 0.481374 0.709853 0.002989 0.001740
0 0.351453 0.725432 0.017488 0.001678
0 0.412247 0.720934 0.026982 0.015709
0 0.389656 0.708287 0.003924 0.002284
0 0.482294 0.709941 0.002989 0.001740
0 0.478726 0.664798 0.008627 0.002039
0 0.239899 0.723782 0.008627 0.002039
0 0.520592 0.692873 0.016874 0.001619
0 0.502664 0.697589 0.018983 0.011051
0 0.501610 0.703925 0.016874 0.001619
0 0.517751 0.706740 0.019144 0.001837
0 0.559725 0.694517 0.016874 0.001619
0 0.557114 0.701758 0.022097 0.012864
0 0.565031 0.691427 0.016874 0.001619
0 0.581402 0.687618 0.015869 0.009238
0 0.580900 0.682189 0.016874 0.001619
0 0.564759 0.679373 0.019144 0.001837
0 0.544881 0.678733 0.016874 0.001619
0 0.531624 0.680729 0.009641 0.005613
0 0.535241 0.684345 0.016874 0.001619
0 0.553941 0.692162 0.005306 0.003089
0 0.537628 0.707381 0.016874 0.001619
0 0.544402 0.671693 0.123657 0.012047
0 0.628233 0.664909 0.044003 0.025180
0 0.458661 0.731670 0.004314 0.002282
0 0.477453 0.732242 0.034362 0.003427
0 0.485454 0.739011 0.018359 0.010370
0 0.459641 0.742483 0.034362 0.003427
0 0.446579 0.738768 0.008238 0.004260
0 0.372681 0.677710 0.006597 0.003764
0 0.480751 0.684632 0.003737 0.002175
0 0.485568 0.685103 0.003919 0.002175
0 0.470347 0.682389 0.034362 0.003340
0 0.466655 0.683209 0.029055 0.002804
0 0.634366 0.650770 0.033572 0.003278
0 0.070835 0.704765 0.014538 0.008463
0 0.279280 0.630895 0.068065 0.006532
0 0.447159 0.238514 0.231937 0.022259
0 0.610872 0.241198 0.015254 0.008880
0 0.190670 0.258794 0.095795 0.055763
0 0.289000 0.227897 0.020631 0.001980
0 0.276666 0.267114 0.112407 0.057491
0 0.170033 0.297147 0.020627 0.001980
0 0.272819 0.315185 0.418506 0.043028
0 0.359556 0.324687 0.243950 0.023412
0 0.150300 0.304605 0.172720 0.016576
0 0.566349 0.288323 0.169606 0.096752
0 0.544403 0.259230 0.123657 0.012047
0 0.628233 0.252447 0.044003 0.025180
0 0.403411 0.245683 0.087745 0.008638
0 0.457417 0.322573 0.009153 0.003240
0 0.471334 0.325136 0.028291 0.008817
0 0.310524 0.273043 0.119265 0.063357
0 0.495037 0.305248 0.067172 0.020012
0 0.467340 0.303826 0.084668 0.048970
0 0.531624 0.268267 0.009641 0.005613
0 0.502664 0.285127 0.018983 0.011051
0 0.553941 0.279700 0.005306 0.003089
0 0.581403 0.275155 0.015869 0.009238
0 0.557114 0.289296 0.022097 0.012864
0 0.349987 0.315945 0.074336 0.007388
0 0.466768 0.288590 0.029453 0.016998
0 0.445175 0.260529 0.074336 0.007388
0 0.332787 0.282019 0.073832 0.042357
0 0.340034 0.312127 0.041418 0.003974
0 0.351453 0.312969 0.017488 0.001678
0 0.318142 0.310828 0.005854 0.003408
0 0.313540 0.310387 0.005854 0.003408
0 0.380622 0.314712 0.037363 0.003839
0 0.402581 0.314724 0.006555 0.003816
0 0.412248 0.308471 0.026982 0.015709
0 0.449803 0.270214 0.002989 0.001740
0 0.535241 0.271883 0.016874 0.001619
0 0.538872 0.270018 0.016874 0.001619
0 0.541986 0.268205 0.016874 0.001619
0 0.544882 0.266270 0.016874 0.001619
0 0.564759 0.266911 0.019144 0.001837
0 0.556093 0.283919 0.016874 0.001619
0 0.559725 0.282054 0.016874 0.001619
0 0.565031 0.278965 0.016874 0.001619
0 0.567926 0.277030 0.016874 0.001619
0 0.571040 0.275217 0.016874 0.001619
0 0.574154 0.273404 0.016874 0.001619
0 0.577268 0.271591 0.016874 0.001619
0 0.580900 0.269726 0.016874 0.001619
0 0.520593 0.280411 0.016874 0.001619
0 0.552979 0.285732 0.016874 0.001619
0 0.517697 0.282346 0.016874 0.001619
0 0.549866 0.287544 0.016874 0.001619
0 0.514583 0.284159 0.016874 0.001619
0 0.546752 0.289357 0.016874 0.001619
0 0.543638 0.291170 0.016874 0.001619
0 0.540524 0.292983 0.016874 0.001619
0 0.537628 0.294918 0.016874 0.001619
0 0.511469 0.285972 0.016874 0.001619
0 0.508356 0.287785 0.016874 0.001619
0 0.505242 0.289597 0.016874 0.001619
0 0.501610 0.291462 0.016874 0.001619
0 0.517751 0.294278 0.019144 0.001837
0 0.326679 0.304383 0.048342 0.010392
0 0.394855 0.250759 0.050927 0.005192
0 0.404378 0.239992 0.066406 0.006627
0 0.214477 0.309475 0.004547 0.002647
0 0.385029 0.262984 0.003737 0.002175
0 0.372681 0.265247 0.006597 0.003764
0 0.389819 0.264741 0.028043 0.002752
0 0.380211 0.262513 0.003919 0.002175
0 0.399170 0.263074 0.034362 0.003297
0 0.466230 0.313211 0.025669 0.002463
0 0.443440 0.322976 0.015340 0.001472
0 0.448423 0.320076 0.015340 0.001472
0 0.464361 0.314299 0.025669 0.002463
0 0.456033 0.324776 0.011590 0.001112
0 0.479064 0.314442 0.003737 0.002175
0 0.347845 0.276249 0.011584 0.006744
0 0.406622 0.282870 0.148747 0.031763
0 0.441226 0.300963 0.007598 0.004423
0 0.426080 0.301206 0.002769 0.001523
0 0.407579 0.298706 0.039770 0.003823
0 0.391273 0.295663 0.004139 0.002306
0 0.391884 0.295151 0.005792 0.003372
0 0.389656 0.295824 0.003924 0.002284
0 0.461588 0.322606 0.005481 0.003191
0 0.458662 0.319207 0.004314 0.002282
0 0.477453 0.319780 0.034362 0.003427
0 0.485454 0.326549 0.018359 0.010370
0 0.459641 0.330020 0.034362 0.003427
0 0.446579 0.326306 0.008238 0.004260
0 0.453615 0.322254 0.006700 0.003900
0 0.430648 0.268882 0.038311 0.004403
0 0.432143 0.268012 0.037563 0.003968
0 0.458242 0.265301 0.010151 0.005910
0 0.399343 0.264292 0.028993 0.002818
0 0.432890 0.267577 0.095722 0.009185
0 0.421426 0.261768 0.010151 0.005910
0 0.412987 0.266681 0.002989 0.001740
0 0.608146 0.259636 0.014690 0.001434
0 0.482885 0.275831 0.006722 0.003735
0 0.472224 0.272610 0.028043 0.002795
0 0.322086 0.309095 0.044734 0.004298
0 0.316137 0.297517 0.032837 0.019117
0 0.225880 0.302838 0.018259 0.010629
0 0.469421 0.246310 0.052640 0.005052
0 0.485056 0.297743 0.002989 0.001740
0 0.481374 0.297390 0.002989 0.001740
0 0.482295 0.297478 0.002989 0.001740
0 0.478726 0.252335 0.008627 0.002039
0 0.239899 0.311319 0.008627 0.002039
0 0.480751 0.272170 0.003737 0.002175
0 0.485569 0.272641 0.003919 0.002175
0 0.470347 0.269926 0.034362 0.003340
0 0.466655 0.270746 0.029055 0.002804
0 0.634367 0.238308 0.033572 0.003278
0 0.070835 0.292303 0.014538 0.008463
0 0.279280 0.218432 0.068065 0.006532
0 0.290989 0.304374 0.003306 0.002068
0 0.333154 0.315611 0.003306 0.002068
0 0.305356 0.296010 0.003306 0.002068
0 0.319722 0.287647 0.003306 0.002068
0 0.329348 0.274913 0.003306 0.002068
0 0.341681 0.267733 0.003306 0.002068
0 0.354014 0.260553 0.003306 0.002068
0 0.371833 0.253899 0.003306 0.002068
0 0.401171 0.254466 0.003306 0.002068
0 0.432164 0.256028 0.003306 0.002068
0 0.447497 0.252071 0.003306 0.002068
0 0.443733 0.315488 0.003306 0.002068
0 0.458100 0.307125 0.003306 0.002068
0 0.472468 0.298761 0.003306 0.002068
0 0.471642 0.292112 0.003306 0.002068
0 0.483976 0.284932 0.003306 0.002068
0 0.496310 0.277752 0.003306 0.002068
0 0.502023 0.269937 0.003306 0.002068
0 0.264849 0.306879 0.003306 0.002068
0 0.300404 0.311673 0.007057 0.001450
0 0.556320 0.268705 0.003307 0.002068
0 0.549754 0.272527 0.003307 0.002068
0 0.532594 0.288756 0.003307 0.002068
0 0.526028 0.292578 0.003307 0.002068
0 0.447159 0.042815 0.231937 0.022259
0 0.610872 0.045499 0.015254 0.008880
0 0.190670 0.063095 0.095795 0.055763
0 0.289000 0.032198 0.020631 0.001980
0 0.276666 0.071415 0.112407 0.057491
0 0.170033 0.101448 0.020627 0.001980
0 0.272819 0.119486 0.418506 0.043028
0 0.359556 0.128988 0.243950 0.023412
0 0.150300 0.108906 0.172720 0.016576
0 0.566349 0.092623 0.169606 0.096752
0 0.544402 0.063531 0.123657 0.012047
0 0.628233 0.056748 0.044003 0.025180
0 0.403411 0.049984 0.087745 0.008638
0 0.457417 0.126874 0.009153 0.003240
0 0.471334 0.129437 0.028291 0.008817
0 0.310524 0.077343 0.119265 0.063357
0 0.495037 0.109548 0.067172 0.020012
0 0.467340 0.108127 0.084668 0.048970
0 0.531624 0.072568 0.009641 0.005613
0 0.502664 0.089428 0.018983 0.011051
0 0.553941 0.084001 0.005306 0.003089
0 0.581402 0.079456 0.015869 0.009238
0 0.557114 0.093597 0.022097 0.012864
0 0.349987 0.120246 0.074336 0.007388
0 0.466768 0.092891 0.029453 0.016998
0 0.445175 0.064830 0.074336 0.007388
0 0.332786 0.086320 0.073832 0.042357
0 0.340034 0.116428 0.041418 0.003974
0 0.351453 0.117270 0.017488 0.001678
0 0.318142 0.115129 0.005854 0.003408
0 0.313540 0.114688 0.005854 0.003408
0 0.380622 0.119013 0.037363 0.003839
0 0.402580 0.119024 0.006555 0.003816
0 0.412247 0.112772 0.026982 0.015709
0 0.449803 0.074515 0.002989 0.001740
0 0.535241 0.076184 0.016874 0.001619
0 0.538872 0.074319 0.016874 0.001619
0 0.541986 0.072506 0.016874 0.001619
0 0.544881 0.070571 0.016874 0.001619
0 0.564759 0.071211 0.019144 0.001837
0 0.556093 0.088220 0.016874 0.001619
0 0.559725 0.086355 0.016874 0.001619
0 0.565031 0.083266 0.016874 0.001619
0 0.567926 0.081331 0.016874 0.001619
0 0.571040 0.079518 0.016874 0.001619
0 0.574154 0.077705 0.016874 0.001619
0 0.577268 0.075892 0.016874 0.001619
0 0.580900 0.074027 0.016874 0.001619
0 0.520592 0.084712 0.016874 0.001619
0 0.552979 0.090032 0.016874 0.001619
0 0.517697 0.086647 0.016874 0.001619
0 0.549865 0.091845 0.016874 0.001619
0 0.514583 0.088460 0.016874 0.001619
0 0.546751 0.093658 0.016874 0.001619
0 0.543637 0.095471 0.016874 0.001619
0 0.540523 0.097284 0.016874 0.001619
0 0.537628 0.099219 0.016874 0.001619
0 0.511469 0.090273 0.016874 0.001619
0 0.508355 0.092085 0.016874 0.001619
0 0.505241 0.093898 0.016874 0.001619
0 0.501610 0.095763 0.016874 0.001619
0 0.517751 0.098579 0.019144 0.001837
0 0.326679 0.108684 0.048342 0.010392
0 0.394855 0.055060 0.050927 0.005192
0 0.404378 0.044293 0.066406 0.006627
0 0.214477 0.113776 0.004547 0.002647
0 0.385029 0.067285 0.003737 0.002175
0 0.372681 0.069548 0.006597 0.003764
0 0.389819 0.069042 0.028043 0.002752
0 0.380211 0.066814 0.003919 0.002175
0 0.399169 0.067375 0.034362 0.003297
0 0.466230 0.117512 0.025669 0.002463
0 0.443440 0.127277 0.015340 0.001472
0 0.448422 0.124376 0.015340 0.001472
0 0.464361 0.118599 0.025669 0.002463
0 0.456033 0.129077 0.011590 0.001112
0 0.479064 0.118743 0.003737 0.002175
0 0.347844 0.080550 0.011584 0.006744
0 0.406622 0.087171 0.148747 0.031763
0 0.441226 0.105264 0.007598 0.004423
0 0.426080 0.105507 0.002769 0.001523
0 0.407579 0.103007 0.039770 0.003823
0 0.391273 0.099964 0.004139 0.002306
0 0.391884 0.099452 0.005792 0.003372
0 0.389656 0.100125 0.003924 0.002284
0 0.461587 0.126907 0.005481 0.003191
0 0.458661 0.123508 0.004314 0.002282
0 0.477453 0.124081 0.034362 0.003427
0 0.485454 0.130849 0.018359 0.010370
0 0.459641 0.134321 0.034362 0.003427
0 0.446579 0.130607 0.008238 0.004260
0 0.453615 0.126555 0.006700 0.003900
0 0.430648 0.073183 0.038311 0.004403
0 0.432143 0.072313 0.037563 0.003968
0 0.458242 0.069602 0.010151 0.005910
0 0.399343 0.068592 0.028993 0.002818
0 0.432890 0.071878 0.095722 0.009185
0 0.421426 0.066069 0.010151 0.005910
0 0.412987 0.070982 0.002989 0.001740
0 0.608146 0.063937 0.014690 0.001434
0 0.482885 0.080132 0.006722 0.003735
0 0.472224 0.076911 0.028043 0.002795
0 0.322086 0.113396 0.044734 0.004298
0 0.316137 0.101818 0.032837 0.019117
0 0.225880 0.107139 0.018259 0.010629
0 0.469421 0.050611 0.052640 0.005052
0 0.485056 0.102044 0.002989 0.001740
0 0.481374 0.101691 0.002989 0.001740
0 0.482294 0.101779 0.002989 0.001740
0 0.478726 0.056636 0.008627 0.002039
0 0.239899 0.115620 0.008627 0.002039
0 0.480751 0.076471 0.003737 0.002175
0 0.485568 0.076942 0.003919 0.002175
0 0.470347 0.074227 0.034362 0.003340
0 0.466655 0.075047 0.029055 0.002804
0 0.634366 0.042609 0.033572 0.003278
0 0.070835 0.096604 0.014538 0.008463
0 0.279280 0.022733 0.068065 0.006532
0 0.765556 0.662705 0.006437 0.001521
0 0.771993 0.662705 0.006437 0.001521
0 0.762664 0.272598 0.006437 0.001521
0 0.769101 0.272598 0.006437 0.001521
0 0.437003 0.445238 0.231937 0.022259
0 0.600716 0.447922 0.015254 0.008880
0 0.180514 0.465517 0.095795 0.055763
0 0.278844 0.434620 0.020631 0.001980
0 0.266510 0.473838 0.112407 0.057491
0 0.159877 0.503871 0.020627 0.001980
0 0.262663 0.521908 0.418506 0.043028
0 0.349400 0.531411 0.243950 0.023412
0 0.140144 0.511328 0.172720 0.016576
0 0.556193 0.495046 0.169606 0.096752
0 0.534246 0.465953 0.123657 0.012047
0 0.618077 0.459170 0.044003 0.025180
0 0.393255 0.452406 0.087745 0.008638
0 0.447261 0.529297 0.009153 0.003240
0 0.461178 0.531859 0.028291 0.008817
0 0.300368 0.479766 0.119265 0.063357
0 0.484881 0.511971 0.067172 0.020012
0 0.457184 0.510549 0.084668 0.048970
0 0.521468 0.474990 0.009641 0.005613
0 0.492508 0.491850 0.018983 0.011051
0 0.543785 0.486423 0.005306 0.003089
0 0.571246 0.481879 0.015869 0.009238
0 0.546958 0.496019 0.022097 0.012864
0 0.339831 0.522669 0.074336 0.007388
0 0.456612 0.495313 0.029453 0.016998
0 0.435019 0.467252 0.074336 0.007388
0 0.322631 0.488743 0.073832 0.042357
0 0.329878 0.518850 0.041418 0.003974
0 0.341297 0.519693 0.017488 0.001678
0 0.307986 0.517552 0.005854 0.003408
0 0.303384 0.517110 0.005854 0.003408
0 0.370466 0.521436 0.037363 0.003839
0 0.392425 0.521447 0.006555 0.003816
0 0.402092 0.515195 0.026982 0.015709
0 0.439647 0.476937 0.002989 0.001740
0 0.525085 0.478606 0.016874 0.001619
0 0.528716 0.476742 0.016874 0.001619
0 0.531830 0.474929 0.016874 0.001619
0 0.534725 0.472994 0.016874 0.001619
0 0.554603 0.473725 0.019144 0.002019
0 0.545937 0.490642 0.016874 0.001619
0 0.549569 0.488778 0.016874 0.001619
0 0.554875 0.485688 0.016874 0.001619
0 0.557770 0.483753 0.016874 0.001619
0 0.560884 0.481940 0.016874 0.001619
0 0.563998 0.480127 0.016874 0.001619
0 0.567112 0.478315 0.016874 0.001619
0 0.570744 0.476450 0.016874 0.001619
0 0.510437 0.487134 0.016874 0.001619
0 0.542823 0.492455 0.016874 0.001619
0 0.507541 0.489069 0.016874 0.001619
0 0.539709 0.494268 0.016874 0.001619
0 0.504427 0.490882 0.016874 0.001619
0 0.536595 0.496081 0.016874 0.001619
0 0.533481 0.497894 0.016874 0.001619
0 0.530368 0.499707 0.016874 0.001619
0 0.527472 0.501642 0.016874 0.001619
0 0.501313 0.492695 0.016874 0.001619
0 0.498199 0.494508 0.016874 0.001619
0 0.495085 0.496321 0.016874 0.001619
0 0.491454 0.498185 0.016874 0.001619
0 0.507595 0.500911 0.019144 0.002017
0 0.316523 0.511107 0.048342 0.010392
0 0.384699 0.457483 0.050927 0.005193
0 0.394222 0.446715 0.066406 0.006627
0 0.204321 0.516199 0.004547 0.002647
0 0.374873 0.469708 0.003737 0.002175
0 0.362525 0.471971 0.006597 0.003764
0 0.379663 0.471465 0.028043 0.002752
0 0.370055 0.469237 0.003919 0.002175
0 0.389013 0.469798 0.034362 0.003297
0 0.456074 0.519934 0.025669 0.002463
0 0.433284 0.529700 0.015340 0.001472
0 0.438267 0.526799 0.015340 0.001472
0 0.454205 0.521022 0.025669 0.002463
0 0.445877 0.531499 0.011590 0.001112
0 0.468908 0.521166 0.003737 0.002175
0 0.337689 0.482972 0.011584 0.006744
0 0.396466 0.489593 0.148747 0.031763
0 0.431070 0.507687 0.007598 0.004423
0 0.415924 0.507930 0.002769 0.001523
0 0.397423 0.505429 0.039770 0.003823
0 0.381117 0.502386 0.004139 0.002306
0 0.381728 0.501875 0.005792 0.003372
0 0.379500 0.502548 0.003924 0.002284
0 0.451431 0.529329 0.005481 0.003191
0 0.448505 0.525931 0.004314 0.002282
0 0.467297 0.526503 0.034362 0.003427
0 0.475298 0.533272 0.018359 0.010370
0 0.449485 0.536744 0.034362 0.003427
0 0.436423 0.533029 0.008238 0.004260
0 0.443459 0.528978 0.006700 0.003900
0 0.420492 0.475606 0.038311 0.004403
0 0.421987 0.474736 0.037563 0.003968
0 0.448086 0.472024 0.010151 0.005910
0 0.389187 0.471015 0.028993 0.002818
0 0.422734 0.474301 0.095722 0.009185
0 0.411270 0.468491 0.010151 0.005910
0 0.402831 0.473404 0.002989 0.001740
0 0.597990 0.466359 0.014690 0.001434
0 0.472729 0.482555 0.006722 0.003735
0 0.462068 0.479333 0.028043 0.002795
0 0.311930 0.515819 0.044734 0.004298
0 0.305981 0.504241 0.032837 0.019117
0 0.215724 0.509561 0.018259 0.010629
0 0.459265 0.453034 0.052640 0.005052
0 0.474900 0.504467 0.002989 0.001740
0 0.471218 0.504113 0.002989 0.001740
0 0.472138 0.504202 0.002989 0.001740
0 0.468570 0.459059 0.008627 0.002039
0 0.229743 0.518043 0.008627 0.002039
0 0.470595 0.478893 0.003737 0.002175
0 0.475413 0.479364 0.003919 0.002175
0 0.460191 0.476649 0.034362 0.003340
0 0.456499 0.477470 0.029055 0.002804
0 0.624210 0.445031 0.033572 0.003278
0 0.060679 0.499026 0.014538 0.008463
0 0.269124 0.425156 0.068065 0.006532
0 0.447159 0.874545 0.231937 0.022259
0 0.610872 0.877229 0.015254 0.008880
0 0.190670 0.894825 0.095795 0.055763
0 0.289000 0.863927 0.020631 0.001980
0 0.276666 0.903145 0.112407 0.057491
0 0.170033 0.933178 0.020627 0.001980
0 0.272819 0.951216 0.418506 0.043028
0 0.359556 0.960718 0.243950 0.023412
0 0.150300 0.940635 0.172720 0.016576
0 0.566349 0.924353 0.169606 0.096752
0 0.544402 0.895261 0.123657 0.012047
0 0.628233 0.888477 0.044003 0.025180
0 0.403411 0.881713 0.087745 0.008638
0 0.457417 0.958604 0.009153 0.003240
0 0.471334 0.961166 0.028291 0.008817
0 0.310524 0.909073 0.119265 0.063357
0 0.495037 0.941278 0.067172 0.020012
0 0.467340 0.939856 0.084668 0.048970
0 0.531624 0.904298 0.009641 0.005613
0 0.502664 0.921157 0.018983 0.011051
0 0.553941 0.915731 0.005306 0.003089
0 0.581402 0.911186 0.015869 0.009238
0 0.557114 0.925326 0.022097 0.012864
0 0.349987 0.951976 0.074336 0.007388
0 0.466768 0.924621 0.029453 0.016998
0 0.445175 0.896559 0.074336 0.007388
0 0.332786 0.918050 0.073832 0.042357
0 0.340034 0.948157 0.041418 0.003974
0 0.351453 0.949000 0.017488 0.001678
0 0.318142 0.946859 0.005854 0.003408
0 0.313540 0.946418 0.005854 0.003408
0 0.380622 0.950743 0.037363 0.003839
0 0.402580 0.950754 0.006555 0.003816
0 0.412247 0.944502 0.026982 0.015709
0 0.449803 0.906244 0.002989 0.001740
0 0.535241 0.907914 0.016874 0.001619
0 0.538872 0.906049 0.016874 0.001619
0 0.541986 0.904236 0.016874 0.001619
0 0.544881 0.902301 0.016874 0.001619
0 0.564759 0.902941 0.019144 0.001837
0 0.556093 0.919949 0.016874 0.001619
0 0.559725 0.918085 0.016874 0.001619
0 0.565031 0.914996 0.016874 0.001619
0 0.567926 0.913060 0.016874 0.001619
0 0.571040 0.911247 0.016874 0.001619
0 0.574154 0.909435 0.016874 0.001619
0 0.577268 0.907622 0.016874 0.001619
0 0.580900 0.905757 0.016874 0.001619
0 0.520592 0.916441 0.016874 0.001619
0 0.552979 0.921762 0.016874 0.001619
0 0.517697 0.918377 0.016874 0.001619
0 0.549865 0.923575 0.016874 0.001619
0 0.514583 0.920189 0.016874 0.001619
0 0.546751 0.925388 0.016874 0.001619
0 0.543637 0.927201 0.016874 0.001619
0 0.540523 0.929014 0.016874 0.001619
0 0.537628 0.930949 0.016874 0.001619
0 0.511469 0.922002 0.016874 0.001619
0 0.508355 0.923815 0.016874 0.001619
0 0.505241 0.925628 0.016874 0.001619
0 0.501610 0.927493 0.016874 0.001619
0 0.517751 0.930309 0.019144 0.001837
0 0.326679 0.940414 0.048342 0.010392
0 0.394855 0.886790 0.050927 0.005192
0 0.404378 0.876022 0.066406 0.006627
0 0.214477 0.945506 0.004547 0.002647
0 0.385029 0.899015 0.003737 0.002175
0 0.372681 0.901278 0.006597 0.003764
0 0.389819 0.900772 0.028043 0.002752
0 0.380211 0.898544 0.003919 0.002175
0 0.399169 0.899105 0.034362 0.003297
0 0.466230 0.949242 0.025669 0.002463
0 0.443440 0.959007 0.015340 0.001472
0 0.448422 0.956106 0.015340 0.001472
0 0.464361 0.950329 0.025669 0.002463
0 0.456033 0.960807 0.011590 0.001112
0 0.479064 0.950473 0.003737 0.002175
0 0.347844 0.912280 0.011584 0.006744
0 0.406622 0.918900 0.148747 0.031763
0 0.441226 0.936994 0.007598 0.004423
0 0.426080 0.937237 0.002769 0.001523
0 0.407579 0.934736 0.039770 0.003823
0 0.391273 0.931693 0.004139 0.002306
0 0.391884 0.931182 0.005792 0.003372
0 0.389656 0.931855 0.003924 0.002284
0 0.461587 0.958637 0.005481 0.003191
0 0.458661 0.955238 0.004314 0.002282
0 0.477453 0.955810 0.034362 0.003427
0 0.485454 0.962579 0.018359 0.010370
0 0.459641 0.966051 0.034362 0.003427
0 0.446579 0.962337 0.008238 0.004260
0 0.453615 0.958285 0.006700 0.003900
0 0.430648 0.904913 0.038311 0.004403
0 0.432143 0.904043 0.037563 0.003968
0 0.458242 0.901331 0.010151 0.005910
0 0.399343 0.900322 0.028993 0.002818
0 0.432890 0.903608 0.095722 0.009185
0 0.421426 0.897799 0.010151 0.005910
0 0.412987 0.902711 0.002989 0.001740
0 0.608146 0.895667 0.014690 0.001434
0 0.482885 0.911862 0.006722 0.003735
0 0.472224 0.908640 0.028043 0.002795
0 0.322086 0.945126 0.044734 0.004298
0 0.316137 0.933548 0.032837 0.019117
0 0.225880 0.938868 0.018259 0.010629
0 0.469421 0.882341 0.052640 0.005052
0 0.485056 0.933774 0.002989 0.001740
0 0.481374 0.933421 0.002989 0.001740
0 0.482294 0.933509 0.002989 0.001740
0 0.478726 0.888366 0.008627 0.002039
0 0.239899 0.947350 0.008627 0.002039
0 0.480751 0.908200 0.003737 0.002175
0 0.485568 0.908672 0.003919 0.002175
0 0.470347 0.905957 0.034362 0.003340
0 0.466655 0.906777 0.029055 0.002804
0 0.634366 0.874338 0.033572 0.003278
0 0.070835 0.928333 0.014538 0.008463
0 0.279280 0.854463 0.068065 0.006532
1 0.524358 0.692491 0.012450 0.002943
1 0.536814 0.685240 0.012450 0.002943
1 0.536814 0.272777 0.012450 0.002943
1 0.524358 0.280029 0.012450 0.002943
1 0.536814 0.077078 0.012450 0.002943
1 0.524358 0.084330 0.012450 0.002943
1 0.526658 0.479501 0.012450 0.002943
1 0.514202 0.486752 0.012450 0.002943
1 0.536814 0.908808 0.012450 0.002943
1 0.524358 0.916059 0.012450 0.002943
2 0.518510 0.692775 0.021854 0.005165
2 0.524358 0.692491 0.015232 0.003600
2 0.396243 0.676841 0.062995 0.016156
2 0.265539 0.710937 0.058807 0.013900
2 0.398216 0.725358 0.061589 0.014557
2 0.265539 0.710937 0.061589 0.014557
2 0.342775 0.633103 0.061589 0.014557
2 0.191931 0.703856 0.061589 0.014557
2 0.171304 0.701876 0.061589 0.014557
2 0.533457 0.684073 0.019073 0.004508
2 0.342775 0.220641 0.061589 0.014557
2 0.191931 0.291393 0.061589 0.014557
2 0.171305 0.289414 0.061589 0.014557
2 0.265540 0.298474 0.061589 0.014557
2 0.258729 0.300355 0.038940 0.009204
2 0.518510 0.280312 0.021854 0.005165
2 0.524358 0.280029 0.015232 0.003600
2 0.398216 0.312895 0.061589 0.014557
2 0.395245 0.265247 0.061000 0.014418
2 0.533457 0.271610 0.019073 0.004508
2 0.342775 0.024941 0.061589 0.014557
2 0.191931 0.095694 0.061589 0.014557
2 0.171304 0.093715 0.061589 0.014557
2 0.265539 0.102775 0.061589 0.014557
2 0.258729 0.104656 0.038940 0.009204
2 0.518510 0.084613 0.021854 0.005165
2 0.524358 0.084330 0.015232 0.003600
2 0.398216 0.117196 0.061589 0.014557
2 0.395245 0.069548 0.061000 0.014418
2 0.533457 0.075911 0.019073 0.004508
2 0.332619 0.427364 0.061589 0.014557
2 0.181775 0.498117 0.061589 0.014557
2 0.161149 0.496137 0.061589 0.014557
2 0.255383 0.505198 0.061589 0.014557
2 0.248573 0.507078 0.038940 0.009204
2 0.508354 0.487036 0.021854 0.005165
2 0.514202 0.486752 0.015232 0.003600
2 0.388060 0.519619 0.061589 0.014557
2 0.385089 0.471971 0.061000 0.014418
2 0.523301 0.478334 0.019073 0.004508
2 0.342775 0.856671 0.061589 0.014557
2 0.574712 0.878931 0.061589 0.014557
2 0.191931 0.927424 0.061589 0.014557
2 0.171304 0.925445 0.061589 0.014557
2 0.265539 0.934505 0.061589 0.014557
2 0.258729 0.936385 0.038940 0.009204
2 0.518510 0.916343 0.021854 0.005165
2 0.524358 0.916059 0.015232 0.003600
2 0.398216 0.948926 0.061589 0.014557
2 0.396243 0.900409 0.062995 0.016156
2 0.533457 0.907641 0.019073 0.004508
11 0.332171 0.698276 0.005522 0.003394
11 0.469697 0.683672 0.063713 0.015652
11 0.428688 0.660640 0.043812 0.011078
11 0.324403 0.718275 0.061589 0.014557
11 0.360113 0.655884 0.061589 0.014557
11 0.574712 0.655362 0.061589 0.014557
11 0.399432 0.677770 0.029669 0.004603
11 0.267100 0.646113 0.061589 0.014557
11 0.287731 0.648093 0.061589 0.014557
11 0.438825 0.676584 0.046098 0.009832
11 0.566369 0.690399 0.019125 0.003228
11 0.566369 0.690399 0.009040 0.001534
11 0.569483 0.688586 0.019125 0.003228
11 0.569483 0.688586 0.009040 0.001534
11 0.572597 0.686773 0.019125 0.003228
11 0.572597 0.686773 0.009040 0.001534
11 0.575711 0.684960 0.019125 0.003228
11 0.575711 0.684960 0.009040 0.001534
11 0.578825 0.683147 0.019125 0.003228
11 0.578825 0.683147 0.009040 0.001534
11 0.543543 0.679761 0.019125 0.003228
11 0.543543 0.679761 0.009040 0.001534
11 0.540429 0.681574 0.019125 0.003228
11 0.540429 0.681574 0.009040 0.001534
11 0.537315 0.683387 0.019125 0.003228
11 0.537315 0.683387 0.009040 0.001534
11 0.519254 0.693902 0.019125 0.003228
11 0.519254 0.693902 0.009040 0.001534
11 0.516140 0.695715 0.019125 0.003228
11 0.516140 0.695715 0.009040 0.001534
11 0.513026 0.697528 0.019125 0.003228
11 0.513026 0.697528 0.009040 0.001534
11 0.509912 0.699341 0.019125 0.003228
11 0.509912 0.699341 0.009040 0.001534
11 0.506798 0.701154 0.019125 0.003228
11 0.506798 0.701154 0.009040 0.001534
11 0.503684 0.702966 0.019125 0.003228
11 0.503684 0.702966 0.009040 0.001534
11 0.538966 0.706352 0.019125 0.003228
11 0.538966 0.706352 0.009040 0.001534
11 0.542080 0.704539 0.019125 0.003228
11 0.542080 0.704539 0.009040 0.001534
11 0.545194 0.702726 0.019125 0.003228
11 0.545194 0.702726 0.009040 0.001534
11 0.548308 0.700913 0.019125 0.003228
11 0.548308 0.700913 0.009040 0.001534
11 0.551422 0.699101 0.019125 0.003228
11 0.551422 0.699101 0.009040 0.001534
11 0.554536 0.697288 0.019125 0.003228
11 0.554536 0.697288 0.009040 0.001534
11 0.557650 0.695475 0.019125 0.003228
11 0.557650 0.695475 0.009040 0.001534
11 0.417193 0.710674 0.053823 0.009315
11 0.416109 0.726669 0.020801 0.002607
11 0.464635 0.683296 0.032596 0.002877
11 0.574713 0.242900 0.061589 0.014557
11 0.267100 0.233651 0.061589 0.014557
11 0.287731 0.235631 0.061589 0.014557
11 0.469697 0.271210 0.063713 0.015652
11 0.396947 0.263579 0.061589 0.014557
11 0.324403 0.305812 0.061589 0.014557
11 0.428688 0.248178 0.043812 0.011078
11 0.360113 0.243422 0.061589 0.014557
11 0.332171 0.285814 0.005522 0.003394
11 0.416109 0.314206 0.020801 0.002607
11 0.417194 0.298211 0.053823 0.009315
11 0.438825 0.264122 0.046098 0.009832
11 0.399432 0.265307 0.029669 0.004603
11 0.566369 0.277936 0.019125 0.003228
11 0.566369 0.277936 0.009040 0.001534
11 0.569483 0.276123 0.019125 0.003228
11 0.569483 0.276123 0.009040 0.001534
11 0.572597 0.274310 0.019125 0.003228
11 0.572597 0.274310 0.009040 0.001534
11 0.575711 0.272497 0.019125 0.003228
11 0.575711 0.272497 0.009040 0.001534
11 0.578825 0.270685 0.019125 0.003228
11 0.578825 0.270685 0.009040 0.001534
11 0.543543 0.267299 0.019125 0.003228
11 0.543543 0.267299 0.009040 0.001534
11 0.540429 0.269112 0.019125 0.003228
11 0.540429 0.269112 0.009040 0.001534
11 0.537315 0.270925 0.019125 0.003228
11 0.537315 0.270925 0.009040 0.001534
11 0.519254 0.281439 0.019125 0.003228
11 0.519254 0.281439 0.009040 0.001534
11 0.516140 0.283252 0.019125 0.003228
11 0.516140 0.283252 0.009040 0.001534
11 0.513026 0.285065 0.019125 0.003228
11 0.513026 0.285065 0.009040 0.001534
11 0.509913 0.286878 0.019125 0.003228
11 0.509913 0.286878 0.009040 0.001534
11 0.506799 0.288691 0.019125 0.003228
11 0.506799 0.288691 0.009040 0.001534
11 0.503685 0.290504 0.019125 0.003228
11 0.503685 0.290504 0.009040 0.001534
11 0.538967 0.293890 0.019125 0.003228
11 0.538967 0.293890 0.009040 0.001534
11 0.542081 0.292077 0.019125 0.003228
11 0.542081 0.292077 0.009040 0.001534
11 0.545195 0.290264 0.019125 0.003228
11 0.545195 0.290264 0.009040 0.001534
11 0.548309 0.288451 0.019125 0.003228
11 0.548309 0.288451 0.009040 0.001534
11 0.551423 0.286638 0.019125 0.003228
11 0.551423 0.286638 0.009040 0.001534
11 0.554536 0.284825 0.019125 0.003228
11 0.554536 0.284825 0.009040 0.001534
11 0.557650 0.283012 0.019125 0.003228
11 0.557650 0.283012 0.009040 0.001534
11 0.464635 0.270833 0.032596 0.002877
11 0.511470 0.285972 0.035558 0.012497
11 0.548309 0.288451 0.038672 0.014309
11 0.572598 0.274310 0.032444 0.010684
11 0.540429 0.269112 0.026216 0.007058
11 0.574712 0.047201 0.061589 0.014557
11 0.267100 0.037951 0.061589 0.014557
11 0.287731 0.039931 0.061589 0.014557
11 0.469697 0.075510 0.063713 0.015652
11 0.396946 0.067880 0.061589 0.014557
11 0.324403 0.110113 0.061589 0.014557
11 0.428688 0.052479 0.043812 0.011078
11 0.360113 0.047723 0.061589 0.014557
11 0.332171 0.090115 0.005522 0.003394
11 0.416109 0.118507 0.020801 0.002607
11 0.417193 0.102512 0.053823 0.009315
11 0.438825 0.068423 0.046098 0.009832
11 0.399432 0.069608 0.029669 0.004603
11 0.566369 0.082237 0.019125 0.003228
11 0.566369 0.082237 0.009040 0.001534
11 0.569483 0.080424 0.019125 0.003228
11 0.569483 0.080424 0.009040 0.001534
11 0.572597 0.078611 0.019125 0.003228
11 0.572597 0.078611 0.009040 0.001534
11 0.575711 0.076798 0.019125 0.003228
11 0.575711 0.076798 0.009040 0.001534
11 0.578825 0.074985 0.019125 0.003228
11 0.578825 0.074985 0.009040 0.001534
11 0.543543 0.071600 0.019125 0.003228
11 0.543543 0.071600 0.009040 0.001534
11 0.540429 0.073413 0.019125 0.003228
11 0.540429 0.073413 0.009040 0.001534
11 0.537315 0.075226 0.019125 0.003228
11 0.537315 0.075226 0.009040 0.001534
11 0.519254 0.085740 0.019125 0.003228
11 0.519254 0.085740 0.009040 0.001534
11 0.516140 0.087553 0.019125 0.003228
11 0.516140 0.087553 0.009040 0.001534
11 0.513026 0.089366 0.019125 0.003228
11 0.513026 0.089366 0.009040 0.001534
11 0.509912 0.091179 0.019125 0.003228
11 0.509912 0.091179 0.009040 0.001534
11 0.506798 0.092992 0.019125 0.003228
11 0.506798 0.092992 0.009040 0.001534
11 0.503684 0.094805 0.019125 0.003228
11 0.503684 0.094805 0.009040 0.001534
11 0.538966 0.098190 0.019125 0.003228
11 0.538966 0.098190 0.009040 0.001534
11 0.542080 0.096378 0.019125 0.003228
11 0.542080 0.096378 0.009040 0.001534
11 0.545194 0.094565 0.019125 0.003228
11 0.545194 0.094565 0.009040 0.001534
11 0.548308 0.092752 0.019125 0.003228
11 0.548308 0.092752 0.009040 0.001534
11 0.551422 0.090939 0.019125 0.003228
11 0.551422 0.090939 0.009040 0.001534
11 0.554536 0.089126 0.019125 0.003228
11 0.554536 0.089126 0.009040 0.001534
11 0.557650 0.087313 0.019125 0.003228
11 0.557650 0.087313 0.009040 0.001534
11 0.464635 0.075134 0.032596 0.002877
11 0.511469 0.090273 0.035558 0.012497
11 0.548309 0.092752 0.038672 0.014309
11 0.572597 0.078611 0.032444 0.010684
11 0.540429 0.073413 0.026216 0.007058
11 0.564556 0.449623 0.061589 0.014557
11 0.256944 0.440374 0.061589 0.014557
11 0.277575 0.442354 0.061589 0.014557
11 0.459541 0.477933 0.063713 0.015652
11 0.386790 0.470302 0.061589 0.014557
11 0.314247 0.512536 0.061589 0.014557
11 0.418531 0.454902 0.043814 0.011079
11 0.349957 0.450145 0.061589 0.014557
11 0.322015 0.492537 0.005522 0.003394
11 0.405953 0.520930 0.020801 0.002607
11 0.407038 0.504935 0.053823 0.009315
11 0.428669 0.470845 0.046098 0.009832
11 0.389276 0.472031 0.029669 0.004603
11 0.556213 0.484660 0.019125 0.003228
11 0.556213 0.484660 0.009040 0.001534
11 0.559327 0.482847 0.019125 0.003228
11 0.559327 0.482847 0.009040 0.001534
11 0.562441 0.481034 0.019125 0.003228
11 0.562441 0.481034 0.009040 0.001534
11 0.565555 0.479221 0.019125 0.003228
11 0.565555 0.479221 0.009040 0.001534
11 0.568669 0.477408 0.019125 0.003228
11 0.568669 0.477408 0.009040 0.001534
11 0.533387 0.474022 0.019125 0.003228
11 0.533387 0.474022 0.009040 0.001534
11 0.530273 0.475835 0.019125 0.003228
11 0.530273 0.475835 0.009040 0.001534
11 0.527159 0.477648 0.019125 0.003228
11 0.527159 0.477648 0.009040 0.001534
11 0.509098 0.488163 0.019125 0.003228
11 0.509098 0.488163 0.009040 0.001534
11 0.505984 0.489976 0.019125 0.003228
11 0.505984 0.489976 0.009040 0.001534
11 0.502870 0.491789 0.019125 0.003228
11 0.502870 0.491789 0.009040 0.001534
11 0.499756 0.493602 0.019125 0.003228
11 0.499756 0.493602 0.009040 0.001534
11 0.496642 0.495414 0.019125 0.003228
11 0.496642 0.495414 0.009040 0.001534
11 0.493528 0.497227 0.019125 0.003228
11 0.493528 0.497227 0.009040 0.001534
11 0.528811 0.500613 0.019125 0.003228
11 0.528811 0.500613 0.009040 0.001534
11 0.531925 0.498800 0.019125 0.003228
11 0.531925 0.498800 0.009040 0.001534
11 0.535038 0.496987 0.019125 0.003228
11 0.535038 0.496987 0.009040 0.001534
11 0.538152 0.495174 0.019125 0.003228
11 0.538152 0.495174 0.009040 0.001534
11 0.541266 0.493361 0.019125 0.003228
11 0.541266 0.493361 0.009040 0.001534
11 0.544380 0.491549 0.019125 0.003228
11 0.544380 0.491549 0.009040 0.001534
11 0.547494 0.489736 0.019125 0.003228
11 0.547494 0.489736 0.009040 0.001534
11 0.454479 0.477557 0.032596 0.002877
11 0.501314 0.492695 0.035558 0.012497
11 0.538153 0.495174 0.038672 0.014309
11 0.562441 0.481034 0.032444 0.010684
11 0.530273 0.475835 0.026216 0.007058
11 0.267100 0.869681 0.061589 0.014557
11 0.287731 0.871661 0.061589 0.014557
11 0.469697 0.907240 0.063713 0.015652
11 0.324403 0.941843 0.061589 0.014557
11 0.428688 0.884208 0.043812 0.011078
11 0.360113 0.879453 0.061589 0.014557
11 0.332171 0.921845 0.005522 0.003394
11 0.416109 0.950237 0.020801 0.002607
11 0.417193 0.934242 0.053823 0.009315
11 0.438825 0.900152 0.046098 0.009832
11 0.399432 0.901338 0.029669 0.004603
11 0.566369 0.913967 0.019125 0.003228
11 0.566369 0.913967 0.009040 0.001534
11 0.569483 0.912154 0.019125 0.003228
11 0.569483 0.912154 0.009040 0.001534
11 0.572597 0.910341 0.019125 0.003228
11 0.572597 0.910341 0.009040 0.001534
11 0.575711 0.908528 0.019125 0.003228
11 0.575711 0.908528 0.009040 0.001534
11 0.578825 0.906715 0.019125 0.003228
11 0.578825 0.906715 0.009040 0.001534
11 0.543543 0.903330 0.019125 0.003228
11 0.543543 0.903330 0.009040 0.001534
11 0.540429 0.905143 0.019125 0.003228
11 0.540429 0.905143 0.009040 0.001534
11 0.537315 0.906955 0.019125 0.003228
11 0.537315 0.906955 0.009040 0.001534
11 0.519254 0.917470 0.019125 0.003228
11 0.519254 0.917470 0.009040 0.001534
11 0.516140 0.919283 0.019125 0.003228
11 0.516140 0.919283 0.009040 0.001534
11 0.513026 0.921096 0.019125 0.003228
11 0.513026 0.921096 0.009040 0.001534
11 0.509912 0.922909 0.019125 0.003228
11 0.509912 0.922909 0.009040 0.001534
11 0.506798 0.924722 0.019125 0.003228
11 0.506798 0.924722 0.009040 0.001534
11 0.503684 0.926535 0.019125 0.003228
11 0.503684 0.926535 0.009040 0.001534
11 0.538966 0.929920 0.019125 0.003228
11 0.538966 0.929920 0.009040 0.001534
11 0.542080 0.928107 0.019125 0.003228
11 0.542080 0.928107 0.009040 0.001534
11 0.545194 0.926294 0.019125 0.003228
11 0.545194 0.926294 0.009040 0.001534
11 0.548308 0.924482 0.019125 0.003228
11 0.548308 0.924482 0.009040 0.001534
11 0.551422 0.922669 0.019125 0.003228
11 0.551422 0.922669 0.009040 0.001534
11 0.554536 0.920856 0.019125 0.003228
11 0.554536 0.920856 0.009040 0.001534
11 0.557650 0.919043 0.019125 0.003228
11 0.557650 0.919043 0.009040 0.001534
11 0.464635 0.906864 0.032596 0.002877
11 0.493298 0.465391 0.061427 0.011328
11 0.495037 0.305248 0.067172 0.020012
11 0.495037 0.109548 0.067172 0.020012
11 0.484881 0.511971 0.067172 0.020012
11 0.495037 0.941278 0.067172 0.020012
11 0.495037 0.717710 0.067172 0.020012
11 0.344488 0.933590 0.086951 0.018774
11 0.344488 0.101860 0.086951 0.018774
11 0.344488 0.297559 0.086951 0.018774
11 0.334332 0.504283 0.086951 0.018774
11 0.344488 0.710022 0.086951 0.018774
11 0.326679 0.304383 0.048342 0.010392
11 0.326679 0.108684 0.048342 0.010392
11 0.316523 0.511107 0.048342 0.010392
11 0.326679 0.940414 0.048342 0.010392
11 0.326679 0.716846 0.048342 0.010392
11 0.425784 0.112693 0.039853 0.012909
11 0.415628 0.515116 0.039853 0.012909
11 0.425784 0.720855 0.039853 0.012909
11 0.425785 0.308393 0.039853 0.012909
11 0.425784 0.944423 0.039853 0.012909
11 0.438825 0.676584 0.046098 0.009832
11 0.438825 0.264122 0.046098 0.009832
11 0.438825 0.068423 0.046098 0.009832
11 0.428669 0.470845 0.046098 0.009832
11 0.438825 0.900152 0.046098 0.009832
11 0.375871 0.697717 0.046444 0.013629
11 0.375872 0.285254 0.046444 0.013629
11 0.375871 0.089555 0.046444 0.013629
11 0.365715 0.491978 0.046444 0.013629
11 0.548309 0.288451 0.038672 0.014309
11 0.538153 0.495174 0.038672 0.014309
11 0.548309 0.092752 0.038672 0.014309
11 0.511470 0.285972 0.035558 0.012497
11 0.511469 0.090273 0.035558 0.012497
11 0.501314 0.492695 0.035558 0.012497
11 0.417193 0.102512 0.053823 0.009315
11 0.417194 0.298211 0.053823 0.009315
11 0.407038 0.504935 0.053823 0.009315
11 0.417193 0.934242 0.053823 0.009315
11 0.417193 0.710674 0.053823 0.009315
11 0.572597 0.078611 0.032444 0.010684
11 0.562441 0.481034 0.032444 0.010684
11 0.572598 0.274310 0.032444 0.010684
11 0.471334 0.737598 0.028291 0.008817
11 0.471334 0.129437 0.028291 0.008817
11 0.461178 0.531859 0.028291 0.008817
11 0.471334 0.961166 0.028291 0.008817
11 0.471334 0.325136 0.028291 0.008817
11 0.540429 0.269112 0.026216 0.007058
11 0.540429 0.073413 0.026216 0.007058
11 0.530273 0.475835 0.026216 0.007058
11 0.391006 0.517072 0.026019 0.010673
11 0.385822 0.113177 0.026019 0.010673
11 0.375666 0.515600 0.026019 0.010673
11 0.401162 0.114649 0.026019 0.010673
11 0.385822 0.721339 0.026019 0.010673
11 0.401162 0.722811 0.026019 0.010673
11 0.385822 0.308876 0.026019 0.010673
11 0.401162 0.310348 0.026019 0.010673
11 0.445882 0.300856 0.016610 0.005983
11 0.445882 0.105157 0.016610 0.005983
11 0.435726 0.507579 0.016610 0.005983
11 0.356688 0.516922 0.014756 0.005085
11 0.366844 0.310198 0.014756 0.005085
11 0.366844 0.722661 0.014756 0.005085
11 0.366844 0.114499 0.014756 0.005085
11 0.578825 0.683147 0.019125 0.003228
11 0.557650 0.695475 0.019125 0.003228
11 0.542081 0.292077 0.019125 0.003228
11 0.569483 0.080424 0.019125 0.003228
11 0.496642 0.495414 0.019125 0.003228
11 0.538152 0.495174 0.019125 0.003228
11 0.513026 0.697528 0.019125 0.003228
11 0.509912 0.699341 0.019125 0.003228
11 0.503684 0.702966 0.019125 0.003228
11 0.548308 0.700913 0.019125 0.003228
11 0.554536 0.697288 0.019125 0.003228
11 0.566369 0.277936 0.019125 0.003228
11 0.572597 0.274310 0.019125 0.003228
11 0.578825 0.270685 0.019125 0.003228
11 0.540429 0.269112 0.019125 0.003228
11 0.537315 0.270925 0.019125 0.003228
11 0.516140 0.283252 0.019125 0.003228
11 0.509913 0.286878 0.019125 0.003228
11 0.506799 0.288691 0.019125 0.003228
11 0.503685 0.290504 0.019125 0.003228
11 0.545195 0.290264 0.019125 0.003228
11 0.548309 0.288451 0.019125 0.003228
11 0.551423 0.286638 0.019125 0.003228
11 0.554536 0.284825 0.019125 0.003228
11 0.557650 0.283012 0.019125 0.003228
11 0.566369 0.082237 0.019125 0.003228
11 0.572597 0.078611 0.019125 0.003228
11 0.575711 0.076798 0.019125 0.003228
11 0.509912 0.091179 0.019125 0.003228
11 0.503684 0.094805 0.019125 0.003228
11 0.538966 0.098190 0.019125 0.003228
11 0.542080 0.096378 0.019125 0.003228
11 0.551422 0.090939 0.019125 0.003228
11 0.556213 0.484660 0.019125 0.003228
11 0.559327 0.482847 0.019125 0.003228
11 0.527159 0.477648 0.019125 0.003228
11 0.502870 0.491789 0.019125 0.003228
11 0.499756 0.493602 0.019125 0.003228
11 0.528811 0.500613 0.019125 0.003228
11 0.535038 0.496987 0.019125 0.003228
11 0.547494 0.489736 0.019125 0.003228
11 0.566369 0.913967 0.019125 0.003228
11 0.578825 0.906715 0.019125 0.003228
11 0.537315 0.906955 0.019125 0.003228
11 0.509912 0.922909 0.019125 0.003228
11 0.554536 0.920856 0.019125 0.003228
11 0.566369 0.690399 0.019125 0.003228
11 0.572597 0.686773 0.019125 0.003228
11 0.575711 0.684960 0.019125 0.003228
11 0.543543 0.679761 0.019125 0.003228
11 0.540429 0.681574 0.019125 0.003228
11 0.519254 0.693902 0.019125 0.003228
11 0.516140 0.695715 0.019125 0.003228
11 0.506798 0.701154 0.019125 0.003228
11 0.538966 0.706352 0.019125 0.003228
11 0.545194 0.702726 0.019125 0.003228
11 0.551422 0.699101 0.019125 0.003228
11 0.569483 0.276123 0.019125 0.003228
11 0.575711 0.272497 0.019125 0.003228
11 0.543543 0.267299 0.019125 0.003228
11 0.519254 0.281439 0.019125 0.003228
11 0.513026 0.285065 0.019125 0.003228
11 0.578825 0.074985 0.019125 0.003228
11 0.540429 0.073413 0.019125 0.003228
11 0.516140 0.087553 0.019125 0.003228
11 0.513026 0.089366 0.019125 0.003228
11 0.506798 0.092992 0.019125 0.003228
11 0.545194 0.094565 0.019125 0.003228
11 0.548308 0.092752 0.019125 0.003228
11 0.554536 0.089126 0.019125 0.003228
11 0.557650 0.087313 0.019125 0.003228
11 0.562441 0.481034 0.019125 0.003228
11 0.565555 0.479221 0.019125 0.003228
11 0.530273 0.475835 0.019125 0.003228
11 0.509098 0.488163 0.019125 0.003228
11 0.505984 0.489976 0.019125 0.003228
11 0.531925 0.498800 0.019125 0.003228
11 0.541266 0.493361 0.019125 0.003228
11 0.572597 0.910341 0.019125 0.003228
11 0.575711 0.908528 0.019125 0.003228
11 0.540429 0.905143 0.019125 0.003228
11 0.519254 0.917470 0.019125 0.003228
11 0.516140 0.919283 0.019125 0.003228
11 0.506798 0.924722 0.019125 0.003228
11 0.542080 0.928107 0.019125 0.003228
11 0.548308 0.924482 0.019125 0.003228
11 0.551422 0.922669 0.019125 0.003228
11 0.557650 0.919043 0.019125 0.003228
11 0.569483 0.688586 0.019125 0.003228
11 0.537315 0.683387 0.019125 0.003228
11 0.542080 0.704539 0.019125 0.003228
11 0.538967 0.293890 0.019125 0.003228
11 0.543543 0.071600 0.019125 0.003228
11 0.537315 0.075226 0.019125 0.003228
11 0.519254 0.085740 0.019125 0.003228
11 0.568669 0.477408 0.019125 0.003228
11 0.533387 0.474022 0.019125 0.003228
11 0.493528 0.497227 0.019125 0.003228
11 0.544380 0.491549 0.019125 0.003228
11 0.569483 0.912154 0.019125 0.003228
11 0.543543 0.903330 0.019125 0.003228
11 0.513026 0.921096 0.019125 0.003228
11 0.503684 0.926535 0.019125 0.003228
11 0.538966 0.929920 0.019125 0.003228
11 0.545194 0.926294 0.019125 0.003228
11 0.226632 0.309681 0.022891 0.002885
11 0.226632 0.113982 0.022891 0.002885
11 0.216476 0.516405 0.022891 0.002885
11 0.447261 0.529297 0.009153 0.003240
11 0.457417 0.735036 0.009153 0.003240
11 0.457417 0.322573 0.009153 0.003240
11 0.457417 0.126874 0.009153 0.003240
11 0.457417 0.958604 0.009153 0.003240
