0 0.220817 0.062502 0.441626 0.124999
0 0.220817 0.187502 0.441626 0.124999
0 0.220817 0.937498 0.441626 0.124999
0 0.779183 0.937498 0.441626 0.124999
0 0.779183 0.062502 0.441626 0.124999
0 0.779183 0.187502 0.441626 0.124999
0 0.427114 0.377947 0.022378 0.001683
0 0.985479 0.377947 0.022378 0.001683
0 0.427114 0.252948 0.022378 0.001683
0 0.985479 0.252948 0.022378 0.001683
11 0.424294 0.392627 0.028017 0.005274
11 0.982660 0.392627 0.028017 0.005274
11 0.424294 0.267627 0.028017 0.005274
11 0.982660 0.267627 0.028017 0.005274
