0 0.398124 0.465103 0.005479 0.004830
0 0.569088 0.465103 0.005479 0.004830
0 0.448110 0.337506 0.005576 0.002565
0 0.401141 0.314563 0.005235 0.002713
0 0.446534 0.320490 0.002830 0.003564
0 0.519102 0.337506 0.005576 0.002565
0 0.566070 0.314563 0.005235 0.002713
0 0.520677 0.320490 0.002830 0.003564
0 0.432500 0.187611 0.017340 0.001060
0 0.388308 0.074444 0.010962 0.001166
0 0.435565 0.067931 0.004806 0.003495
0 0.407997 0.060381 0.002191 0.002866
0 0.578904 0.074444 0.010962 0.001166
0 0.531646 0.067931 0.004806 0.003495
0 0.559214 0.060381 0.002191 0.002866
0 0.448110 0.462505 0.005576 0.002565
0 0.401141 0.439562 0.005235 0.002713
0 0.446534 0.445489 0.002830 0.003564
0 0.519102 0.462505 0.005576 0.002565
0 0.566070 0.439562 0.005235 0.002713
0 0.520677 0.445489 0.002830 0.003564
0 0.966737 0.877944 0.050651 0.001683
0 0.966737 0.377947 0.050651 0.001683
0 0.966737 0.252948 0.050651 0.001683
0 0.966737 0.127948 0.050651 0.001683
0 0.966737 0.002949 0.050651 0.001683
11 0.960355 0.892627 0.063415 0.005029
11 0.960355 0.392630 0.063415 0.005029
11 0.960355 0.267631 0.063415 0.005029
11 0.960355 0.142631 0.063415 0.005029
11 0.960355 0.017632 0.063415 0.005029
