0 0.101608 0.499432 0.001580 0.001298
0 0.119551 0.607002 0.001597 0.002874
0 0.115893 0.806085 0.001597 0.002874
0 0.046098 0.792521 0.001599 0.001691
0 0.062747 0.762530 0.001714 0.002409
0 0.054611 0.763107 0.001425 0.001255
0 0.044964 0.783894 0.001632 0.002840
0 0.044020 0.783894 0.003521 0.002840
0 0.044257 0.763107 0.001425 0.001255
0 0.051366 0.761782 0.001425 0.001255
0 0.040534 0.775913 0.002628 0.025862
0 0.040534 0.768206 0.002628 0.010449
0 0.040534 0.783283 0.002628 0.011121
0 0.067927 0.175143 0.005232 0.035726
0 0.071680 0.355430 0.001338 0.001442
0 0.794686 0.401375 0.002021 0.006108
0 0.817058 0.400344 0.002031 0.006224
0 0.843515 0.577901 0.006062 0.002864
0 0.766270 0.688738 0.004904 0.007438
0 0.766270 0.665568 0.004904 0.014914
0 0.778017 0.688738 0.004904 0.007438
0 0.847822 0.688738 0.004904 0.007438
0 0.859569 0.688732 0.004904 0.007438
0 0.859405 0.665568 0.004904 0.014914
0 0.924431 0.688738 0.004904 0.007438
0 0.936178 0.688738 0.004904 0.007438
0 0.851778 0.564488 0.004871 0.005235
0 0.851762 0.553998 0.005232 0.004185
0 0.840680 0.553998 0.005232 0.004185
0 0.864842 0.550801 0.002990 0.003813
0 0.864657 0.554624 0.003571 0.004413
0 0.865111 0.558735 0.003540 0.004088
0 0.878739 0.567274 0.002268 0.002659
0 0.880704 0.553017 0.004169 0.004322
0 0.878645 0.546995 0.004169 0.004322
0 0.881832 0.545689 0.001883 0.002515
0 0.876990 0.543552 0.001694 0.001219
0 0.762790 0.565301 0.004641 0.004974
0 0.761660 0.580347 0.002793 0.004291
0 0.764562 0.587733 0.001531 0.001328
0 0.779730 0.568801 0.001627 0.001919
0 0.764248 0.583564 0.001971 0.005646
0 0.795703 0.547033 0.003955 0.004205
0 0.795111 0.544983 0.004167 0.004373
0 0.799627 0.543963 0.001916 0.001987
0 0.804868 0.558106 0.001134 0.001311
0 0.054857 0.158539 0.003487 0.001318
0 0.054857 0.161834 0.003487 0.001318
2 0.042633 0.321696 0.006152 0.009241
2 0.049234 0.321696 0.006394 0.009258
2 0.055836 0.321696 0.006152 0.009241
2 0.042633 0.331766 0.006152 0.009879
2 0.042633 0.351570 0.006152 0.009241
2 0.049222 0.351570 0.006370 0.009259
2 0.062152 0.351570 0.005824 0.009214
2 0.093237 0.351570 0.006152 0.009241
2 0.093237 0.321696 0.006152 0.009241
2 0.080504 0.351570 0.018657 0.009734
2 0.080034 0.321696 0.006152 0.009241
2 0.086635 0.321696 0.006394 0.009258
2 0.073648 0.331366 0.004960 0.009033
2 0.073563 0.321696 0.004801 0.009162
2 0.062486 0.321696 0.005160 0.009163
2 0.068120 0.321696 0.005454 0.009181
2 0.073902 0.388827 0.005454 0.009181
2 0.093237 0.378925 0.006152 0.009560
2 0.073902 0.360128 0.005454 0.006963
2 0.062567 0.331398 0.005323 0.009112
2 0.093155 0.336642 0.006316 0.019630
2 0.093237 0.331766 0.006152 0.009879
2 0.093237 0.368855 0.006152 0.009560
2 0.093237 0.360128 0.006152 0.007008
2 0.093237 0.388827 0.006152 0.009241
2 0.086635 0.388827 0.006394 0.009258
2 0.080034 0.388827 0.006152 0.009241
2 0.073902 0.378925 0.005454 0.009498
2 0.080021 0.351590 0.006126 0.009201
2 0.068125 0.351575 0.005464 0.009172
2 0.042633 0.341836 0.006152 0.009241
2 0.055849 0.351570 0.006126 0.009240
2 0.073913 0.351575 0.005432 0.009171
2 0.086652 0.351594 0.006360 0.009210
2 0.093237 0.341836 0.006152 0.009241
2 0.073902 0.368855 0.005454 0.009498
2 0.070596 0.331391 0.010736 0.009125
3 0.854760 0.628567 0.007392 0.008583
3 0.841339 0.558632 0.001273 0.001279
3 0.842774 0.560075 0.001143 0.001150
3 0.878784 0.567105 0.001207 0.001243
3 0.795870 0.566352 0.012370 0.013749
3 0.794934 0.586968 0.006939 0.007602
3 0.803583 0.593982 0.006527 0.007858
3 0.803649 0.601029 0.005262 0.007153
3 0.800703 0.601267 0.011173 0.006712
3 0.799083 0.590548 0.015288 0.014762
3 0.799332 0.562416 0.005261 0.007307
3 0.792242 0.569001 0.005116 0.007294
3 0.764227 0.577924 0.001766 0.003908
3 0.784214 0.548863 0.002174 0.002381
10 0.067894 0.526721 0.015976 0.018123
10 0.063418 0.586508 0.002398 0.014344
11 0.911451 0.615124 0.002421 0.005480
11 0.916294 0.609645 0.012107 0.016438
11 0.913872 0.615124 0.002421 0.005480
11 0.916294 0.615124 0.002421 0.005480
11 0.918715 0.615124 0.002421 0.005480
11 0.921136 0.615124 0.002421 0.005480
11 0.911451 0.609644 0.002421 0.005480
11 0.913872 0.609644 0.002421 0.005480
11 0.916294 0.609644 0.002421 0.005480
11 0.918715 0.609644 0.002421 0.005480
11 0.911451 0.604165 0.002421 0.005480
11 0.913872 0.604165 0.002421 0.005480
11 0.916294 0.604165 0.002421 0.005480
11 0.918715 0.604165 0.002421 0.005480
11 0.921136 0.604165 0.002421 0.005480
11 0.930776 0.609645 0.012107 0.016438
11 0.925933 0.615124 0.002421 0.005480
11 0.928354 0.615124 0.002421 0.005480
11 0.930776 0.615124 0.002421 0.005480
11 0.933197 0.615124 0.002421 0.005480
11 0.925933 0.609644 0.002421 0.005480
11 0.928354 0.609644 0.002421 0.005480
11 0.930776 0.609644 0.002421 0.005480
11 0.933197 0.609644 0.002421 0.005480
11 0.935618 0.609644 0.002421 0.005480
11 0.925933 0.604165 0.002421 0.005480
11 0.928354 0.604165 0.002421 0.005480
11 0.930776 0.604165 0.002421 0.005480
11 0.933197 0.604165 0.002421 0.005480
11 0.915955 0.584600 0.003328 0.006159
11 0.916294 0.588430 0.012107 0.016438
11 0.912472 0.584600 0.003328 0.006159
11 0.919548 0.584600 0.003328 0.006159
11 0.925933 0.593909 0.002421 0.005480
11 0.928354 0.593909 0.002421 0.005480
11 0.930776 0.593909 0.002421 0.005480
11 0.930776 0.588430 0.012107 0.016438
11 0.110934 0.609688 0.021301 0.015792
11 0.109105 0.809628 0.017643 0.014075
11 0.063272 0.185992 0.002435 0.014344
11 0.057783 0.185992 0.007557 0.014344
11 0.049323 0.185992 0.008378 0.014344
11 0.041725 0.184177 0.004353 0.017973
11 0.041725 0.166604 0.004353 0.015743
11 0.073861 0.188640 0.005536 0.009305
11 0.080013 0.188640 0.006193 0.009305
11 0.086615 0.188640 0.006435 0.009305
11 0.093216 0.188640 0.006193 0.009305
11 0.073882 0.121473 0.005495 0.009233
11 0.079964 0.121473 0.006292 0.009233
11 0.086566 0.121473 0.006533 0.009233
11 0.093167 0.121473 0.006292 0.009233
11 0.093216 0.131543 0.006193 0.009906
11 0.093216 0.141614 0.006193 0.009233
11 0.093216 0.151348 0.006193 0.009233
11 0.093216 0.168632 0.006193 0.009569
11 0.093216 0.178702 0.006193 0.009569
11 0.093216 0.159906 0.006193 0.006882
11 0.042592 0.121473 0.006234 0.009233
11 0.049214 0.121473 0.006435 0.009233
11 0.055815 0.121473 0.006193 0.009233
11 0.062132 0.121473 0.005865 0.009233
11 0.067984 0.121473 0.005725 0.009233
11 0.042592 0.131543 0.006234 0.009906
11 0.042592 0.141614 0.006234 0.009233
11 0.042592 0.151383 0.006234 0.009305
11 0.041807 0.587805 0.004189 0.011179
11 0.912472 0.592450 0.003328 0.006159
11 0.915955 0.592450 0.003328 0.006159
11 0.919804 0.592450 0.003974 0.006159
11 0.879231 0.564284 0.001541 0.003987
11 0.877631 0.552287 0.002294 0.006711
11 0.881800 0.547965 0.002294 0.006711
11 0.789761 0.407384 0.002734 0.004762
11 0.793155 0.407384 0.002734 0.004762
11 0.793155 0.401475 0.002734 0.004762
11 0.789761 0.401475 0.002734 0.004762
11 0.811084 0.399398 0.003036 0.005287
11 0.815744 0.407513 0.003036 0.005287
11 0.811084 0.407513 0.003036 0.005287
11 0.815744 0.399398 0.003036 0.005287
11 0.236408 0.820323 0.008871 0.011329
11 0.419324 0.711063 0.008871 0.011329
11 0.049214 0.151348 0.006435 0.009233
11 0.054577 0.151383 0.003718 0.009305
11 0.062382 0.151348 0.005364 0.009233
11 0.054939 0.160186 0.003651 0.004613
11 0.058089 0.159693 0.002648 0.005599
11 0.110934 0.609688 0.021301 0.015792
11 0.109105 0.809628 0.017643 0.014075
11 0.930776 0.609645 0.012107 0.016438
11 0.916294 0.588430 0.012107 0.016438
11 0.930776 0.588430 0.012107 0.016438
11 0.916294 0.609645 0.012107 0.016438
11 0.236408 0.820323 0.008871 0.011329
11 0.419324 0.711063 0.008871 0.011329
