0 0.159916 0.291061 0.010685 0.012621
0 0.160091 0.214647 0.010334 0.014574
0 0.157718 0.239084 0.015080 0.027443
0 0.046916 0.307994 0.005884 0.012956
0 0.159011 0.365215 0.012589 0.010730
0 0.091961 0.435690 0.001714 0.013606
0 0.009887 0.297905 0.001622 0.005376
0 0.013565 0.297905 0.001622 0.005376
0 0.017242 0.297905 0.001622 0.005376
0 0.020920 0.297905 0.001622 0.005376
0 0.008495 0.319913 0.006521 0.034689
0 0.024961 0.297905 0.001622 0.005376
0 0.028639 0.297905 0.001622 0.005376
0 0.032317 0.297905 0.001622 0.005376
0 0.035995 0.297905 0.001622 0.005376
0 0.159916 0.696228 0.010685 0.012621
0 0.160091 0.619814 0.010334 0.014574
0 0.157718 0.644250 0.015080 0.027443
0 0.046916 0.713161 0.005884 0.012956
0 0.159011 0.770382 0.012589 0.010730
0 0.091961 0.840856 0.001714 0.013606
0 0.016630 0.703072 0.001622 0.005376
0 0.020308 0.703072 0.001622 0.005376
0 0.023985 0.703072 0.001622 0.005376
0 0.027663 0.703072 0.001622 0.005376
0 0.015238 0.725080 0.006521 0.034689
0 0.031704 0.703072 0.001622 0.005376
0 0.035382 0.703072 0.001622 0.005376
0 0.553922 0.327359 0.010685 0.012621
0 0.554097 0.250946 0.010334 0.014574
0 0.551724 0.275382 0.015080 0.027443
0 0.440922 0.344293 0.005884 0.012956
0 0.553017 0.401514 0.012589 0.010730
0 0.485967 0.471988 0.001714 0.013606
0 0.403892 0.334204 0.001622 0.005376
0 0.407570 0.334204 0.001622 0.005376
0 0.411248 0.334204 0.001622 0.005376
0 0.414926 0.334204 0.001622 0.005376
0 0.402501 0.356212 0.006521 0.034689
0 0.418967 0.334204 0.001622 0.005376
0 0.422645 0.334204 0.001622 0.005376
0 0.426323 0.334204 0.001622 0.005376
0 0.430001 0.334204 0.001622 0.005376
0 0.553922 0.732526 0.010685 0.012621
0 0.554097 0.656113 0.010334 0.014574
0 0.551724 0.680549 0.015080 0.027443
0 0.440922 0.749460 0.005884 0.012956
0 0.553017 0.806681 0.012589 0.010730
0 0.485967 0.877155 0.001714 0.013606
0 0.403892 0.739370 0.001622 0.005376
0 0.407570 0.739370 0.001622 0.005376
0 0.411248 0.739370 0.001622 0.005376
0 0.414926 0.739370 0.001622 0.005376
0 0.402501 0.761379 0.006521 0.034689
0 0.418967 0.739370 0.001622 0.005376
0 0.422645 0.739370 0.001622 0.005376
0 0.426323 0.739370 0.001622 0.005376
0 0.430001 0.739370 0.001622 0.005376
1 0.042416 0.368839 0.003174 0.015792
1 0.038883 0.301484 0.003961 0.019705
1 0.050638 0.240268 0.004719 0.023480
1 0.053662 0.243452 0.003268 0.016261
1 0.051998 0.217566 0.006979 0.034721
1 0.064880 0.240268 0.004719 0.023480
1 0.067904 0.243452 0.003268 0.016261
1 0.066240 0.217566 0.006979 0.034721
1 0.057045 0.302364 0.006803 0.028584
1 0.056274 0.312856 0.003990 0.019853
1 0.071287 0.302364 0.006803 0.028584
1 0.070515 0.312856 0.003990 0.019853
1 0.108006 0.240268 0.004719 0.023480
1 0.111030 0.243452 0.003268 0.016261
1 0.109366 0.217566 0.006979 0.034721
1 0.122248 0.240268 0.004719 0.023480
1 0.125272 0.243452 0.003268 0.016261
1 0.123608 0.217566 0.006979 0.034721
1 0.114413 0.302364 0.006803 0.028584
1 0.113642 0.312856 0.003990 0.019853
1 0.128655 0.302364 0.006803 0.028584
1 0.127883 0.312856 0.003990 0.019853
1 0.079323 0.240268 0.004719 0.023480
1 0.082347 0.243452 0.003268 0.016261
1 0.080683 0.217566 0.006979 0.034721
1 0.093565 0.240268 0.004719 0.023480
1 0.096589 0.243452 0.003268 0.016261
1 0.094924 0.217566 0.006979 0.034721
1 0.085730 0.302364 0.006803 0.028584
1 0.084958 0.312856 0.003990 0.019853
1 0.099971 0.302364 0.006803 0.028584
1 0.099200 0.312856 0.003990 0.019853
1 0.136690 0.240268 0.004719 0.023480
1 0.139714 0.243452 0.003268 0.016261
1 0.138050 0.217566 0.006979 0.034721
1 0.150932 0.240268 0.004719 0.023480
1 0.153956 0.243452 0.003268 0.016261
1 0.152291 0.217566 0.006979 0.034721
1 0.143096 0.302364 0.006803 0.028584
1 0.142325 0.312856 0.003990 0.019853
1 0.157338 0.302364 0.006803 0.028584
1 0.156567 0.312856 0.003990 0.019853
1 0.012995 0.237554 0.014561 0.054148
1 0.007479 0.237554 0.010884 0.054148
1 0.009296 0.254146 0.001968 0.009789
1 0.010437 0.254146 0.001968 0.009789
1 0.017222 0.237550 0.013464 0.054155
1 0.012974 0.254146 0.001968 0.009789
1 0.014115 0.254146 0.001968 0.009789
1 0.021081 0.237554 0.013827 0.054148
1 0.016651 0.254146 0.001968 0.009789
1 0.017793 0.254146 0.001968 0.009789
1 0.024759 0.237550 0.013827 0.054155
1 0.020329 0.254139 0.001968 0.009789
1 0.021471 0.254139 0.001968 0.009789
1 0.028619 0.237554 0.013464 0.054148
1 0.024370 0.254146 0.001968 0.009789
1 0.025512 0.254146 0.001968 0.009789
1 0.032297 0.237550 0.013464 0.054155
1 0.028048 0.254146 0.001968 0.009789
1 0.029189 0.254146 0.001968 0.009789
1 0.034684 0.237554 0.010884 0.054148
1 0.031726 0.254146 0.001968 0.009789
1 0.032867 0.254146 0.001968 0.009789
1 0.038362 0.237547 0.010884 0.054148
1 0.035404 0.254139 0.001968 0.009789
1 0.036545 0.254139 0.001968 0.009789
1 0.042416 0.774006 0.003174 0.015792
1 0.038883 0.706651 0.003961 0.019705
1 0.050638 0.645435 0.004719 0.023480
1 0.053662 0.648619 0.003268 0.016261
1 0.051998 0.622733 0.006979 0.034721
1 0.064880 0.645435 0.004719 0.023480
1 0.067904 0.648619 0.003268 0.016261
1 0.066240 0.622733 0.006979 0.034721
1 0.057045 0.707531 0.006803 0.028584
1 0.056274 0.718023 0.003990 0.019853
1 0.071287 0.707531 0.006803 0.028584
1 0.070515 0.718023 0.003990 0.019853
1 0.108006 0.645435 0.004719 0.023480
1 0.111030 0.648619 0.003268 0.016261
1 0.109366 0.622733 0.006979 0.034721
1 0.122248 0.645435 0.004719 0.023480
1 0.125272 0.648619 0.003268 0.016261
1 0.123608 0.622733 0.006979 0.034721
1 0.114413 0.707531 0.006803 0.028584
1 0.113642 0.718023 0.003990 0.019853
1 0.128655 0.707531 0.006803 0.028584
1 0.127883 0.718023 0.003990 0.019853
1 0.079323 0.645435 0.004719 0.023480
1 0.082347 0.648619 0.003268 0.016261
1 0.080683 0.622733 0.006979 0.034721
1 0.093565 0.645435 0.004719 0.023480
1 0.096589 0.648619 0.003268 0.016261
1 0.094924 0.622733 0.006979 0.034721
1 0.085730 0.707531 0.006803 0.028584
1 0.084958 0.718023 0.003990 0.019853
1 0.099971 0.707531 0.006803 0.028584
1 0.099200 0.718023 0.003990 0.019853
1 0.136690 0.645435 0.004719 0.023480
1 0.139714 0.648619 0.003268 0.016261
1 0.138050 0.622733 0.006979 0.034721
1 0.150932 0.645435 0.004719 0.023480
1 0.153956 0.648619 0.003268 0.016261
1 0.152291 0.622733 0.006979 0.034721
1 0.143096 0.707531 0.006803 0.028584
1 0.142325 0.718023 0.003990 0.019853
1 0.157338 0.707531 0.006803 0.028584
1 0.156567 0.718023 0.003990 0.019853
1 0.019738 0.642721 0.014561 0.054148
1 0.014222 0.642721 0.010884 0.054148
1 0.016039 0.659313 0.001968 0.009789
1 0.017180 0.659313 0.001968 0.009789
1 0.023965 0.642717 0.013464 0.054155
1 0.019717 0.659313 0.001968 0.009789
1 0.020858 0.659313 0.001968 0.009789
1 0.027825 0.642721 0.013827 0.054148
1 0.023394 0.659313 0.001968 0.009789
1 0.024536 0.659313 0.001968 0.009789
1 0.031502 0.642717 0.013827 0.054155
1 0.027072 0.659306 0.001968 0.009789
1 0.028214 0.659306 0.001968 0.009789
1 0.034072 0.642721 0.010884 0.054148
1 0.031113 0.659313 0.001968 0.009789
1 0.032255 0.659313 0.001968 0.009789
1 0.037749 0.642721 0.010884 0.054148
1 0.034791 0.659313 0.001968 0.009789
1 0.035932 0.659313 0.001968 0.009789
1 0.436421 0.405137 0.003174 0.015792
1 0.432889 0.337783 0.003961 0.019705
1 0.444644 0.276567 0.004719 0.023480
1 0.447668 0.279751 0.003268 0.016261
1 0.446004 0.253865 0.006979 0.034721
1 0.458886 0.276567 0.004719 0.023480
1 0.461910 0.279751 0.003268 0.016261
1 0.460245 0.253865 0.006979 0.034721
1 0.451051 0.338663 0.006803 0.028584
1 0.450279 0.349154 0.003990 0.019853
1 0.465292 0.338663 0.006803 0.028584
1 0.464521 0.349154 0.003990 0.019853
1 0.502012 0.276567 0.004719 0.023480
1 0.505036 0.279751 0.003268 0.016261
1 0.503372 0.253865 0.006979 0.034721
1 0.516254 0.276567 0.004719 0.023480
1 0.519278 0.279751 0.003268 0.016261
1 0.517613 0.253865 0.006979 0.034721
1 0.508419 0.338663 0.006803 0.028584
1 0.507647 0.349154 0.003990 0.019853
1 0.522660 0.338663 0.006803 0.028584
1 0.521889 0.349154 0.003990 0.019853
1 0.473329 0.276567 0.004719 0.023480
1 0.476353 0.279751 0.003268 0.016261
1 0.474688 0.253865 0.006979 0.034721
1 0.487570 0.276567 0.004719 0.023480
1 0.490594 0.279751 0.003268 0.016261
1 0.488930 0.253865 0.006979 0.034721
1 0.479735 0.338663 0.006803 0.028584
1 0.478964 0.349154 0.003990 0.019853
1 0.493977 0.338663 0.006803 0.028584
1 0.493206 0.349154 0.003990 0.019853
1 0.530696 0.276567 0.004719 0.023480
1 0.533720 0.279751 0.003268 0.016261
1 0.532055 0.253865 0.006979 0.034721
1 0.544937 0.276567 0.004719 0.023480
1 0.547961 0.279751 0.003268 0.016261
1 0.546297 0.253865 0.006979 0.034721
1 0.537102 0.338663 0.006803 0.028584
1 0.536331 0.349154 0.003990 0.019853
1 0.551344 0.338663 0.006803 0.028584
1 0.550573 0.349154 0.003990 0.019853
1 0.407001 0.273852 0.014561 0.054148
1 0.401484 0.273852 0.010884 0.054148
1 0.403301 0.290445 0.001968 0.009789
1 0.404443 0.290445 0.001968 0.009789
1 0.411228 0.273849 0.013464 0.054155
1 0.406979 0.290445 0.001968 0.009789
1 0.408120 0.290445 0.001968 0.009789
1 0.415087 0.273852 0.013827 0.054148
1 0.410657 0.290445 0.001968 0.009789
1 0.411798 0.290445 0.001968 0.009789
1 0.418765 0.273849 0.013827 0.054155
1 0.414335 0.290438 0.001968 0.009789
1 0.415476 0.290438 0.001968 0.009789
1 0.422624 0.273852 0.013464 0.054148
1 0.418376 0.290445 0.001968 0.009789
1 0.419517 0.290445 0.001968 0.009789
1 0.426302 0.273849 0.013464 0.054155
1 0.422054 0.290445 0.001968 0.009789
1 0.423195 0.290445 0.001968 0.009789
1 0.428690 0.273852 0.010884 0.054148
1 0.425732 0.290445 0.001968 0.009789
1 0.426873 0.290445 0.001968 0.009789
1 0.432368 0.273845 0.010884 0.054148
1 0.429410 0.290438 0.001968 0.009789
1 0.430551 0.290438 0.001968 0.009789
1 0.436421 0.810304 0.003174 0.015792
1 0.432889 0.742950 0.003961 0.019705
1 0.444644 0.681733 0.004719 0.023480
1 0.447668 0.684918 0.003268 0.016261
1 0.446004 0.659032 0.006979 0.034721
1 0.458886 0.681733 0.004719 0.023480
1 0.461910 0.684918 0.003268 0.016261
1 0.460245 0.659032 0.006979 0.034721
1 0.451051 0.743829 0.006803 0.028584
1 0.450279 0.754321 0.003990 0.019853
1 0.465292 0.743829 0.006803 0.028584
1 0.464521 0.754321 0.003990 0.019853
1 0.502012 0.681733 0.004719 0.023480
1 0.505036 0.684918 0.003268 0.016261
1 0.503372 0.659032 0.006979 0.034721
1 0.516254 0.681733 0.004719 0.023480
1 0.519278 0.684918 0.003268 0.016261
1 0.517613 0.659032 0.006979 0.034721
1 0.508419 0.743829 0.006803 0.028584
1 0.507647 0.754321 0.003990 0.019853
1 0.522660 0.743829 0.006803 0.028584
1 0.521889 0.754321 0.003990 0.019853
1 0.473329 0.681733 0.004719 0.023480
1 0.476353 0.684918 0.003268 0.016261
1 0.474688 0.659032 0.006979 0.034721
1 0.487570 0.681733 0.004719 0.023480
1 0.490594 0.684918 0.003268 0.016261
1 0.488930 0.659032 0.006979 0.034721
1 0.479735 0.743829 0.006803 0.028584
1 0.478964 0.754321 0.003990 0.019853
1 0.493977 0.743829 0.006803 0.028584
1 0.493206 0.754321 0.003990 0.019853
1 0.530696 0.681733 0.004719 0.023480
1 0.533720 0.684918 0.003268 0.016261
1 0.532055 0.659032 0.006979 0.034721
1 0.544937 0.681733 0.004719 0.023480
1 0.547961 0.684918 0.003268 0.016261
1 0.546297 0.659032 0.006979 0.034721
1 0.537102 0.743829 0.006803 0.028584
1 0.536331 0.754321 0.003990 0.019853
1 0.551344 0.743829 0.006803 0.028584
1 0.550573 0.754321 0.003990 0.019853
1 0.407001 0.679019 0.014561 0.054148
1 0.401484 0.679019 0.010884 0.054148
1 0.403301 0.695611 0.001968 0.009789
1 0.404443 0.695611 0.001968 0.009789
1 0.411228 0.679016 0.013464 0.054155
1 0.406979 0.695611 0.001968 0.009789
1 0.408120 0.695611 0.001968 0.009789
1 0.415087 0.679019 0.013827 0.054148
1 0.410657 0.695611 0.001968 0.009789
1 0.411798 0.695611 0.001968 0.009789
1 0.418765 0.679016 0.013827 0.054155
1 0.414335 0.695605 0.001968 0.009789
1 0.415476 0.695605 0.001968 0.009789
1 0.422624 0.679019 0.013464 0.054148
1 0.418376 0.695611 0.001968 0.009789
1 0.419517 0.695611 0.001968 0.009789
1 0.426302 0.679016 0.013464 0.054155
1 0.422054 0.695611 0.001968 0.009789
1 0.423195 0.695611 0.001968 0.009789
1 0.428690 0.679019 0.010884 0.054148
1 0.425732 0.695611 0.001968 0.009789
1 0.426873 0.695611 0.001968 0.009789
1 0.432368 0.679012 0.010884 0.054148
1 0.429410 0.695605 0.001968 0.009789
1 0.430551 0.695605 0.001968 0.009789
2 0.028437 0.765837 0.239125 1.114686
2 0.422443 0.802136 0.239125 1.114686
4 0.073522 0.430893 0.049473 0.071552
4 0.073522 0.836060 0.049473 0.071552
4 0.467528 0.467192 0.049473 0.071552
4 0.467528 0.872359 0.049473 0.071552
11 0.073522 0.430893 0.049473 0.071552
11 0.073522 0.836060 0.049473 0.071552
11 0.467528 0.467192 0.049473 0.071552
11 0.467528 0.872359 0.049473 0.071552
11 0.877754 0.682490 0.082436 0.634929
