1 0.687738 0.114591 0.004919 0.002907
1 0.687406 0.120408 0.004919 0.002907
1 0.688052 0.103508 0.004919 0.002907
1 0.687702 0.070787 0.004919 0.002907
1 0.687702 0.076325 0.004919 0.002907
1 0.688052 0.097970 0.004919 0.002907
1 0.688052 0.092431 0.004919 0.002907
1 0.688052 0.086893 0.004919 0.002907
1 0.687738 0.109053 0.004919 0.002907
1 0.687702 0.065150 0.004919 0.002907
1 0.674348 0.054170 0.001952 0.001154
1 0.675308 0.053957 0.006230 0.002136
1 0.674348 0.059500 0.001952 0.001154
1 0.675308 0.059287 0.006230 0.002136
1 0.687632 0.059235 0.004919 0.002907
1 0.687373 0.053667 0.004919 0.002907
1 0.674694 0.048417 0.001952 0.001154
1 0.675308 0.048419 0.006230 0.002136
1 0.688166 0.048364 0.004919 0.002907
1 0.688516 0.081587 0.004919 0.002907
2 0.841779 0.418538 0.009828 0.006644
2 0.860127 0.418538 0.009828 0.006644
2 0.878930 0.418538 0.009828 0.006644
2 0.895625 0.418538 0.009828 0.006644
2 0.911497 0.418538 0.009828 0.006644
2 0.844358 0.410221 0.009482 0.004533
2 0.853755 0.410229 0.009312 0.004549
2 0.864128 0.409672 0.011434 0.005663
2 0.873297 0.409684 0.006906 0.005688
2 0.882396 0.409825 0.011290 0.005406
2 0.891248 0.409805 0.006415 0.005366
2 0.902757 0.409959 0.016602 0.005120
2 0.908324 0.409943 0.002842 0.005089
2 0.849329 0.409944 0.011244 0.005341
2 0.858675 0.409985 0.007448 0.005421
2 0.868527 0.409947 0.012255 0.005496
2 0.877728 0.409843 0.006148 0.005288
2 0.886961 0.409843 0.012318 0.005288
2 0.895715 0.409859 0.005188 0.005319
2 0.912375 0.410027 0.002634 0.004922
2 0.841779 0.385039 0.009828 0.006644
2 0.860127 0.385039 0.009828 0.006644
2 0.878930 0.385039 0.009828 0.006644
2 0.895625 0.385039 0.009828 0.006644
2 0.911497 0.385039 0.009828 0.006644
