0 0.473961 0.365794 0.019378 0.010857
0 0.501091 0.365794 0.019378 0.010857
0 0.528221 0.365794 0.019378 0.010857
0 0.555350 0.365794 0.019378 0.010857
0 0.582480 0.365794 0.019378 0.010857
0 0.609610 0.365794 0.019378 0.010857
0 0.636739 0.365794 0.019378 0.010857
0 0.255230 0.656555 0.004874 0.014332
0 0.395911 0.656554 0.007423 0.011942
0 0.329394 0.656555 0.007418 0.011944
0 0.575151 0.656460 0.004874 0.014335
0 0.434468 0.656543 0.007419 0.011947
0 0.500986 0.656502 0.007418 0.011944
0 0.619963 0.719865 0.005814 0.016285
0 0.415056 0.589302 0.404001 0.006840
0 0.617057 0.644232 0.004883 0.140489
0 0.213056 0.643939 0.004883 0.139903
1 0.410528 0.661239 0.034894 0.005428
11 0.314123 0.670194 0.202133 0.113282
11 0.415182 0.636135 0.025582 0.028896
11 0.516256 0.670194 0.202133 0.113282
11 0.889505 0.500000 0.174405 0.934752
11 0.568915 0.322425 0.209286 0.127283
