0 0.598898 0.981411 0.060228 0.037144
0 0.576081 0.864463 0.001610 0.004374
0 0.582598 0.864463 0.001610 0.004374
0 0.602310 0.815137 0.002316 0.004374
0 0.579760 0.864463 0.002316 0.004374
0 0.618702 0.815137 0.001610 0.004374
0 0.670055 0.981411 0.076599 0.037144
0 0.633010 0.815137 0.002316 0.004374
0 0.655461 0.858998 0.002316 0.004374
0 0.641496 0.815137 0.001610 0.004374
0 0.647031 0.815137 0.001610 0.004374
0 0.686700 0.858998 0.002316 0.004374
0 0.625697 0.161402 0.120287 0.037144
0 0.666686 0.212023 0.001610 0.004374
0 0.697307 0.461073 0.037814 0.037144
0 0.729845 0.822816 0.001493 0.003403
0 0.856841 0.981411 0.060228 0.037144
0 0.834024 0.864463 0.001610 0.004374
0 0.840542 0.864463 0.001610 0.004374
0 0.860254 0.815137 0.002316 0.004374
0 0.837703 0.864463 0.002316 0.004374
0 0.876645 0.815137 0.001610 0.004374
0 0.927998 0.981411 0.076599 0.037144
0 0.890953 0.815137 0.002316 0.004374
0 0.913405 0.858998 0.002316 0.004374
0 0.899440 0.815137 0.001610 0.004374
0 0.904975 0.815137 0.001610 0.004374
0 0.944644 0.858998 0.002316 0.004374
0 0.883640 0.161402 0.120287 0.037144
0 0.924629 0.212023 0.001610 0.004374
0 0.955250 0.461073 0.037814 0.037144
0 0.686867 0.763368 0.001068 0.006402
0 0.944811 0.763368 0.001068 0.006402
0 0.987788 0.822816 0.001493 0.003403
4 0.354975 0.786845 0.015361 0.029517
4 0.355196 0.528894 0.015361 0.029517
4 0.354975 0.388563 0.015361 0.029517
4 0.355196 0.130612 0.015361 0.029517
11 0.705597 0.311140 0.006199 0.067465
11 0.298305 0.778365 0.004931 0.011547
11 0.298934 0.785106 0.012345 0.029517
11 0.325573 0.778320 0.007451 0.011547
11 0.325075 0.790965 0.015361 0.048280
11 0.355551 0.780104 0.004323 0.011547
11 0.354975 0.786845 0.015361 0.029517
11 0.325389 0.923008 0.034702 0.091246
11 0.297776 0.589232 0.004839 0.011547
11 0.298450 0.595973 0.012345 0.029517
11 0.325663 0.695216 0.007451 0.011547
11 0.325165 0.707861 0.015361 0.048280
11 0.355771 0.522153 0.004323 0.011547
11 0.355196 0.528894 0.015361 0.029517
11 0.275399 0.955232 0.006484 0.017321
11 0.288769 0.955232 0.006484 0.017321
11 0.297776 0.504574 0.004839 0.011547
11 0.298450 0.511315 0.012345 0.029517
11 0.298207 0.699448 0.004931 0.011547
11 0.298835 0.706189 0.012345 0.029517
11 0.721104 0.880968 0.021895 0.037144
11 0.715918 0.821923 0.002634 0.014156
11 0.722807 0.821923 0.002634 0.014156
11 0.963540 0.311140 0.006199 0.067465
11 0.298305 0.380083 0.004931 0.011547
11 0.298934 0.386824 0.012345 0.029517
11 0.297776 0.190950 0.004839 0.011547
11 0.298450 0.197691 0.012345 0.029517
11 0.297776 0.106292 0.004839 0.011547
11 0.298450 0.113033 0.012345 0.029517
11 0.298207 0.301166 0.004931 0.011547
11 0.298835 0.307907 0.012345 0.029517
11 0.354396 0.691596 0.004931 0.011547
11 0.355024 0.698337 0.012345 0.029517
11 0.354396 0.600796 0.004931 0.011547
11 0.355024 0.607537 0.012345 0.029517
11 0.355551 0.381822 0.004323 0.011547
11 0.354975 0.388563 0.015361 0.029517
11 0.354396 0.293314 0.004931 0.011547
11 0.355024 0.300055 0.012345 0.029517
11 0.354396 0.202514 0.004931 0.011547
11 0.355024 0.209255 0.012345 0.029517
11 0.355771 0.123871 0.004323 0.011547
11 0.355196 0.130612 0.015361 0.029517
11 0.979047 0.880968 0.021895 0.037144
11 0.973861 0.821923 0.002634 0.014156
11 0.980751 0.821923 0.002634 0.014156
11 0.325389 0.923008 0.034702 0.091246
11 0.697307 0.461073 0.037814 0.037144
11 0.955250 0.461073 0.037814 0.037144
11 0.979047 0.880968 0.021895 0.037144
11 0.721104 0.880968 0.021895 0.037144
11 0.325075 0.790965 0.015361 0.048280
11 0.325165 0.707861 0.015361 0.048280
11 0.705597 0.311140 0.006199 0.067465
11 0.963540 0.311140 0.006199 0.067465
11 0.355024 0.698337 0.012345 0.029517
11 0.355024 0.607537 0.012345 0.029517
11 0.355024 0.209255 0.012345 0.029517
11 0.298450 0.595973 0.012345 0.029517
11 0.298450 0.511315 0.012345 0.029517
11 0.298835 0.706189 0.012345 0.029517
11 0.298934 0.386824 0.012345 0.029517
11 0.298450 0.113033 0.012345 0.029517
11 0.298835 0.307907 0.012345 0.029517
11 0.355024 0.300055 0.012345 0.029517
11 0.298934 0.785106 0.012345 0.029517
11 0.298450 0.197691 0.012345 0.029517
11 0.288769 0.955232 0.006484 0.017321
11 0.275399 0.955232 0.006484 0.017321
