0 0.699944 0.162862 0.011851 0.003111
0 0.630134 0.162862 0.011851 0.003111
0 0.881869 0.162862 0.011851 0.003111
0 0.812059 0.162862 0.011851 0.003111
0 0.746993 0.685506 0.011851 0.003111
0 0.677184 0.685506 0.011851 0.003111
0 0.816802 0.685506 0.011851 0.003111
0 0.699944 0.427525 0.011851 0.003111
0 0.630134 0.427525 0.011851 0.003111
0 0.881869 0.427525 0.011851 0.003111
0 0.812059 0.427525 0.011851 0.003111
1 0.519257 0.849150 0.003137 0.008911
2 0.228551 0.207505 0.005897 0.001788
2 0.231500 0.209511 0.014153 0.004021
2 0.219706 0.209511 0.014153 0.004021
2 0.805646 0.207505 0.005897 0.001788
2 0.802698 0.209511 0.014153 0.004021
2 0.814492 0.209511 0.014153 0.004021
2 0.183755 0.209511 0.005470 0.001620
2 0.195653 0.209511 0.002586 0.001163
2 0.171798 0.209511 0.002586 0.001163
2 0.850443 0.209511 0.005470 0.001620
2 0.838544 0.209511 0.002586 0.001163
2 0.862400 0.209511 0.002586 0.001163
2 0.162182 0.172993 0.008555 0.002165
2 0.162182 0.169037 0.008555 0.002165
2 0.162087 0.173489 0.005836 0.001105
2 0.165415 0.172648 0.005836 0.001105
2 0.162087 0.169596 0.005836 0.001105
2 0.165543 0.168656 0.005836 0.001105
2 0.140002 0.167865 0.005588 0.001587
2 0.140067 0.162862 0.011851 0.003111
2 0.171864 0.165208 0.002432 0.001188
2 0.174296 0.165208 0.002432 0.001188
2 0.184210 0.165204 0.002432 0.001188
2 0.181778 0.165204 0.002432 0.001188
2 0.162117 0.165133 0.005588 0.001587
2 0.178102 0.173193 0.005588 0.001587
2 0.190741 0.173193 0.005588 0.001587
2 0.175848 0.167526 0.042309 0.017708
2 0.092372 0.172993 0.008555 0.002165
2 0.092372 0.169037 0.008555 0.002165
2 0.092278 0.173489 0.005836 0.001105
2 0.095606 0.172648 0.005836 0.001105
2 0.092278 0.169596 0.005836 0.001105
2 0.095734 0.168656 0.005836 0.001105
2 0.070193 0.167865 0.005588 0.001587
2 0.070258 0.162862 0.011851 0.003111
2 0.102055 0.165208 0.002432 0.001188
2 0.104486 0.165208 0.002432 0.001188
2 0.114401 0.165204 0.002432 0.001188
2 0.111969 0.165204 0.002432 0.001188
2 0.092307 0.165133 0.005588 0.001587
2 0.108293 0.173193 0.005588 0.001587
2 0.120932 0.173193 0.005588 0.001587
2 0.106039 0.167526 0.042309 0.017708
2 0.344107 0.172993 0.008555 0.002165
2 0.344107 0.169037 0.008555 0.002165
2 0.344012 0.173489 0.005836 0.001105
2 0.347340 0.172648 0.005836 0.001105
2 0.344012 0.169596 0.005836 0.001105
2 0.347468 0.168656 0.005836 0.001105
2 0.321927 0.167865 0.005588 0.001587
2 0.321992 0.162862 0.011851 0.003111
2 0.353789 0.165208 0.002432 0.001188
2 0.356220 0.165208 0.002432 0.001188
2 0.366135 0.165204 0.002432 0.001188
2 0.363703 0.165204 0.002432 0.001188
2 0.344042 0.165133 0.005588 0.001587
2 0.360027 0.173193 0.005588 0.001587
2 0.372666 0.173193 0.005588 0.001587
2 0.357773 0.167526 0.042309 0.017708
2 0.274297 0.172993 0.008555 0.002165
2 0.274297 0.169037 0.008555 0.002165
2 0.274203 0.173489 0.005836 0.001105
2 0.277531 0.172648 0.005836 0.001105
2 0.274203 0.169596 0.005836 0.001105
2 0.277659 0.168656 0.005836 0.001105
2 0.252118 0.167865 0.005588 0.001587
2 0.252183 0.162862 0.011851 0.003111
2 0.283979 0.165208 0.002432 0.001188
2 0.286411 0.165208 0.002432 0.001188
2 0.296326 0.165204 0.002432 0.001188
2 0.293894 0.165204 0.002432 0.001188
2 0.274232 0.165133 0.005588 0.001587
2 0.290217 0.173193 0.005588 0.001587
2 0.302857 0.173193 0.005588 0.001587
2 0.287964 0.167526 0.042309 0.017708
2 0.722058 0.172993 0.008555 0.002165
2 0.722058 0.169037 0.008555 0.002165
2 0.721964 0.173489 0.005836 0.001105
2 0.725292 0.172648 0.005836 0.001105
2 0.721964 0.169596 0.005836 0.001105
2 0.725420 0.168656 0.005836 0.001105
2 0.699879 0.167865 0.005588 0.001587
2 0.731740 0.165208 0.002432 0.001188
2 0.734172 0.165208 0.002432 0.001188
2 0.744086 0.165204 0.002432 0.001188
2 0.741655 0.165204 0.002432 0.001188
2 0.721993 0.165133 0.005588 0.001587
2 0.737978 0.173193 0.005588 0.001587
2 0.750617 0.173193 0.005588 0.001587
2 0.652249 0.172993 0.008555 0.002165
2 0.652249 0.169037 0.008555 0.002165
2 0.652154 0.173489 0.005836 0.001105
2 0.655483 0.172648 0.005836 0.001105
2 0.652154 0.169596 0.005836 0.001105
2 0.655611 0.168656 0.005836 0.001105
2 0.630069 0.167865 0.005588 0.001587
2 0.661931 0.165208 0.002432 0.001188
2 0.664363 0.165208 0.002432 0.001188
2 0.674277 0.165204 0.002432 0.001188
2 0.671845 0.165204 0.002432 0.001188
2 0.652184 0.165133 0.005588 0.001587
2 0.668169 0.173193 0.005588 0.001587
2 0.680808 0.173193 0.005588 0.001587
2 0.903983 0.172993 0.008555 0.002165
2 0.903983 0.169037 0.008555 0.002165
2 0.903889 0.173489 0.005836 0.001105
2 0.907217 0.172648 0.005836 0.001105
2 0.903889 0.169596 0.005836 0.001105
2 0.907345 0.168656 0.005836 0.001105
2 0.881804 0.167865 0.005588 0.001587
2 0.913665 0.165208 0.002432 0.001188
2 0.916097 0.165208 0.002432 0.001188
2 0.926011 0.165204 0.002432 0.001188
2 0.923580 0.165204 0.002432 0.001188
2 0.903918 0.165133 0.005588 0.001587
2 0.919903 0.173193 0.005588 0.001587
2 0.932542 0.173193 0.005588 0.001587
2 0.834174 0.172993 0.008555 0.002165
2 0.834174 0.169037 0.008555 0.002165
2 0.834079 0.173489 0.005836 0.001105
2 0.837408 0.172648 0.005836 0.001105
2 0.834079 0.169596 0.005836 0.001105
2 0.837536 0.168656 0.005836 0.001105
2 0.811994 0.167865 0.005588 0.001587
2 0.843856 0.165208 0.002432 0.001188
2 0.846288 0.165208 0.002432 0.001188
2 0.856202 0.165204 0.002432 0.001188
2 0.853770 0.165204 0.002432 0.001188
2 0.834109 0.165133 0.005588 0.001587
2 0.850094 0.173193 0.005588 0.001587
2 0.862733 0.173193 0.005588 0.001587
2 0.500000 0.105094 0.025576 0.005818
2 0.442569 0.105094 0.023295 0.005818
2 0.557431 0.105094 0.023295 0.005818
2 0.442569 0.096527 0.023295 0.005818
2 0.557431 0.096527 0.023295 0.005818
2 0.500000 0.096527 0.025576 0.005818
2 0.442569 0.079393 0.023295 0.005818
2 0.557431 0.079393 0.023295 0.005818
2 0.500000 0.079393 0.025576 0.005818
2 0.442569 0.070826 0.023295 0.005818
2 0.557431 0.070826 0.023295 0.005818
2 0.500000 0.070826 0.025576 0.005818
2 0.500000 0.053868 0.025576 0.005818
2 0.442569 0.053868 0.023295 0.005818
2 0.557431 0.053868 0.023295 0.005818
2 0.442569 0.045301 0.023295 0.005818
2 0.557431 0.045301 0.023295 0.005818
2 0.500000 0.045301 0.025576 0.005818
2 0.442569 0.028167 0.023295 0.005818
2 0.557431 0.028167 0.023295 0.005818
2 0.500000 0.028167 0.025576 0.005818
2 0.442569 0.019600 0.023295 0.005818
2 0.557431 0.019600 0.023295 0.005818
2 0.500000 0.019600 0.025576 0.005818
2 0.228551 0.997038 0.005897 0.001788
2 0.231500 0.999043 0.014153 0.004021
2 0.219706 0.999043 0.014153 0.004021
2 0.805646 0.997038 0.005897 0.001788
2 0.802698 0.999043 0.014153 0.004021
2 0.814492 0.999043 0.014153 0.004021
2 0.183755 0.999043 0.005470 0.001620
2 0.195653 0.999043 0.002586 0.001163
2 0.171798 0.999043 0.002586 0.001163
2 0.850443 0.999043 0.005470 0.001620
2 0.838544 0.999043 0.002586 0.001163
2 0.862400 0.999043 0.002586 0.001163
2 0.543225 0.953231 0.004705 0.001337
2 0.530679 0.953231 0.004705 0.001337
2 0.639892 0.945656 0.004436 0.001260
2 0.360108 0.945656 0.004436 0.001260
2 0.657144 0.941200 0.004436 0.001260
2 0.622641 0.941200 0.004436 0.001260
2 0.554204 0.941200 0.004436 0.001260
2 0.519701 0.941200 0.004436 0.001260
2 0.377359 0.941200 0.004436 0.001260
2 0.342856 0.941200 0.004436 0.001260
2 0.360108 0.903165 0.004436 0.001260
2 0.377359 0.898709 0.004436 0.001260
2 0.342856 0.898709 0.004436 0.001260
2 0.639892 0.903165 0.004436 0.001260
2 0.657144 0.898709 0.004436 0.001260
2 0.622641 0.898709 0.004436 0.001260
2 0.380622 0.851378 0.004436 0.001260
2 0.397873 0.846922 0.004436 0.001260
2 0.363370 0.846922 0.004436 0.001260
2 0.456525 0.851378 0.004436 0.001260
2 0.473776 0.846922 0.004436 0.001260
2 0.439273 0.846922 0.004436 0.001260
2 0.534941 0.851378 0.004436 0.001260
2 0.552192 0.846922 0.004436 0.001260
2 0.517689 0.846922 0.004436 0.001260
2 0.610844 0.851378 0.004436 0.001260
2 0.628095 0.846922 0.004436 0.001260
2 0.593592 0.846922 0.004436 0.001260
2 0.226303 0.851378 0.004436 0.001260
2 0.243555 0.846922 0.004436 0.001260
2 0.209052 0.846922 0.004436 0.001260
2 0.302206 0.851378 0.004436 0.001260
2 0.319457 0.846922 0.004436 0.001260
2 0.284954 0.846922 0.004436 0.001260
2 0.264254 0.828654 0.025093 0.002673
2 0.264254 0.840684 0.025093 0.002673
2 0.380622 0.858061 0.004705 0.001337
2 0.711216 0.858061 0.004705 0.001337
2 0.751992 0.858061 0.004705 0.001337
2 0.534941 0.858061 0.004705 0.001337
2 0.670440 0.858061 0.004705 0.001337
2 0.228551 0.730149 0.005897 0.001788
2 0.231500 0.732155 0.014153 0.004021
2 0.219706 0.732155 0.014153 0.004021
2 0.805646 0.730149 0.005897 0.001788
2 0.802698 0.732155 0.014153 0.004021
2 0.814492 0.732155 0.014153 0.004021
2 0.183755 0.732155 0.005470 0.001620
2 0.195653 0.732155 0.002586 0.001163
2 0.171798 0.732155 0.002586 0.001163
2 0.850443 0.732155 0.005470 0.001620
2 0.838544 0.732155 0.002586 0.001163
2 0.862400 0.732155 0.002586 0.001163
2 0.209231 0.695637 0.008555 0.002165
2 0.209231 0.691681 0.008555 0.002165
2 0.209137 0.696133 0.005836 0.001105
2 0.212465 0.695291 0.005836 0.001105
2 0.209137 0.692239 0.005836 0.001105
2 0.212593 0.691300 0.005836 0.001105
2 0.187052 0.690509 0.005588 0.001587
2 0.187117 0.685506 0.011851 0.003111
2 0.218913 0.687852 0.002432 0.001188
2 0.221345 0.687852 0.002432 0.001188
2 0.231259 0.687848 0.002432 0.001188
2 0.228828 0.687848 0.002432 0.001188
2 0.209166 0.687777 0.005588 0.001587
2 0.225151 0.695837 0.005588 0.001587
2 0.237790 0.695837 0.005588 0.001587
2 0.222898 0.690170 0.042309 0.017708
2 0.139422 0.695637 0.008555 0.002165
2 0.139422 0.691681 0.008555 0.002165
2 0.139327 0.696133 0.005836 0.001105
2 0.142656 0.695291 0.005836 0.001105
2 0.139327 0.692239 0.005836 0.001105
2 0.142784 0.691300 0.005836 0.001105
2 0.117242 0.690509 0.005588 0.001587
2 0.117307 0.685506 0.011851 0.003111
2 0.149104 0.687852 0.002432 0.001188
2 0.151536 0.687852 0.002432 0.001188
2 0.161450 0.687848 0.002432 0.001188
2 0.159018 0.687848 0.002432 0.001188
2 0.139357 0.687777 0.005588 0.001587
2 0.155342 0.695837 0.005588 0.001587
2 0.167981 0.695837 0.005588 0.001587
2 0.153088 0.690170 0.042309 0.017708
2 0.769108 0.695637 0.008555 0.002165
2 0.769108 0.691681 0.008555 0.002165
2 0.769013 0.696133 0.005836 0.001105
2 0.772342 0.695291 0.005836 0.001105
2 0.769013 0.692239 0.005836 0.001105
2 0.772470 0.691300 0.005836 0.001105
2 0.746928 0.690509 0.005588 0.001587
2 0.778790 0.687852 0.002432 0.001188
2 0.781222 0.687852 0.002432 0.001188
2 0.791136 0.687848 0.002432 0.001188
2 0.788704 0.687848 0.002432 0.001188
2 0.769043 0.687777 0.005588 0.001587
2 0.785028 0.695837 0.005588 0.001587
2 0.797667 0.695837 0.005588 0.001587
2 0.699298 0.695637 0.008555 0.002165
2 0.699298 0.691681 0.008555 0.002165
2 0.699204 0.696133 0.005836 0.001105
2 0.702532 0.695291 0.005836 0.001105
2 0.699204 0.692239 0.005836 0.001105
2 0.702660 0.691300 0.005836 0.001105
2 0.677119 0.690509 0.005588 0.001587
2 0.708981 0.687852 0.002432 0.001188
2 0.711412 0.687852 0.002432 0.001188
2 0.721327 0.687848 0.002432 0.001188
2 0.718895 0.687848 0.002432 0.001188
2 0.699233 0.687777 0.005588 0.001587
2 0.715219 0.695837 0.005588 0.001587
2 0.727858 0.695837 0.005588 0.001587
2 0.279040 0.695637 0.008555 0.002165
2 0.279040 0.691681 0.008555 0.002165
2 0.278946 0.696133 0.005836 0.001105
2 0.282274 0.695291 0.005836 0.001105
2 0.278946 0.692239 0.005836 0.001105
2 0.282402 0.691300 0.005836 0.001105
2 0.256861 0.690509 0.005588 0.001587
2 0.256926 0.685506 0.011851 0.003111
2 0.288723 0.687852 0.002432 0.001188
2 0.291154 0.687852 0.002432 0.001188
2 0.301069 0.687848 0.002432 0.001188
2 0.298637 0.687848 0.002432 0.001188
2 0.278975 0.687777 0.005588 0.001587
2 0.294961 0.695837 0.005588 0.001587
2 0.307600 0.695837 0.005588 0.001587
2 0.292707 0.690170 0.042309 0.017708
2 0.838917 0.695637 0.008555 0.002165
2 0.838917 0.691681 0.008555 0.002165
2 0.838822 0.696133 0.005836 0.001105
2 0.842151 0.695291 0.005836 0.001105
2 0.838822 0.692239 0.005836 0.001105
2 0.842279 0.691300 0.005836 0.001105
2 0.816737 0.690509 0.005588 0.001587
2 0.848599 0.687852 0.002432 0.001188
2 0.851031 0.687852 0.002432 0.001188
2 0.860945 0.687848 0.002432 0.001188
2 0.858513 0.687848 0.002432 0.001188
2 0.838852 0.687777 0.005588 0.001587
2 0.854837 0.695837 0.005588 0.001587
2 0.867476 0.695837 0.005588 0.001587
2 0.228551 0.472168 0.005897 0.001788
2 0.231500 0.474174 0.014153 0.004021
2 0.219706 0.474174 0.014153 0.004021
2 0.805646 0.472168 0.005897 0.001788
2 0.802698 0.474174 0.014153 0.004021
2 0.814492 0.474174 0.014153 0.004021
2 0.183755 0.474174 0.005470 0.001620
2 0.195653 0.474174 0.002586 0.001163
2 0.171798 0.474174 0.002586 0.001163
2 0.850443 0.474174 0.005470 0.001620
2 0.838544 0.474174 0.002586 0.001163
2 0.862400 0.474174 0.002586 0.001163
2 0.162182 0.437656 0.008555 0.002165
2 0.162182 0.433700 0.008555 0.002165
2 0.162087 0.438152 0.005836 0.001105
2 0.165415 0.437310 0.005836 0.001105
2 0.162087 0.434258 0.005836 0.001105
2 0.165543 0.433319 0.005836 0.001105
2 0.140002 0.432528 0.005588 0.001587
2 0.140067 0.427525 0.011851 0.003111
2 0.171864 0.429871 0.002432 0.001188
2 0.174296 0.429871 0.002432 0.001188
2 0.184210 0.429867 0.002432 0.001188
2 0.181778 0.429867 0.002432 0.001188
2 0.162117 0.429796 0.005588 0.001587
2 0.178102 0.437856 0.005588 0.001587
2 0.190741 0.437856 0.005588 0.001587
2 0.175848 0.432189 0.042309 0.017708
2 0.092372 0.437656 0.008555 0.002165
2 0.092372 0.433700 0.008555 0.002165
2 0.092278 0.438152 0.005836 0.001105
2 0.095606 0.437310 0.005836 0.001105
2 0.092278 0.434258 0.005836 0.001105
2 0.095734 0.433319 0.005836 0.001105
2 0.070193 0.432528 0.005588 0.001587
2 0.070258 0.427525 0.011851 0.003111
2 0.102055 0.429871 0.002432 0.001188
2 0.104486 0.429871 0.002432 0.001188
2 0.114401 0.429867 0.002432 0.001188
2 0.111969 0.429867 0.002432 0.001188
2 0.092307 0.429796 0.005588 0.001587
2 0.108293 0.437856 0.005588 0.001587
2 0.120932 0.437856 0.005588 0.001587
2 0.106039 0.432189 0.042309 0.017708
2 0.344107 0.437656 0.008555 0.002165
2 0.344107 0.433700 0.008555 0.002165
2 0.344012 0.438152 0.005836 0.001105
2 0.347340 0.437310 0.005836 0.001105
2 0.344012 0.434258 0.005836 0.001105
2 0.347468 0.433319 0.005836 0.001105
2 0.321927 0.432528 0.005588 0.001587
2 0.321992 0.427525 0.011851 0.003111
2 0.353789 0.429871 0.002432 0.001188
2 0.356220 0.429871 0.002432 0.001188
2 0.366135 0.429867 0.002432 0.001188
2 0.363703 0.429867 0.002432 0.001188
2 0.344042 0.429796 0.005588 0.001587
2 0.360027 0.437856 0.005588 0.001587
2 0.372666 0.437856 0.005588 0.001587
2 0.357773 0.432189 0.042309 0.017708
2 0.274297 0.437656 0.008555 0.002165
2 0.274297 0.433700 0.008555 0.002165
2 0.274203 0.438152 0.005836 0.001105
2 0.277531 0.437310 0.005836 0.001105
2 0.274203 0.434258 0.005836 0.001105
2 0.277659 0.433319 0.005836 0.001105
2 0.252118 0.432528 0.005588 0.001587
2 0.252183 0.427525 0.011851 0.003111
2 0.283979 0.429871 0.002432 0.001188
2 0.286411 0.429871 0.002432 0.001188
2 0.296326 0.429867 0.002432 0.001188
2 0.293894 0.429867 0.002432 0.001188
2 0.274232 0.429796 0.005588 0.001587
2 0.290217 0.437856 0.005588 0.001587
2 0.302857 0.437856 0.005588 0.001587
2 0.287964 0.432189 0.042309 0.017708
2 0.722058 0.437656 0.008555 0.002165
2 0.722058 0.433700 0.008555 0.002165
2 0.721964 0.438152 0.005836 0.001105
2 0.725292 0.437310 0.005836 0.001105
2 0.721964 0.434258 0.005836 0.001105
2 0.725420 0.433319 0.005836 0.001105
2 0.699879 0.432528 0.005588 0.001587
2 0.731740 0.429871 0.002432 0.001188
2 0.734172 0.429871 0.002432 0.001188
2 0.744086 0.429867 0.002432 0.001188
2 0.741655 0.429867 0.002432 0.001188
2 0.721993 0.429796 0.005588 0.001587
2 0.737978 0.437856 0.005588 0.001587
2 0.750617 0.437856 0.005588 0.001587
2 0.652249 0.437656 0.008555 0.002165
2 0.652249 0.433700 0.008555 0.002165
2 0.652154 0.438152 0.005836 0.001105
2 0.655483 0.437310 0.005836 0.001105
2 0.652154 0.434258 0.005836 0.001105
2 0.655611 0.433319 0.005836 0.001105
2 0.630069 0.432528 0.005588 0.001587
2 0.661931 0.429871 0.002432 0.001188
2 0.664363 0.429871 0.002432 0.001188
2 0.674277 0.429867 0.002432 0.001188
2 0.671845 0.429867 0.002432 0.001188
2 0.652184 0.429796 0.005588 0.001587
2 0.668169 0.437856 0.005588 0.001587
2 0.680808 0.437856 0.005588 0.001587
2 0.903983 0.437656 0.008555 0.002165
2 0.903983 0.433700 0.008555 0.002165
2 0.903889 0.438152 0.005836 0.001105
2 0.907217 0.437310 0.005836 0.001105
2 0.903889 0.434258 0.005836 0.001105
2 0.907345 0.433319 0.005836 0.001105
2 0.881804 0.432528 0.005588 0.001587
2 0.913665 0.429871 0.002432 0.001188
2 0.916097 0.429871 0.002432 0.001188
2 0.926011 0.429867 0.002432 0.001188
2 0.923580 0.429867 0.002432 0.001188
2 0.903918 0.429796 0.005588 0.001587
2 0.919903 0.437856 0.005588 0.001587
2 0.932542 0.437856 0.005588 0.001587
2 0.834174 0.437656 0.008555 0.002165
2 0.834174 0.433700 0.008555 0.002165
2 0.834079 0.438152 0.005836 0.001105
2 0.837408 0.437310 0.005836 0.001105
2 0.834079 0.434258 0.005836 0.001105
2 0.837536 0.433319 0.005836 0.001105
2 0.811994 0.432528 0.005588 0.001587
2 0.843856 0.429871 0.002432 0.001188
2 0.846288 0.429871 0.002432 0.001188
2 0.856202 0.429867 0.002432 0.001188
2 0.853770 0.429867 0.002432 0.001188
2 0.834109 0.429796 0.005588 0.001587
2 0.850094 0.437856 0.005588 0.001587
2 0.862733 0.437856 0.005588 0.001587
2 0.500000 0.369757 0.025576 0.005818
2 0.442569 0.369757 0.023295 0.005818
2 0.557431 0.369757 0.023295 0.005818
2 0.442569 0.361190 0.023295 0.005818
2 0.557431 0.361190 0.023295 0.005818
2 0.500000 0.361190 0.025576 0.005818
2 0.442569 0.344055 0.023295 0.005818
2 0.557431 0.344055 0.023295 0.005818
2 0.500000 0.344055 0.025576 0.005818
2 0.442569 0.335488 0.023295 0.005818
2 0.557431 0.335488 0.023295 0.005818
2 0.500000 0.335488 0.025576 0.005818
2 0.500000 0.318531 0.025576 0.005818
2 0.442569 0.318531 0.023295 0.005818
2 0.557431 0.318531 0.023295 0.005818
2 0.442569 0.309964 0.023295 0.005818
2 0.557431 0.309964 0.023295 0.005818
2 0.500000 0.309964 0.025576 0.005818
2 0.442569 0.292830 0.023295 0.005818
2 0.557431 0.292830 0.023295 0.005818
2 0.500000 0.292830 0.025576 0.005818
2 0.442569 0.284263 0.023295 0.005818
2 0.557431 0.284263 0.023295 0.005818
2 0.500000 0.284263 0.025576 0.005818
2 0.500000 0.576512 0.025576 0.005818
2 0.442569 0.576512 0.023295 0.005818
2 0.557431 0.576512 0.023295 0.005818
2 0.442569 0.567945 0.023295 0.005818
2 0.557431 0.567945 0.023295 0.005818
2 0.500000 0.567945 0.025576 0.005818
2 0.442569 0.550811 0.023295 0.005818
2 0.557431 0.550811 0.023295 0.005818
2 0.500000 0.550811 0.025576 0.005818
2 0.442569 0.542244 0.023295 0.005818
2 0.557431 0.542244 0.023295 0.005818
2 0.500000 0.542244 0.025576 0.005818
2 0.500000 0.636305 0.025576 0.005818
2 0.442569 0.636305 0.023295 0.005818
2 0.557431 0.636305 0.023295 0.005818
2 0.442569 0.619171 0.023295 0.005818
2 0.557431 0.619171 0.023295 0.005818
2 0.500000 0.619171 0.025576 0.005818
2 0.442569 0.602036 0.023295 0.005818
2 0.557431 0.602036 0.023295 0.005818
2 0.500000 0.602036 0.025576 0.005818
2 0.442569 0.593469 0.023295 0.005818
2 0.557431 0.593469 0.023295 0.005818
2 0.500000 0.593469 0.025576 0.005818
2 0.825612 0.962526 0.008555 0.002165
2 0.825612 0.958569 0.008555 0.002165
2 0.825517 0.963021 0.005836 0.001105
2 0.828845 0.962180 0.005836 0.001105
2 0.825517 0.959128 0.005836 0.001105
2 0.828974 0.958189 0.005836 0.001105
2 0.803432 0.957397 0.005588 0.001587
2 0.803497 0.952395 0.011851 0.003111
2 0.835294 0.954740 0.002432 0.001188
2 0.837726 0.954740 0.002432 0.001188
2 0.847640 0.954737 0.002432 0.001188
2 0.845208 0.954737 0.002432 0.001188
2 0.825547 0.954666 0.005588 0.001587
2 0.841532 0.962726 0.005588 0.001587
2 0.839278 0.957059 0.042309 0.017708
2 0.854171 0.962726 0.005588 0.001587
2 0.801303 0.919497 0.004705 0.001337
2 0.846784 0.920834 0.004705 0.001337
2 0.126936 0.962526 0.008555 0.002165
2 0.126936 0.958569 0.008555 0.002165
2 0.126841 0.963021 0.005836 0.001105
2 0.130170 0.962180 0.005836 0.001105
2 0.126841 0.959128 0.005836 0.001105
2 0.130298 0.958189 0.005836 0.001105
2 0.104756 0.957397 0.005588 0.001587
2 0.104821 0.952395 0.011851 0.003111
2 0.136618 0.954740 0.002432 0.001188
2 0.139050 0.954740 0.002432 0.001188
2 0.148964 0.954737 0.002432 0.001188
2 0.146532 0.954737 0.002432 0.001188
2 0.126871 0.954666 0.005588 0.001587
2 0.142856 0.962726 0.005588 0.001587
2 0.140602 0.957059 0.042309 0.017708
2 0.155495 0.962726 0.005588 0.001587
2 0.102627 0.919497 0.004705 0.001337
2 0.148108 0.920834 0.004705 0.001337
2 0.723762 0.854942 0.004705 0.001337
2 0.764539 0.854942 0.004705 0.001337
2 0.610844 0.854942 0.004705 0.001337
2 0.534941 0.854942 0.004705 0.001337
2 0.534941 0.862517 0.004705 0.001337
2 0.021281 0.978019 0.005616 0.003057
2 0.023556 0.971007 0.005019 0.001426
2 0.019765 0.964393 0.002238 0.001101
2 0.017527 0.964393 0.002238 0.001101
2 0.974169 0.978019 0.005616 0.003057
2 0.976444 0.971007 0.005019 0.001426
2 0.972653 0.964393 0.002238 0.001101
2 0.970415 0.964393 0.002238 0.001101
2 0.021281 0.711130 0.005616 0.003057
2 0.023556 0.704119 0.005019 0.001426
2 0.019765 0.697505 0.002238 0.001101
2 0.017527 0.697505 0.002238 0.001101
2 0.974169 0.711130 0.005616 0.003057
2 0.976444 0.704119 0.005019 0.001426
2 0.972653 0.697505 0.002238 0.001101
2 0.970415 0.697505 0.002238 0.001101
2 0.021281 0.453149 0.005616 0.003057
2 0.023556 0.446137 0.005019 0.001426
2 0.019765 0.439523 0.002238 0.001101
2 0.017527 0.439523 0.002238 0.001101
2 0.021281 0.188487 0.005616 0.003057
2 0.023556 0.181475 0.005019 0.001426
2 0.019765 0.174861 0.002238 0.001101
2 0.017527 0.174861 0.002238 0.001101
2 0.974169 0.188487 0.005616 0.003057
2 0.976444 0.181475 0.005019 0.001426
2 0.972653 0.174861 0.002238 0.001101
2 0.970415 0.174861 0.002238 0.001101
2 0.974169 0.453149 0.005616 0.003057
2 0.976444 0.446137 0.005019 0.001426
2 0.972653 0.439523 0.002238 0.001101
2 0.970415 0.439523 0.002238 0.001101
4 0.500000 0.637667 0.200891 0.013388
4 0.500000 0.620532 0.200891 0.013388
11 0.735725 0.167526 0.042309 0.017708
11 0.665915 0.167526 0.042309 0.017708
11 0.917649 0.167526 0.042309 0.017708
11 0.847840 0.167526 0.042309 0.017708
11 0.500000 0.076569 0.200891 0.021760
11 0.782774 0.690170 0.042309 0.017708
11 0.712965 0.690170 0.042309 0.017708
11 0.852583 0.690170 0.042309 0.017708
11 0.500000 0.102270 0.200891 0.021760
11 0.500000 0.051044 0.200891 0.021760
11 0.500000 0.025343 0.200891 0.021760
11 0.735725 0.432189 0.042309 0.017708
11 0.665915 0.432189 0.042309 0.017708
11 0.917649 0.432189 0.042309 0.017708
11 0.847840 0.432189 0.042309 0.017708
11 0.500000 0.341231 0.200891 0.021760
11 0.500000 0.366932 0.200891 0.021760
11 0.500000 0.315707 0.200891 0.021760
11 0.500000 0.290006 0.200891 0.021760
11 0.500000 0.573688 0.200891 0.021760
11 0.500000 0.547987 0.200891 0.021760
11 0.500000 0.599212 0.200891 0.021760
11 0.500000 0.637667 0.200891 0.013388
11 0.500000 0.620532 0.200891 0.013388
11 0.500000 0.076569 0.200891 0.021760
11 0.500000 0.290006 0.200891 0.021760
11 0.500000 0.547987 0.200891 0.021760
11 0.500000 0.599212 0.200891 0.021760
11 0.500000 0.051044 0.200891 0.021760
11 0.500000 0.025343 0.200891 0.021760
11 0.500000 0.341231 0.200891 0.021760
11 0.500000 0.366932 0.200891 0.021760
11 0.500000 0.102270 0.200891 0.021760
11 0.500000 0.315707 0.200891 0.021760
11 0.500000 0.573688 0.200891 0.021760
11 0.357773 0.167526 0.042309 0.017708
11 0.735725 0.167526 0.042309 0.017708
11 0.153088 0.690170 0.042309 0.017708
11 0.852583 0.690170 0.042309 0.017708
11 0.106039 0.432189 0.042309 0.017708
11 0.357773 0.432189 0.042309 0.017708
11 0.287964 0.432189 0.042309 0.017708
11 0.175848 0.167526 0.042309 0.017708
11 0.106039 0.167526 0.042309 0.017708
11 0.287964 0.167526 0.042309 0.017708
11 0.665915 0.167526 0.042309 0.017708
11 0.917649 0.167526 0.042309 0.017708
11 0.847840 0.167526 0.042309 0.017708
11 0.222898 0.690170 0.042309 0.017708
11 0.782774 0.690170 0.042309 0.017708
11 0.712965 0.690170 0.042309 0.017708
11 0.292707 0.690170 0.042309 0.017708
11 0.175848 0.432189 0.042309 0.017708
11 0.735725 0.432189 0.042309 0.017708
11 0.140602 0.957059 0.042309 0.017708
11 0.665915 0.432189 0.042309 0.017708
11 0.917649 0.432189 0.042309 0.017708
11 0.847840 0.432189 0.042309 0.017708
11 0.839278 0.957059 0.042309 0.017708
