0 0.034236 0.769999 0.001063 0.007515
0 0.510643 0.836156 0.006172 0.002216
0 0.974644 0.159508 0.003846 0.003324
0 0.974762 0.184891 0.004081 0.003324
0 0.979432 0.159508 0.003846 0.003324
0 0.979314 0.184891 0.004081 0.003324
0 0.961856 0.177820 0.018791 0.046235
0 0.985334 0.162587 0.002023 0.003088
0 0.978751 0.192215 0.001157 0.006401
0 0.955853 0.159508 0.003846 0.003324
0 0.955971 0.184891 0.004081 0.003324
0 0.960641 0.159508 0.003846 0.003324
0 0.960523 0.184891 0.004081 0.003324
0 0.943065 0.177820 0.018791 0.046235
0 0.979296 0.177820 0.016088 0.046235
0 0.973040 0.238834 0.004100 0.003213
0 0.973463 0.236561 0.003511 0.002712
0 0.973533 0.235489 0.003015 0.002033
0 0.958968 0.216275 0.004100 0.003213
0 0.959391 0.214003 0.003511 0.002712
0 0.959461 0.212931 0.003015 0.002033
0 0.959757 0.226716 0.015359 0.045871
0 0.975116 0.226716 0.015359 0.045871
0 0.944399 0.226716 0.015359 0.045871
0 0.937062 0.159508 0.003846 0.003324
0 0.937180 0.184891 0.004081 0.003324
0 0.941850 0.159508 0.003846 0.003324
0 0.941732 0.184891 0.004081 0.003324
0 0.528680 0.237542 0.030391 0.005924
0 0.510643 0.892956 0.006172 0.002216
0 0.510643 0.921356 0.006172 0.002216
0 0.530231 0.836156 0.006172 0.002216
0 0.530231 0.864556 0.006172 0.002216
0 0.530231 0.892956 0.006172 0.002216
0 0.530231 0.921356 0.006172 0.002216
0 0.549818 0.836156 0.006172 0.002216
0 0.549818 0.892956 0.006172 0.002216
0 0.549818 0.921356 0.006172 0.002216
0 0.569406 0.836156 0.006172 0.002216
0 0.569406 0.892956 0.006172 0.002216
0 0.569406 0.921356 0.006172 0.002216
0 0.757748 0.919691 0.010760 0.005898
0 0.777335 0.919691 0.010760 0.005898
0 0.796923 0.919691 0.010760 0.005898
0 0.816510 0.919691 0.010760 0.005898
0 0.816510 0.892886 0.010760 0.002708
0 0.796923 0.892886 0.010760 0.002708
0 0.777335 0.892886 0.010760 0.002708
0 0.757748 0.892886 0.010760 0.002708
0 0.160269 0.136786 0.008673 0.021533
0 0.182483 0.160605 0.006753 0.008465
0 0.192628 0.168020 0.010764 0.028106
0 0.144190 0.160605 0.006753 0.008465
0 0.133900 0.167850 0.010764 0.028106
0 0.144190 0.121703 0.006753 0.008465
0 0.133804 0.128949 0.010764 0.028106
0 0.182483 0.082802 0.006753 0.008465
0 0.192628 0.090218 0.010764 0.028106
0 0.144190 0.082802 0.006753 0.008465
0 0.133804 0.090048 0.010764 0.028106
0 0.182483 0.199506 0.006753 0.008465
0 0.192628 0.206921 0.010764 0.028106
0 0.144190 0.199506 0.006753 0.008465
0 0.133933 0.206959 0.010764 0.028106
1 0.028046 0.763911 0.004048 0.003223
1 0.028046 0.760688 0.004048 0.003223
1 0.028046 0.757465 0.004048 0.003223
1 0.028046 0.754242 0.004048 0.003223
1 0.024460 0.769638 0.001921 0.002907
1 0.027030 0.769919 0.002034 0.007515
1 0.503573 0.820880 0.001529 0.003140
1 0.215206 0.994562 0.002293 0.004709
1 0.245571 0.767062 0.002631 0.002095
1 0.245571 0.762872 0.002631 0.002095
1 0.245571 0.758683 0.002631 0.002095
1 0.245571 0.764967 0.002631 0.002095
1 0.245571 0.751934 0.002631 0.002095
1 0.245571 0.747744 0.002631 0.002095
1 0.245571 0.743554 0.002631 0.002095
1 0.245571 0.749839 0.002631 0.002095
1 0.239302 0.770264 0.001301 0.004237
1 0.240264 0.770264 0.001310 0.004237
1 0.245571 0.769157 0.002631 0.002095
1 0.245571 0.754028 0.002631 0.002095
1 0.241972 0.994572 0.002293 0.004709
1 0.268681 0.994562 0.002293 0.004709
1 0.979542 0.188367 0.005686 0.001252
1 0.984454 0.190164 0.002130 0.001117
1 0.960751 0.188378 0.005686 0.001231
1 0.965184 0.189540 0.001166 0.001975
1 0.941960 0.188378 0.005686 0.001231
1 0.946393 0.189540 0.001166 0.001975
1 0.781309 0.791502 0.008758 0.002842
1 0.188495 0.994562 0.002293 0.004709
1 0.169575 0.994508 0.002293 0.004709
1 0.169759 0.863326 0.002293 0.004709
1 0.169762 0.827372 0.002293 0.004709
1 0.523160 0.820880 0.001529 0.003140
1 0.542748 0.820880 0.001529 0.003140
1 0.562336 0.820880 0.001529 0.003140
1 0.509059 0.963973 0.002293 0.004709
1 0.528646 0.963973 0.002293 0.004709
1 0.548234 0.963973 0.002293 0.004709
1 0.567821 0.963973 0.002293 0.004709
1 0.498675 0.830860 0.002293 0.004709
1 0.498675 0.859260 0.002293 0.004709
1 0.498675 0.887660 0.002293 0.004709
1 0.498675 0.916060 0.002293 0.004709
1 0.498675 0.944460 0.002293 0.004709
1 0.523160 0.849280 0.001529 0.003140
1 0.503573 0.877679 0.001529 0.003140
1 0.523160 0.877679 0.001529 0.003140
1 0.542748 0.877679 0.001529 0.003140
1 0.562336 0.877679 0.001529 0.003140
1 0.503573 0.906079 0.001529 0.003140
1 0.523160 0.906079 0.001529 0.003140
1 0.542748 0.906079 0.001529 0.003140
1 0.562336 0.906079 0.001529 0.003140
1 0.750736 0.820880 0.001529 0.003140
1 0.770324 0.820880 0.001529 0.003140
1 0.789911 0.820880 0.001529 0.003140
1 0.809499 0.820880 0.001529 0.003140
1 0.756222 0.963973 0.002293 0.004709
1 0.775809 0.963973 0.002293 0.004709
1 0.795397 0.963973 0.002293 0.004709
1 0.814985 0.963973 0.002293 0.004709
1 0.745839 0.830860 0.002293 0.004709
1 0.745839 0.859260 0.002293 0.004709
1 0.745839 0.887660 0.002293 0.004709
1 0.745839 0.916060 0.002293 0.004709
1 0.745839 0.944460 0.002293 0.004709
1 0.770324 0.849280 0.001529 0.003140
1 0.750736 0.877679 0.001529 0.003140
1 0.770324 0.877679 0.001529 0.003140
1 0.789911 0.877679 0.001529 0.003140
1 0.809499 0.877679 0.001529 0.003140
1 0.750736 0.906079 0.001529 0.003140
1 0.770324 0.906079 0.001529 0.003140
1 0.789911 0.906079 0.001529 0.003140
1 0.809499 0.906079 0.001529 0.003140
1 0.169748 0.970045 0.002293 0.004709
1 0.090656 0.961857 0.002293 0.004709
1 0.090656 0.914603 0.002293 0.004709
1 0.090656 0.867349 0.002293 0.004709
1 0.090656 0.820095 0.002293 0.004709
1 0.169759 0.899385 0.002293 0.004709
1 0.169757 0.935280 0.002293 0.004709
1 0.174615 0.809430 0.001529 0.003140
1 0.201327 0.809434 0.001529 0.003140
1 0.228036 0.809435 0.001529 0.003140
1 0.254749 0.809430 0.001529 0.003140
1 0.201325 0.845392 0.001529 0.003140
1 0.174611 0.881429 0.001529 0.003140
1 0.201323 0.881433 0.001529 0.003140
1 0.228033 0.881434 0.001529 0.003140
1 0.254745 0.881429 0.001529 0.003140
1 0.174610 0.917332 0.001529 0.003140
1 0.201322 0.917336 0.001529 0.003140
1 0.228031 0.917336 0.001529 0.003140
1 0.254744 0.917332 0.001529 0.003140
1 0.245571 0.760777 0.002631 0.002095
1 0.245571 0.745649 0.002631 0.002095
1 0.036169 0.757465 0.002732 0.003256
1 0.018319 0.826617 0.001639 0.001953
1 0.051563 0.826617 0.001639 0.001953
1 0.036913 0.826546 0.001639 0.001953
1 0.036913 0.873800 0.001639 0.001953
1 0.036913 0.921054 0.001639 0.001953
1 0.036913 0.968308 0.001639 0.001953
1 0.051563 0.921126 0.001639 0.001953
1 0.051563 0.968380 0.001639 0.001953
1 0.069545 0.968380 0.001639 0.001953
1 0.069411 0.826617 0.001639 0.001953
1 0.018426 0.968380 0.001639 0.001953
1 0.069446 0.921126 0.001639 0.001953
2 0.168479 0.048184 0.001433 0.001567
2 0.168479 0.053477 0.001433 0.001567
2 0.160322 0.050831 0.003012 0.003394
2 0.152249 0.039749 0.003012 0.003394
2 0.152249 0.033358 0.003012 0.003394
2 0.780343 0.796255 0.006754 0.020805
2 0.780315 0.786872 0.001034 0.002335
2 0.780053 0.783762 0.001806 0.001337
2 0.782173 0.786916 0.004583 0.014097
2 0.777925 0.782461 0.001033 0.003183
2 0.779109 0.786914 0.003391 0.010445
2 0.698512 0.104608 0.008467 0.014129
2 0.700370 0.225281 0.005106 0.003577
2 0.704189 0.225281 0.001951 0.004444
2 0.698665 0.233903 0.001410 0.013669
2 0.720859 0.225281 0.005106 0.003577
2 0.724678 0.225281 0.001951 0.004444
2 0.719154 0.233903 0.001410 0.013669
2 0.709960 0.225281 0.005106 0.003577
2 0.713779 0.225281 0.001951 0.004444
2 0.708255 0.233903 0.001410 0.013669
2 0.700370 0.201907 0.005106 0.003577
2 0.704189 0.201907 0.001951 0.004444
2 0.698665 0.210529 0.001410 0.013669
2 0.720859 0.201907 0.005106 0.003577
2 0.724678 0.201907 0.001951 0.004444
2 0.719154 0.210529 0.001410 0.013669
2 0.709960 0.201907 0.005106 0.003577
2 0.713779 0.201907 0.001951 0.004444
2 0.708255 0.210529 0.001410 0.013669
2 0.696351 0.107242 0.001833 0.002619
2 0.700723 0.107242 0.002639 0.002619
2 0.698355 0.101490 0.006960 0.003438
2 0.730449 0.225281 0.005106 0.003577
2 0.734268 0.225281 0.001951 0.004444
2 0.728745 0.233903 0.001410 0.013669
2 0.730449 0.201907 0.005106 0.003577
2 0.734268 0.201907 0.001951 0.004444
2 0.728745 0.210529 0.001410 0.013669
2 0.699189 0.114110 0.001309 0.002688
2 0.703234 0.101103 0.020999 0.037331
2 0.703558 0.088125 0.002618 0.005376
2 0.718401 0.113305 0.001060 0.002177
2 0.718378 0.104543 0.001060 0.002177
2 0.718473 0.100580 0.001060 0.002177
2 0.718401 0.108973 0.001060 0.002177
2 0.718401 0.136154 0.001060 0.002177
2 0.717419 0.148986 0.001272 0.002612
2 0.717643 0.143875 0.001060 0.002177
2 0.718401 0.143881 0.001060 0.002177
2 0.718401 0.139904 0.001060 0.002177
2 0.717776 0.129046 0.001060 0.002177
2 0.718535 0.128826 0.001060 0.002177
2 0.718401 0.132332 0.001060 0.002177
2 0.717643 0.113191 0.001060 0.002177
2 0.718473 0.097172 0.001060 0.002177
2 0.718535 0.125074 0.001060 0.002177
2 0.718535 0.121325 0.001060 0.002177
2 0.718535 0.117502 0.001060 0.002177
2 0.740039 0.225281 0.005106 0.003577
2 0.743859 0.225281 0.001951 0.004444
2 0.738335 0.233903 0.001410 0.013669
2 0.749630 0.225281 0.005106 0.003577
2 0.753449 0.225281 0.001951 0.004444
2 0.747925 0.233903 0.001410 0.013669
2 0.759220 0.225281 0.005106 0.003577
2 0.763039 0.225281 0.001951 0.004444
2 0.757515 0.233903 0.001410 0.013669
2 0.768810 0.225281 0.005106 0.003577
2 0.772629 0.225281 0.001951 0.004444
2 0.767105 0.233903 0.001410 0.013669
2 0.778400 0.225281 0.005106 0.003577
2 0.782219 0.225281 0.001951 0.004444
2 0.776695 0.233903 0.001410 0.013669
2 0.740039 0.201907 0.005106 0.003577
2 0.743859 0.201907 0.001951 0.004444
2 0.738335 0.210529 0.001410 0.013669
2 0.749630 0.201907 0.005106 0.003577
2 0.753449 0.201907 0.001951 0.004444
2 0.747925 0.210529 0.001410 0.013669
2 0.700370 0.178533 0.005106 0.003577
2 0.704189 0.178533 0.001951 0.004444
2 0.698665 0.187155 0.001410 0.013669
2 0.709960 0.178533 0.005106 0.003577
2 0.713779 0.178533 0.001951 0.004444
2 0.708255 0.187155 0.001410 0.013669
2 0.700370 0.155159 0.005106 0.003577
2 0.704189 0.155159 0.001951 0.004444
2 0.698665 0.163781 0.001410 0.013669
2 0.709960 0.155159 0.005106 0.003577
2 0.713779 0.155159 0.001951 0.004444
2 0.708255 0.163781 0.001410 0.013669
2 0.168479 0.036114 0.001433 0.001567
2 0.168479 0.041407 0.001433 0.001567
2 0.160322 0.038761 0.003012 0.003394
2 0.168479 0.027393 0.001433 0.001567
2 0.168479 0.032687 0.001433 0.001567
2 0.160322 0.030040 0.003012 0.003394
2 0.168479 0.018673 0.001433 0.001567
2 0.168479 0.023967 0.001433 0.001567
2 0.160322 0.021320 0.003012 0.003394
3 0.973977 0.220980 0.003195 0.009842
11 0.515965 0.833972 0.004472 0.003354
11 0.239753 0.764814 0.001542 0.002816
11 0.974684 0.174466 0.004709 0.026592
11 0.979196 0.174466 0.005101 0.026592
11 0.955893 0.174466 0.004709 0.026592
11 0.960405 0.174466 0.005101 0.026592
11 0.937101 0.174466 0.004709 0.026592
11 0.941614 0.174466 0.005101 0.026592
11 0.528884 0.164212 0.025954 0.025209
11 0.516523 0.208186 0.006078 0.010558
11 0.522602 0.208186 0.006078 0.010558
11 0.528680 0.208186 0.006078 0.010558
11 0.516523 0.218744 0.006078 0.010558
11 0.522602 0.218744 0.006078 0.010558
11 0.528680 0.218744 0.006078 0.010558
11 0.516523 0.229301 0.006078 0.010558
11 0.522602 0.229301 0.006078 0.010558
11 0.528680 0.229301 0.006078 0.010558
11 0.556947 0.171015 0.011255 0.013146
11 0.534758 0.208186 0.006078 0.010558
11 0.534758 0.218744 0.006078 0.010558
11 0.534758 0.229301 0.006078 0.010558
11 0.540836 0.208186 0.006078 0.010558
11 0.540836 0.218744 0.006078 0.010558
11 0.540836 0.229301 0.006078 0.010558
11 0.515965 0.890772 0.004472 0.003354
11 0.515965 0.919172 0.004472 0.003354
11 0.535552 0.833972 0.004472 0.003354
11 0.535552 0.862372 0.004472 0.003354
11 0.535552 0.890772 0.004472 0.003354
11 0.535552 0.919172 0.004472 0.003354
11 0.555140 0.833972 0.004472 0.003354
11 0.555140 0.890772 0.004472 0.003354
11 0.555140 0.919172 0.004472 0.003354
11 0.574727 0.833972 0.004472 0.003354
11 0.574727 0.890772 0.004472 0.003354
11 0.574727 0.919172 0.004472 0.003354
11 0.763128 0.833972 0.004472 0.003354
11 0.763128 0.890772 0.004472 0.003354
11 0.763128 0.919172 0.004472 0.003354
11 0.782715 0.833972 0.004472 0.003354
11 0.782715 0.862372 0.004472 0.003354
11 0.782715 0.890772 0.004472 0.003354
11 0.782715 0.919172 0.004472 0.003354
11 0.802303 0.833972 0.004472 0.003354
11 0.802303 0.890772 0.004472 0.003354
11 0.802303 0.919172 0.004472 0.003354
11 0.821890 0.833972 0.004472 0.003354
11 0.821890 0.890772 0.004472 0.003354
11 0.821890 0.919172 0.004472 0.003354
11 0.057712 0.967032 0.017977 0.023777
11 0.057712 0.919778 0.017977 0.023777
11 0.075689 0.967032 0.017977 0.023777
11 0.075689 0.919778 0.017977 0.023777
11 0.030402 0.967032 0.017977 0.023777
11 0.030402 0.919778 0.017977 0.023777
11 0.012425 0.967032 0.017977 0.023777
11 0.012425 0.919778 0.017977 0.023777
11 0.057712 0.825270 0.017977 0.023777
11 0.075689 0.825270 0.017977 0.023777
11 0.030402 0.825270 0.017977 0.023777
11 0.012425 0.825270 0.017977 0.023777
11 0.030402 0.872524 0.017977 0.023777
11 0.527937 0.767339 0.003022 0.003947
11 0.988814 0.213042 0.002000 0.008509
11 0.033294 0.770427 0.024394 0.037143
11 0.703234 0.101103 0.020999 0.037331
11 0.528884 0.164212 0.025954 0.025209
11 0.245568 0.757501 0.016920 0.033353
11 0.075689 0.919778 0.017977 0.023777
11 0.075689 0.825270 0.017977 0.023777
11 0.030402 0.872524 0.017977 0.023777
11 0.012425 0.967032 0.017977 0.023777
11 0.012425 0.919778 0.017977 0.023777
11 0.030402 0.825270 0.017977 0.023777
11 0.057712 0.967032 0.017977 0.023777
11 0.057712 0.919778 0.017977 0.023777
11 0.075689 0.967032 0.017977 0.023777
11 0.030402 0.967032 0.017977 0.023777
11 0.030402 0.919778 0.017977 0.023777
11 0.057712 0.825270 0.017977 0.023777
11 0.012425 0.825270 0.017977 0.023777
11 0.556947 0.171015 0.011255 0.013146
11 0.698512 0.104608 0.008467 0.014129
11 0.522602 0.208186 0.006078 0.010558
11 0.528680 0.208186 0.006078 0.010558
11 0.516523 0.218744 0.006078 0.010558
11 0.522602 0.218744 0.006078 0.010558
11 0.516523 0.229301 0.006078 0.010558
11 0.528680 0.229301 0.006078 0.010558
11 0.534758 0.208186 0.006078 0.010558
11 0.534758 0.218744 0.006078 0.010558
11 0.540836 0.208186 0.006078 0.010558
11 0.540836 0.218744 0.006078 0.010558
11 0.516523 0.208186 0.006078 0.010558
11 0.522602 0.229301 0.006078 0.010558
11 0.534758 0.229301 0.006078 0.010558
11 0.540836 0.229301 0.006078 0.010558
11 0.528680 0.218744 0.006078 0.010558
11 0.979000 0.173862 0.004709 0.025383
11 0.960209 0.173862 0.004709 0.025383
11 0.941418 0.173862 0.004709 0.025383
