0 0.270285 0.822839 0.001328 0.002721
0 0.274588 0.803532 0.018564 0.014263
0 0.329877 0.822740 0.001328 0.002721
0 0.370300 0.823581 0.018564 0.012585
0 0.370300 0.809927 0.018564 0.011746
0 0.329877 0.800769 0.001328 0.002721
0 0.390361 0.822803 0.001328 0.002721
0 0.424281 0.823644 0.001328 0.002721
0 0.370300 0.797424 0.018564 0.010068
0 0.447537 0.823644 0.001328 0.002721
0 0.482666 0.811844 0.001328 0.002721
0 0.506791 0.823536 0.001328 0.002721
0 0.506791 0.801513 0.001328 0.002721
0 0.247574 0.825577 0.001328 0.002721
0 0.424281 0.798685 0.001328 0.002721
0 0.428584 0.798231 0.018564 0.011693
0 0.310327 0.927586 0.018522 0.001033
0 0.301815 0.920236 0.001501 0.011945
0 0.247574 0.807897 0.001328 0.002721
0 0.311088 0.824776 0.018564 0.010068
0 0.311088 0.811661 0.018564 0.010068
0 0.311088 0.798448 0.018564 0.010907
0 0.856541 0.893542 0.001208 0.009399
0 0.857903 0.893542 0.001515 0.009399
0 0.864762 0.899618 0.017649 0.001033
0 0.251743 0.904623 0.017649 0.001033
0 0.251480 0.921417 0.001811 0.005017
0 0.368075 0.905577 0.017635 0.001033
0 0.360007 0.898572 0.001501 0.011257
0 0.390403 0.889423 0.017652 0.001740
0 0.425751 0.887692 0.017652 0.001740
0 0.284379 0.293807 0.001403 0.004244
0 0.284156 0.299968 0.001173 0.001134
0 0.283681 0.301960 0.001676 0.001065
0 0.299300 0.326419 0.002270 0.001163
0 0.301804 0.323704 0.002343 0.007376
0 0.299313 0.322457 0.001176 0.001102
0 0.286999 0.327170 0.001363 0.004969
0 0.284537 0.326753 0.001683 0.005821
0 0.283617 0.326446 0.001976 0.002691
0 0.283922 0.315545 0.003631 0.003083
0 0.284238 0.322358 0.004013 0.002330
0 0.251394 0.276971 0.014324 0.001684
0 0.268125 0.276885 0.011599 0.001684
0 0.274881 0.927470 0.017635 0.001033
0 0.266760 0.920868 0.001392 0.010450
0 0.274881 0.911414 0.017635 0.001033
0 0.266760 0.904812 0.001392 0.010450
0 0.274888 0.894896 0.017649 0.001033
0 0.368520 0.922564 0.018522 0.001033
0 0.861905 0.321926 0.001775 0.001953
4 0.251398 0.919121 0.002309 0.010407
4 0.268337 0.920868 0.001762 0.010450
4 0.268337 0.904812 0.001762 0.010450
4 0.301815 0.920236 0.001501 0.011945
4 0.360007 0.898572 0.001501 0.011257
4 0.857903 0.893542 0.001515 0.009399
4 0.360008 0.917108 0.001501 0.008159
11 0.332214 0.900746 0.003216 0.003186
11 0.332210 0.889778 0.003216 0.002405
11 0.332211 0.897037 0.003216 0.003032
11 0.332211 0.893171 0.003216 0.003191
11 0.319028 0.923730 0.001119 0.001721
11 0.317735 0.923730 0.001468 0.001721
11 0.316302 0.923730 0.001396 0.001721
11 0.314695 0.923730 0.001818 0.001721
11 0.313157 0.923730 0.001259 0.001721
11 0.301815 0.913403 0.001500 0.001721
11 0.319028 0.925399 0.001119 0.001619
11 0.316302 0.925399 0.001396 0.001619
11 0.313157 0.925399 0.001259 0.001619
11 0.314695 0.925399 0.001818 0.001619
11 0.317735 0.925399 0.001468 0.001619
11 0.319028 0.919943 0.001119 0.001721
11 0.317735 0.919943 0.001468 0.001721
11 0.316302 0.919943 0.001396 0.001721
11 0.314695 0.919943 0.001818 0.001721
11 0.313157 0.919943 0.001259 0.001721
11 0.866017 0.894129 0.001730 0.001175
11 0.868787 0.894129 0.001726 0.001175
11 0.867403 0.894129 0.001042 0.001175
11 0.870339 0.894129 0.001377 0.001175
11 0.871758 0.894129 0.001461 0.001175
11 0.873038 0.894129 0.001098 0.001175
11 0.866017 0.895304 0.001730 0.001175
11 0.868787 0.895304 0.001726 0.001175
11 0.867403 0.895304 0.001042 0.001175
11 0.870339 0.895304 0.001377 0.001175
11 0.871758 0.895304 0.001461 0.001175
11 0.873038 0.895304 0.001098 0.001175
11 0.866017 0.896479 0.001730 0.001175
11 0.868787 0.896479 0.001726 0.001175
11 0.867403 0.896479 0.001042 0.001175
11 0.870339 0.896479 0.001377 0.001175
11 0.871758 0.896479 0.001461 0.001175
11 0.873038 0.896479 0.001098 0.001175
11 0.856541 0.887983 0.001208 0.001720
11 0.866017 0.897654 0.001730 0.001175
11 0.868787 0.897654 0.001726 0.001175
11 0.867403 0.897654 0.001042 0.001175
11 0.870339 0.897654 0.001377 0.001175
11 0.871758 0.897654 0.001461 0.001175
11 0.873038 0.897654 0.001098 0.001175
11 0.861468 0.893542 0.005616 0.009399
11 0.860750 0.894051 0.001073 0.003202
11 0.866017 0.892954 0.001730 0.001175
11 0.868787 0.892954 0.001726 0.001175
11 0.867403 0.892954 0.001042 0.001175
11 0.870339 0.892954 0.001377 0.001175
11 0.871758 0.892954 0.001461 0.001175
11 0.873038 0.892954 0.001098 0.001175
11 0.868787 0.891780 0.001726 0.001175
11 0.867403 0.891780 0.001042 0.001175
11 0.870339 0.891780 0.001377 0.001175
11 0.871758 0.891780 0.001461 0.001175
11 0.873038 0.891780 0.001098 0.001175
11 0.868787 0.890605 0.001726 0.001175
11 0.867403 0.890605 0.001042 0.001175
11 0.870339 0.890605 0.001377 0.001175
11 0.871758 0.890605 0.001461 0.001175
11 0.873038 0.890605 0.001098 0.001175
11 0.866017 0.890605 0.001730 0.001175
11 0.252998 0.900309 0.001730 0.001175
11 0.255768 0.900309 0.001726 0.001175
11 0.254385 0.900309 0.001042 0.001175
11 0.257320 0.900309 0.001377 0.001175
11 0.258739 0.900309 0.001461 0.001175
11 0.260019 0.900309 0.001098 0.001175
11 0.252998 0.901484 0.001730 0.001175
11 0.255768 0.901484 0.001726 0.001175
11 0.254385 0.901484 0.001042 0.001175
11 0.257320 0.901484 0.001377 0.001175
11 0.258739 0.901484 0.001461 0.001175
11 0.260019 0.901484 0.001098 0.001175
11 0.243522 0.898861 0.001208 0.001721
11 0.252998 0.902659 0.001730 0.001175
11 0.255768 0.902659 0.001726 0.001175
11 0.254385 0.902659 0.001042 0.001175
11 0.257320 0.902659 0.001377 0.001175
11 0.258739 0.902659 0.001461 0.001175
11 0.260019 0.902659 0.001098 0.001175
11 0.243522 0.901484 0.001208 0.003525
11 0.248449 0.901484 0.005616 0.003525
11 0.244884 0.901484 0.001515 0.003525
11 0.249849 0.901649 0.002309 0.003060
11 0.251398 0.919121 0.002309 0.010407
11 0.310168 0.922522 0.003566 0.003317
11 0.310168 0.918205 0.003566 0.004379
11 0.868787 0.889430 0.001726 0.001175
11 0.867403 0.889430 0.001042 0.001175
11 0.870339 0.889430 0.001377 0.001175
11 0.871758 0.889430 0.001461 0.001175
11 0.873038 0.889430 0.001098 0.001175
11 0.376340 0.901721 0.001105 0.001721
11 0.375054 0.901721 0.001468 0.001721
11 0.373622 0.901721 0.001396 0.001721
11 0.372015 0.901721 0.001818 0.001721
11 0.370476 0.901721 0.001259 0.001721
11 0.360006 0.891653 0.001500 0.002582
11 0.376340 0.903391 0.001105 0.001619
11 0.373622 0.903391 0.001396 0.001619
11 0.370476 0.903391 0.001259 0.001619
11 0.372015 0.903391 0.001818 0.001619
11 0.375054 0.903391 0.001468 0.001619
11 0.376340 0.897935 0.001105 0.001721
11 0.375054 0.897935 0.001468 0.001721
11 0.373622 0.897935 0.001396 0.001721
11 0.372015 0.897935 0.001818 0.001721
11 0.370476 0.897935 0.001259 0.001721
11 0.371385 0.893632 0.003076 0.001377
11 0.367845 0.898594 0.003628 0.007348
11 0.425330 0.891520 0.003216 0.002379
11 0.454184 0.920508 0.003216 0.007599
11 0.585797 0.814785 0.006090 0.008045
11 0.546694 0.821350 0.001865 0.001139
11 0.548934 0.821350 0.001865 0.001139
11 0.551173 0.821350 0.001865 0.001139
11 0.544052 0.817728 0.001049 0.001291
11 0.544052 0.817203 0.001538 0.002754
11 0.545026 0.817203 0.004216 0.003397
11 0.553413 0.821350 0.001865 0.001139
11 0.546694 0.824934 0.001865 0.001139
11 0.548934 0.824934 0.001865 0.001139
11 0.551173 0.824934 0.001865 0.001139
11 0.553413 0.824934 0.001865 0.001139
11 0.546694 0.827408 0.001865 0.001139
11 0.548934 0.827408 0.001865 0.001139
11 0.551173 0.827408 0.001865 0.001139
11 0.553413 0.827408 0.001865 0.001139
11 0.546694 0.812574 0.001865 0.001139
11 0.548934 0.812574 0.001865 0.001139
11 0.544869 0.794677 0.004216 0.001604
11 0.543913 0.791789 0.001984 0.001139
11 0.543913 0.796790 0.001984 0.001139
11 0.548887 0.796790 0.001984 0.001139
11 0.551374 0.796790 0.001984 0.001139
11 0.556349 0.796790 0.001984 0.001139
11 0.558836 0.796790 0.001984 0.001139
11 0.543913 0.798974 0.001984 0.001139
11 0.546400 0.798974 0.001984 0.001139
11 0.543913 0.801159 0.001984 0.001139
11 0.546400 0.801159 0.001984 0.001139
11 0.543913 0.803343 0.001984 0.001139
11 0.546400 0.803343 0.001984 0.001139
11 0.543913 0.805527 0.001984 0.001139
11 0.546400 0.805527 0.001984 0.001139
11 0.551778 0.798673 0.018501 0.016037
11 0.283240 0.294437 0.004744 0.008336
11 0.299886 0.320879 0.002268 0.002791
11 0.299901 0.320921 0.001601 0.001970
11 0.299761 0.320753 0.008980 0.011052
11 0.299808 0.320802 0.005477 0.006740
11 0.297243 0.323999 0.003943 0.004560
11 0.298142 0.322946 0.002145 0.002452
11 0.265857 0.162325 0.003088 0.005314
11 0.466291 0.199255 0.002277 0.002365
11 0.468959 0.199500 0.002839 0.002162
11 0.456518 0.191728 0.003007 0.006024
11 0.463020 0.191728 0.003007 0.006024
11 0.467775 0.191728 0.003007 0.006024
11 0.472529 0.191728 0.003007 0.006024
11 0.479032 0.191728 0.003007 0.006024
11 0.268337 0.920868 0.001762 0.010450
11 0.266767 0.914352 0.001406 0.002582
11 0.546400 0.796790 0.001984 0.001139
11 0.546694 0.829883 0.001865 0.001139
11 0.548934 0.829883 0.001865 0.001139
11 0.551173 0.829883 0.001865 0.001139
11 0.553413 0.829883 0.001865 0.001139
11 0.555653 0.829883 0.001865 0.001139
11 0.557892 0.829883 0.001865 0.001139
11 0.555653 0.827408 0.001865 0.001139
11 0.557892 0.827408 0.001865 0.001139
11 0.560132 0.827408 0.001865 0.001139
11 0.562372 0.827408 0.001865 0.001139
11 0.555653 0.824934 0.001865 0.001139
11 0.557892 0.824934 0.001865 0.001139
11 0.560132 0.824934 0.001865 0.001139
11 0.562372 0.824934 0.001865 0.001139
11 0.555653 0.821350 0.001865 0.001139
11 0.557892 0.821350 0.001865 0.001139
11 0.560132 0.829883 0.001865 0.001139
11 0.551173 0.812574 0.001865 0.001139
11 0.268337 0.904812 0.001762 0.010450
11 0.266767 0.898297 0.001406 0.002582
11 0.560132 0.821350 0.001865 0.001139
11 0.562372 0.821350 0.001865 0.001139
11 0.564611 0.821350 0.001865 0.001139
11 0.564611 0.824934 0.001865 0.001139
11 0.566851 0.824934 0.001865 0.001139
11 0.569091 0.824934 0.001865 0.001139
11 0.571330 0.824934 0.001865 0.001139
11 0.573570 0.824934 0.001865 0.001139
11 0.575810 0.824934 0.001865 0.001139
11 0.564611 0.827408 0.001865 0.001139
11 0.566851 0.827408 0.001865 0.001139
11 0.569091 0.827408 0.001865 0.001139
11 0.571330 0.827408 0.001865 0.001139
11 0.573570 0.827408 0.001865 0.001139
11 0.575810 0.827408 0.001865 0.001139
11 0.566851 0.821350 0.001865 0.001139
11 0.569091 0.821350 0.001865 0.001139
11 0.571330 0.821350 0.001865 0.001139
11 0.573570 0.821350 0.001865 0.001139
11 0.551481 0.817528 0.001865 0.001139
11 0.553720 0.817528 0.001865 0.001139
11 0.555872 0.817528 0.001865 0.001139
11 0.558024 0.817528 0.001865 0.001139
11 0.560176 0.817528 0.001865 0.001139
11 0.562327 0.817528 0.001865 0.001139
11 0.564479 0.817528 0.001865 0.001139
11 0.566631 0.817528 0.001865 0.001139
11 0.568783 0.817528 0.001865 0.001139
11 0.570935 0.817528 0.001865 0.001139
11 0.573086 0.817528 0.001865 0.001139
11 0.575238 0.817528 0.001865 0.001139
11 0.551481 0.815641 0.001865 0.001139
11 0.553720 0.815641 0.001865 0.001139
11 0.555872 0.815641 0.001865 0.001139
11 0.276144 0.890582 0.001730 0.001175
11 0.278914 0.890582 0.001726 0.001175
11 0.277530 0.890582 0.001042 0.001175
11 0.280465 0.890582 0.001377 0.001175
11 0.281885 0.890582 0.001461 0.001175
11 0.283164 0.890582 0.001098 0.001175
11 0.276144 0.891757 0.001730 0.001175
11 0.278914 0.891757 0.001726 0.001175
11 0.277530 0.891757 0.001042 0.001175
11 0.280465 0.891757 0.001377 0.001175
11 0.281885 0.891757 0.001461 0.001175
11 0.283164 0.891757 0.001098 0.001175
11 0.266668 0.889134 0.001208 0.001721
11 0.276144 0.892932 0.001730 0.001175
11 0.278914 0.892932 0.001726 0.001175
11 0.277530 0.892932 0.001042 0.001175
11 0.280465 0.892932 0.001377 0.001175
11 0.281885 0.892932 0.001461 0.001175
11 0.283164 0.892932 0.001098 0.001175
11 0.266668 0.891757 0.001208 0.003525
11 0.271595 0.891757 0.005616 0.003525
11 0.268029 0.891757 0.001515 0.003525
11 0.272994 0.891921 0.002309 0.003060
11 0.360008 0.917108 0.001501 0.008159
11 0.377222 0.918708 0.001119 0.001721
11 0.375928 0.918708 0.001468 0.001721
11 0.374496 0.918708 0.001396 0.001721
11 0.372889 0.918708 0.001818 0.001721
11 0.371351 0.918708 0.001259 0.001721
11 0.360008 0.912168 0.001500 0.001721
11 0.377222 0.920378 0.001119 0.001619
11 0.374496 0.920378 0.001396 0.001619
11 0.371351 0.920378 0.001259 0.001619
11 0.372889 0.920378 0.001818 0.001619
11 0.375928 0.920378 0.001468 0.001619
11 0.368361 0.916812 0.003566 0.004694
11 0.340741 0.661889 0.005045 0.003602
11 0.340741 0.661166 0.002750 0.002157
11 0.355856 0.557058 0.005045 0.003602
11 0.355856 0.556335 0.002750 0.002157
11 0.328035 0.414943 0.005045 0.003602
11 0.328035 0.414220 0.002750 0.002157
11 0.425251 0.660926 0.005045 0.003602
11 0.439102 0.556921 0.005045 0.003602
11 0.409882 0.413999 0.005045 0.003602
11 0.277021 0.660414 0.001167 0.002190
11 0.271659 0.558738 0.001167 0.002190
11 0.243907 0.414619 0.001167 0.002190
11 0.508386 0.660926 0.005045 0.003602
11 0.522236 0.556921 0.005045 0.003602
11 0.553862 0.796790 0.001984 0.001139
11 0.546694 0.823149 0.001865 0.001139
11 0.548934 0.823149 0.001865 0.001139
11 0.332214 0.922429 0.003216 0.003186
11 0.332210 0.911461 0.003216 0.002405
11 0.332211 0.918720 0.003216 0.003032
11 0.332211 0.914854 0.003216 0.003191
11 0.551778 0.798673 0.018501 0.016037
11 0.299761 0.320753 0.008980 0.011052
11 0.861468 0.893542 0.005616 0.009399
11 0.585797 0.814785 0.006090 0.008045
11 0.367845 0.898594 0.003628 0.007348
11 0.454184 0.920508 0.003216 0.007599
11 0.271595 0.891757 0.005616 0.003525
11 0.248449 0.901484 0.005616 0.003525
11 0.340741 0.661889 0.005045 0.003602
11 0.355856 0.557058 0.005045 0.003602
11 0.328035 0.414943 0.005045 0.003602
11 0.522236 0.556921 0.005045 0.003602
11 0.508386 0.660926 0.005045 0.003602
11 0.409882 0.413999 0.005045 0.003602
11 0.425251 0.660926 0.005045 0.003602
11 0.439102 0.556921 0.005045 0.003602
11 0.283240 0.294437 0.004744 0.008336
11 0.368361 0.916812 0.003566 0.004694
11 0.310168 0.918205 0.003566 0.004379
11 0.545026 0.817203 0.004216 0.003397
11 0.310168 0.922522 0.003566 0.003317
11 0.332211 0.893171 0.003216 0.003191
11 0.332211 0.914854 0.003216 0.003191
11 0.332214 0.900746 0.003216 0.003186
11 0.332214 0.922429 0.003216 0.003186
11 0.332211 0.918720 0.003216 0.003032
11 0.332211 0.897037 0.003216 0.003032
11 0.332210 0.889778 0.003216 0.002405
11 0.332210 0.911461 0.003216 0.002405
11 0.425330 0.891520 0.003216 0.002379
11 0.299886 0.320879 0.002268 0.002791
11 0.244884 0.901484 0.001515 0.003525
11 0.268029 0.891757 0.001515 0.003525
11 0.544052 0.817203 0.001538 0.002754
11 0.360006 0.891653 0.001500 0.002582
11 0.266767 0.914352 0.001406 0.002582
11 0.266767 0.898297 0.001406 0.002582
11 0.314695 0.919943 0.001818 0.001721
11 0.372015 0.897935 0.001818 0.001721
11 0.314695 0.923730 0.001818 0.001721
11 0.372889 0.918708 0.001818 0.001721
11 0.372015 0.901721 0.001818 0.001721
