0 0.270285 0.684582 0.001328 0.002264
0 0.274588 0.668519 0.018564 0.011867
0 0.329877 0.684499 0.001328 0.002264
0 0.370300 0.685199 0.018564 0.010471
0 0.370300 0.673839 0.018564 0.009773
0 0.329877 0.666220 0.001328 0.002264
0 0.390361 0.684551 0.001328 0.002264
0 0.424281 0.685251 0.001328 0.002264
0 0.370300 0.663437 0.018564 0.008377
0 0.447537 0.685251 0.001328 0.002264
0 0.482666 0.675434 0.001328 0.002264
0 0.506791 0.685161 0.001328 0.002264
0 0.506791 0.666839 0.001328 0.002264
0 0.247574 0.686860 0.001328 0.002264
0 0.424281 0.664486 0.001328 0.002264
0 0.428584 0.664108 0.018564 0.009728
0 0.301815 0.765614 0.001501 0.009938
0 0.247574 0.672150 0.001328 0.002264
0 0.311088 0.686193 0.018564 0.008377
0 0.311088 0.675282 0.018564 0.008377
0 0.311088 0.664289 0.018564 0.009075
0 0.856541 0.743405 0.001208 0.007820
0 0.857903 0.743405 0.001515 0.007820
0 0.251480 0.766596 0.001811 0.004174
0 0.360007 0.747590 0.001501 0.009365
0 0.390403 0.739978 0.017652 0.001448
0 0.425751 0.738538 0.017652 0.001448
0 0.284379 0.244440 0.001403 0.003531
0 0.301804 0.269314 0.002343 0.006136
0 0.286999 0.272198 0.001363 0.004134
0 0.284537 0.271850 0.001683 0.004843
0 0.283617 0.271595 0.001976 0.002239
0 0.283922 0.262526 0.003631 0.002565
0 0.284238 0.268194 0.004013 0.001938
0 0.251394 0.230433 0.014324 0.001401
0 0.268125 0.230361 0.011599 0.001401
0 0.266760 0.766139 0.001392 0.008694
0 0.266760 0.752781 0.001392 0.008694
0 0.861905 0.267834 0.001775 0.001625
4 0.251398 0.764686 0.002309 0.008659
4 0.268337 0.766139 0.001762 0.008694
4 0.268337 0.752781 0.001762 0.008694
4 0.301815 0.765614 0.001501 0.009938
4 0.360007 0.747590 0.001501 0.009365
4 0.857903 0.743405 0.001515 0.007820
4 0.360008 0.763011 0.001501 0.006788
11 0.332214 0.749398 0.003216 0.002651
11 0.332210 0.740273 0.003216 0.002001
11 0.332211 0.746312 0.003216 0.002523
11 0.332211 0.743096 0.003216 0.002655
11 0.319028 0.768520 0.001119 0.001432
11 0.317735 0.768520 0.001468 0.001432
11 0.316302 0.768520 0.001396 0.001432
11 0.314695 0.768520 0.001818 0.001432
11 0.313157 0.768520 0.001259 0.001432
11 0.301815 0.759929 0.001500 0.001432
11 0.319028 0.769909 0.001119 0.001347
11 0.316302 0.769909 0.001396 0.001347
11 0.313157 0.769909 0.001259 0.001347
11 0.314695 0.769909 0.001818 0.001347
11 0.317735 0.769909 0.001468 0.001347
11 0.319028 0.765370 0.001119 0.001432
11 0.317735 0.765370 0.001468 0.001432
11 0.316302 0.765370 0.001396 0.001432
11 0.314695 0.765370 0.001818 0.001432
11 0.313157 0.765370 0.001259 0.001432
11 0.856541 0.738780 0.001208 0.001431
11 0.861468 0.743405 0.005616 0.007820
11 0.860750 0.743828 0.001073 0.002664
11 0.243522 0.747830 0.001208 0.001432
11 0.243522 0.750013 0.001208 0.002932
11 0.248449 0.750013 0.005616 0.002932
11 0.244884 0.750013 0.001515 0.002932
11 0.249849 0.750149 0.002309 0.002546
11 0.251398 0.764686 0.002309 0.008659
11 0.310168 0.767516 0.003566 0.002760
11 0.310168 0.763924 0.003566 0.003643
11 0.376340 0.750210 0.001105 0.001432
11 0.375054 0.750210 0.001468 0.001432
11 0.373622 0.750210 0.001396 0.001432
11 0.372015 0.750210 0.001818 0.001432
11 0.370476 0.750210 0.001259 0.001432
11 0.360006 0.741833 0.001500 0.002148
11 0.376340 0.751599 0.001105 0.001347
11 0.373622 0.751599 0.001396 0.001347
11 0.370476 0.751599 0.001259 0.001347
11 0.372015 0.751599 0.001818 0.001347
11 0.375054 0.751599 0.001468 0.001347
11 0.376340 0.747059 0.001105 0.001432
11 0.375054 0.747059 0.001468 0.001432
11 0.373622 0.747059 0.001396 0.001432
11 0.372015 0.747059 0.001818 0.001432
11 0.370476 0.747059 0.001259 0.001432
11 0.371385 0.743480 0.003076 0.001146
11 0.367845 0.747608 0.003628 0.006113
11 0.425330 0.741722 0.003216 0.001979
11 0.454184 0.765840 0.003216 0.006322
11 0.585797 0.677881 0.006090 0.006693
11 0.544052 0.680329 0.001049 0.001074
11 0.544052 0.679892 0.001538 0.002291
11 0.545026 0.679892 0.004216 0.002826
11 0.544869 0.661151 0.004216 0.001334
11 0.551778 0.664476 0.018501 0.013342
11 0.283240 0.244965 0.004744 0.006936
11 0.299886 0.266963 0.002268 0.002322
11 0.299901 0.266998 0.001601 0.001639
11 0.299761 0.266858 0.008980 0.009195
11 0.299808 0.266899 0.005477 0.005608
11 0.297243 0.269559 0.003943 0.003794
11 0.298142 0.268683 0.002145 0.002040
11 0.265857 0.135050 0.003088 0.004421
11 0.466291 0.165775 0.002277 0.001968
11 0.468959 0.165979 0.002839 0.001799
11 0.456518 0.159513 0.003007 0.005012
11 0.463020 0.159513 0.003007 0.005012
11 0.467775 0.159513 0.003007 0.005012
11 0.472529 0.159513 0.003007 0.005012
11 0.479032 0.159513 0.003007 0.005012
11 0.268337 0.766139 0.001762 0.008694
11 0.266767 0.760719 0.001406 0.002148
11 0.268337 0.752781 0.001762 0.008694
11 0.266767 0.747360 0.001406 0.002148
11 0.266668 0.739738 0.001208 0.001432
11 0.266668 0.741920 0.001208 0.002932
11 0.271595 0.741920 0.005616 0.002932
11 0.268029 0.741920 0.001515 0.002932
11 0.272994 0.742056 0.002309 0.002546
11 0.360008 0.763011 0.001501 0.006788
11 0.377222 0.764342 0.001119 0.001432
11 0.375928 0.764342 0.001468 0.001432
11 0.374496 0.764342 0.001396 0.001432
11 0.372889 0.764342 0.001818 0.001432
11 0.371351 0.764342 0.001259 0.001432
11 0.360008 0.758901 0.001500 0.001432
11 0.377222 0.765731 0.001119 0.001347
11 0.374496 0.765731 0.001396 0.001347
11 0.371351 0.765731 0.001259 0.001347
11 0.372889 0.765731 0.001818 0.001347
11 0.375928 0.765731 0.001468 0.001347
11 0.368361 0.762765 0.003566 0.003905
11 0.340741 0.550675 0.005045 0.002997
11 0.340741 0.550074 0.002750 0.001794
11 0.355856 0.463458 0.005045 0.002997
11 0.355856 0.462857 0.002750 0.001794
11 0.328035 0.345222 0.005045 0.002997
11 0.328035 0.344621 0.002750 0.001794
11 0.425251 0.549874 0.005045 0.002997
11 0.439102 0.463345 0.005045 0.002997
11 0.409882 0.344437 0.005045 0.002997
11 0.277021 0.549448 0.001167 0.001822
11 0.271659 0.464856 0.001167 0.001822
11 0.243907 0.344953 0.001167 0.001822
11 0.508386 0.549874 0.005045 0.002997
11 0.522236 0.463345 0.005045 0.002997
11 0.332214 0.767438 0.003216 0.002651
11 0.332210 0.758313 0.003216 0.002001
11 0.332211 0.764352 0.003216 0.002523
11 0.332211 0.761136 0.003216 0.002655
11 0.551778 0.664476 0.018501 0.013342
11 0.299761 0.266858 0.008980 0.009195
11 0.861468 0.743405 0.005616 0.007820
11 0.585797 0.677881 0.006090 0.006693
11 0.367845 0.747608 0.003628 0.006113
11 0.454184 0.765840 0.003216 0.006322
11 0.271595 0.741920 0.005616 0.002932
11 0.248449 0.750013 0.005616 0.002932
11 0.340741 0.550675 0.005045 0.002997
11 0.355856 0.463458 0.005045 0.002997
11 0.328035 0.345222 0.005045 0.002997
11 0.522236 0.463345 0.005045 0.002997
11 0.508386 0.549874 0.005045 0.002997
11 0.409882 0.344437 0.005045 0.002997
11 0.425251 0.549874 0.005045 0.002997
11 0.439102 0.463345 0.005045 0.002997
11 0.283240 0.244965 0.004744 0.006936
11 0.368361 0.762765 0.003566 0.003905
11 0.310168 0.763924 0.003566 0.003643
11 0.545026 0.679892 0.004216 0.002826
11 0.310168 0.767516 0.003566 0.002760
11 0.332211 0.743096 0.003216 0.002655
11 0.332211 0.761136 0.003216 0.002655
11 0.332214 0.749398 0.003216 0.002651
11 0.332214 0.767438 0.003216 0.002651
11 0.332211 0.764352 0.003216 0.002523
11 0.332211 0.746312 0.003216 0.002523
11 0.332210 0.740273 0.003216 0.002001
11 0.332210 0.758313 0.003216 0.002001
11 0.425330 0.741722 0.003216 0.001979
11 0.299886 0.266963 0.002268 0.002322
11 0.244884 0.750013 0.001515 0.002932
11 0.268029 0.741920 0.001515 0.002932
11 0.544052 0.679892 0.001538 0.002291
11 0.360006 0.741833 0.001500 0.002148
11 0.266767 0.760719 0.001406 0.002148
11 0.266767 0.747360 0.001406 0.002148
11 0.314695 0.765370 0.001818 0.001432
11 0.372015 0.747059 0.001818 0.001432
11 0.314695 0.768520 0.001818 0.001432
11 0.372889 0.764342 0.001818 0.001432
11 0.372015 0.750210 0.001818 0.001432
