0 0.089272 0.809903 0.069001 0.155254
0 0.365537 0.823984 0.530151 0.208887
0 0.777214 0.598449 0.293204 0.659956
0 0.639120 0.225761 0.008063 0.003043
0 0.400637 0.262003 0.046675 0.106833
0 0.567114 0.227685 0.066572 0.025122
0 0.374949 0.320799 0.004701 0.010760
0 0.365025 0.313472 0.015147 0.025415
0 0.369883 0.302354 0.014834 0.026131
0 0.375270 0.290023 0.014186 0.027615
0 0.381392 0.276009 0.013729 0.028661
0 0.387643 0.261702 0.013727 0.028666
0 0.393795 0.247620 0.013087 0.030130
0 0.400979 0.231178 0.013398 0.029418
0 0.409499 0.211677 0.013398 0.029418
0 0.417555 0.193236 0.012838 0.030699
0 0.604597 0.230639 0.008395 0.019215
0 0.434295 0.171015 0.005541 0.015216
0 0.458169 0.175526 0.004731 0.023879
0 0.478844 0.183184 0.003908 0.023857
0 0.499462 0.190964 0.002146 0.023192
0 0.540644 0.206505 0.001734 0.023037
0 0.448164 0.217714 0.048379 0.018256
0 0.613997 0.890998 0.006168 0.008586
0 0.623375 0.897788 0.019065 0.023362
0 0.639349 0.845089 0.045267 0.053028
0 0.525894 0.842799 0.032577 0.027537
0 0.680494 0.788572 0.011371 0.004291
0 0.678396 0.793376 0.011371 0.004291
0 0.676297 0.798179 0.011371 0.004291
0 0.674199 0.802983 0.011371 0.004291
0 0.648324 0.798816 0.011371 0.004291
0 0.668889 0.751739 0.011371 0.004291
0 0.670987 0.746935 0.011371 0.004291
0 0.510329 0.758851 0.089728 0.169685
0 0.577603 0.687256 0.059130 0.022888
0 0.619936 0.866190 0.017298 0.006527
0 0.618677 0.869072 0.017298 0.006527
0 0.628585 0.869453 0.002518 0.005764
0 0.626356 0.867941 0.004962 0.001872
0 0.531515 0.789273 0.006513 0.002457
0 0.540157 0.768249 0.007806 0.017870
0 0.579767 0.785793 0.100239 0.084165
0 0.654619 0.784404 0.011371 0.004291
0 0.652521 0.789208 0.011371 0.004291
0 0.650423 0.794012 0.011371 0.004291
0 0.672100 0.807787 0.011371 0.004291
0 0.670002 0.812591 0.011371 0.004291
0 0.646226 0.803619 0.011371 0.004291
0 0.688468 0.770318 0.011371 0.004291
0 0.690567 0.765514 0.011371 0.004291
0 0.692665 0.760710 0.011371 0.004291
0 0.694764 0.755907 0.011371 0.004291
0 0.603087 0.833736 0.005120 0.011721
0 0.580412 0.827754 0.026801 0.010130
0 0.569835 0.818336 0.003903 0.008935
0 0.534894 0.863317 0.027911 0.010531
0 0.562246 0.870168 0.025178 0.010172
0 0.577043 0.870198 0.004417 0.010112
0 0.520141 0.859877 0.003945 0.009031
0 0.517056 0.858669 0.003912 0.008955
0 0.620299 0.800950 0.019848 0.045041
0 0.610219 0.823334 0.006719 0.002535
0 0.629861 0.778371 0.006719 0.002535
0 0.631372 0.774912 0.006719 0.002535
0 0.620684 0.841322 0.057057 0.129760
0 0.605748 0.726594 0.050094 0.019576
0 0.571837 0.700706 0.034319 0.013756
0 0.530010 0.783539 0.049755 0.112236
0 0.541601 0.873436 0.050094 0.019576
0 0.578255 0.672176 0.044750 0.017561
0 0.607084 0.668260 0.156300 0.058982
0 0.721293 0.666482 0.018049 0.041311
0 0.607936 0.884380 0.010337 0.003901
0 0.604578 0.892066 0.010337 0.003901
0 0.616808 0.891085 0.003693 0.008455
0 0.616173 0.885921 0.004962 0.001872
0 0.613065 0.896835 0.007810 0.002947
0 0.611435 0.890153 0.004515 0.010335
0 0.608866 0.752257 0.002015 0.004612
0 0.595958 0.748729 0.025817 0.011667
0 0.597469 0.745270 0.064506 0.024339
0 0.596965 0.746423 0.025314 0.010514
0 0.574745 0.733339 0.023156 0.008737
0 0.565216 0.733101 0.002518 0.005764
0 0.561969 0.731853 0.002641 0.005764
0 0.568444 0.737756 0.018898 0.007291
0 0.584056 0.742896 0.002015 0.004612
0 0.574862 0.736565 0.019538 0.007468
0 0.631160 0.767142 0.004530 0.009896
0 0.623976 0.758606 0.018898 0.007405
0 0.614553 0.739239 0.006841 0.015660
0 0.589743 0.729877 0.006841 0.015660
0 0.486595 0.741755 0.064558 0.147759
0 0.420332 0.823625 0.013900 0.005245
0 0.434239 0.721997 0.064555 0.147760
0 0.500503 0.640126 0.013903 0.005246
0 0.715572 0.724228 0.009900 0.003800
0 0.450282 0.856292 0.003064 0.007014
0 0.548049 0.896600 0.164395 0.062037
0 0.522799 0.855284 0.030146 0.011388
0 0.518790 0.824605 0.022128 0.050655
0 0.309204 0.806467 0.312055 0.117759
0 0.457967 0.838703 0.012304 0.028163
0 0.622086 0.688918 0.035474 0.013387
0 0.592879 0.834380 0.001866 0.004035
0 0.569424 0.819691 0.002789 0.006110
0 0.568751 0.815856 0.004135 0.001560
0 0.632623 0.825204 0.002015 0.004612
0 0.630142 0.824268 0.002015 0.004612
0 0.542589 0.865549 0.011785 0.004447
0 0.583558 0.853631 0.018183 0.041624
0 0.568334 0.820119 0.002644 0.006053
0 0.608709 0.826792 0.006719 0.002535
0 0.630762 0.824502 0.002015 0.004612
0 0.628357 0.704883 0.005814 0.005403
0 0.467414 0.861178 0.005814 0.005403
0 0.656571 0.779277 0.011371 0.004291
0 0.644489 0.791773 0.012792 0.029284
0 0.643778 0.808560 0.011371 0.004291
0 0.654655 0.816022 0.012901 0.004868
0 0.682941 0.783631 0.011371 0.004291
0 0.681182 0.802820 0.014891 0.034087
0 0.686517 0.775446 0.011371 0.004291
0 0.697550 0.765351 0.010694 0.024480
0 0.697211 0.750966 0.011371 0.004291
0 0.686334 0.743504 0.012901 0.004868
0 0.672939 0.741807 0.011371 0.004291
0 0.664005 0.747098 0.006497 0.014872
0 0.666442 0.756680 0.011371 0.004291
0 0.679044 0.777393 0.003576 0.008186
0 0.668051 0.817719 0.011371 0.004291
0 0.672142 0.833354 0.083768 0.188481
0 0.672616 0.723152 0.083331 0.031923
0 0.614836 0.882079 0.002907 0.006046
0 0.627499 0.883596 0.023156 0.009080
0 0.632891 0.901532 0.012372 0.027477
0 0.615496 0.910731 0.023156 0.009080
0 0.606694 0.900889 0.005552 0.011289
0 0.556895 0.739098 0.004446 0.009974
0 0.629722 0.757440 0.002518 0.005764
0 0.632968 0.758688 0.002641 0.005764
0 0.622711 0.751494 0.023156 0.008851
0 0.620222 0.753668 0.019580 0.007429
0 0.536720 0.777359 0.006513 0.002457
0 0.533026 0.785814 0.006513 0.002457
0 0.535209 0.780818 0.006513 0.002457
1 0.659108 0.778264 0.008390 0.007798
1 0.667502 0.759049 0.008390 0.007798
2 0.655167 0.779016 0.014727 0.013687
2 0.659108 0.778264 0.010264 0.009540
2 0.572773 0.736794 0.042452 0.042809
2 0.484693 0.827141 0.039630 0.036831
2 0.574102 0.865354 0.041504 0.038573
2 0.484693 0.827141 0.041504 0.038573
2 0.536741 0.620899 0.041504 0.038573
2 0.435089 0.808378 0.041504 0.038573
2 0.421189 0.803133 0.041504 0.038573
2 0.665240 0.755958 0.012853 0.011945
11 0.065889 0.323372 0.022246 0.081521
11 0.215830 0.723445 0.019848 0.025936
11 0.369341 0.779151 0.027907 0.018446
11 0.429279 0.636480 0.019848 0.025936
11 0.275768 0.580775 0.027907 0.018446
11 0.307500 0.513622 0.019848 0.025936
11 0.461011 0.569327 0.027907 0.018446
11 0.520950 0.426657 0.019848 0.025936
11 0.367438 0.370951 0.027907 0.018446
11 0.537217 0.619111 0.019848 0.025936
11 0.690980 0.674240 0.027403 0.017293
11 0.750667 0.532146 0.019848 0.025936
11 0.597156 0.476440 0.027907 0.018446
11 0.628888 0.409287 0.019848 0.025936
11 0.782399 0.464993 0.027907 0.018446
11 0.842337 0.322322 0.019848 0.025936
11 0.688826 0.266617 0.027907 0.018446
11 0.629384 0.223767 0.011409 0.005764
11 0.558309 0.444488 0.024977 0.058008
11 0.940754 0.275923 0.059998 0.021500
11 0.529595 0.793594 0.003721 0.008994
11 0.569863 0.813310 0.004177 0.001656
11 0.622273 0.754896 0.042936 0.041475
11 0.594637 0.693867 0.029524 0.029355
11 0.524361 0.846585 0.041504 0.038573
11 0.548425 0.681265 0.041504 0.038573
11 0.693041 0.679882 0.041504 0.038573
11 0.574922 0.739256 0.019993 0.012197
11 0.485744 0.655373 0.041504 0.038573
11 0.499647 0.660619 0.041504 0.038573
11 0.601468 0.736114 0.031065 0.026052
11 0.687419 0.772720 0.012888 0.008554
11 0.687419 0.772720 0.006092 0.004064
11 0.689518 0.767916 0.012888 0.008554
11 0.689518 0.767916 0.006092 0.004064
11 0.691616 0.763112 0.012888 0.008554
11 0.691616 0.763112 0.006092 0.004064
11 0.693714 0.758308 0.012888 0.008554
11 0.693714 0.758308 0.006092 0.004064
11 0.695813 0.753505 0.012888 0.008554
11 0.695813 0.753505 0.006092 0.004064
11 0.672037 0.744533 0.012888 0.008554
11 0.672037 0.744533 0.006092 0.004064
11 0.669938 0.749337 0.012888 0.008554
11 0.669938 0.749337 0.006092 0.004064
11 0.667840 0.754141 0.012888 0.008554
11 0.667840 0.754141 0.006092 0.004064
11 0.655669 0.782003 0.012888 0.008554
11 0.655669 0.782003 0.006092 0.004064
11 0.653570 0.786806 0.012888 0.008554
11 0.653570 0.786806 0.006092 0.004064
11 0.651472 0.791610 0.012888 0.008554
11 0.651472 0.791610 0.006092 0.004064
11 0.649373 0.796414 0.012888 0.008554
11 0.649373 0.796414 0.006092 0.004064
11 0.647275 0.801218 0.012888 0.008554
11 0.647275 0.801218 0.006092 0.004064
11 0.645176 0.806021 0.012888 0.008554
11 0.645176 0.806021 0.006092 0.004064
11 0.668953 0.814993 0.012888 0.008554
11 0.668953 0.814993 0.006092 0.004064
11 0.671051 0.810189 0.012888 0.008554
11 0.671051 0.810189 0.006092 0.004064
11 0.673150 0.805385 0.012888 0.008554
11 0.673150 0.805385 0.006092 0.004064
11 0.675248 0.800581 0.012888 0.008554
11 0.675248 0.800581 0.006092 0.004064
11 0.677346 0.795778 0.012888 0.008554
11 0.677346 0.795778 0.006092 0.004064
11 0.679445 0.790974 0.012888 0.008554
11 0.679445 0.790974 0.006092 0.004064
11 0.681543 0.786170 0.012888 0.008554
11 0.681543 0.786170 0.006092 0.004064
11 0.586891 0.826444 0.036271 0.024684
11 0.586160 0.868827 0.014018 0.006908
11 0.618862 0.753898 0.021966 0.007624
11 0.563334 0.444488 0.054215 0.058008
11 0.639349 0.845089 0.045267 0.053028
11 0.537896 0.824716 0.058595 0.049748
11 0.525894 0.842799 0.032577 0.027537
11 0.592680 0.853422 0.026857 0.034205
11 0.601468 0.736114 0.031065 0.026052
11 0.586891 0.826444 0.036271 0.024684
11 0.623375 0.897788 0.019065 0.023362
11 0.599993 0.361741 0.013470 0.009095
11 0.604190 0.352134 0.013470 0.009095
11 0.394013 0.331462 0.013470 0.009095
11 0.431227 0.345506 0.013470 0.009095
11 0.572865 0.351504 0.013470 0.009095
11 0.406417 0.336144 0.013470 0.009095
11 0.418822 0.340825 0.013470 0.009095
11 0.574963 0.346701 0.013470 0.009095
11 0.577062 0.341897 0.013470 0.009095
11 0.554713 0.463058 0.013470 0.009095
11 0.602091 0.356938 0.013470 0.009095
11 0.381608 0.326781 0.013470 0.009095
11 0.679445 0.790974 0.012888 0.008554
11 0.681543 0.786170 0.012888 0.008554
11 0.689518 0.767916 0.012888 0.008554
11 0.691616 0.763112 0.012888 0.008554
11 0.695813 0.753505 0.012888 0.008554
11 0.672037 0.744533 0.012888 0.008554
11 0.667840 0.754141 0.012888 0.008554
11 0.655669 0.782003 0.012888 0.008554
11 0.647275 0.801218 0.012888 0.008554
11 0.645176 0.806021 0.012888 0.008554
11 0.671051 0.810189 0.012888 0.008554
11 0.675248 0.800581 0.012888 0.008554
11 0.687419 0.772720 0.012888 0.008554
11 0.693714 0.758308 0.012888 0.008554
11 0.669938 0.749337 0.012888 0.008554
11 0.651472 0.791610 0.012888 0.008554
11 0.673150 0.805385 0.012888 0.008554
11 0.653570 0.786806 0.012888 0.008554
11 0.649373 0.796414 0.012888 0.008554
11 0.668953 0.814993 0.012888 0.008554
11 0.677346 0.795778 0.012888 0.008554
11 0.504807 0.577289 0.012546 0.006981
11 0.605239 0.347859 0.011371 0.008038
11 0.578111 0.337622 0.011371 0.008038
11 0.613997 0.890998 0.006168 0.008586
