0 0.864787 0.497334 0.026702 0.044097
0 0.864787 0.541406 0.026702 0.044047
0 0.888090 0.572617 0.011369 0.016114
0 0.888090 0.466148 0.011369 0.016114
0 0.337152 0.250016 0.026948 0.039965
0 0.514052 0.250016 0.024063 0.039965
0 0.422490 0.250016 0.207187 0.039965
0 0.515495 0.148255 0.026948 0.039965
0 0.338674 0.148255 0.023904 0.039965
0 0.430236 0.148255 0.207028 0.039965
0 0.537765 0.228834 0.023363 0.002398
0 0.321889 0.127073 0.009665 0.002398
0 0.701842 0.250016 0.026948 0.039965
0 0.908145 0.250016 0.006375 0.039965
0 0.793771 0.250016 0.235124 0.039965
0 0.931858 0.228834 0.041051 0.002398
0 0.508399 0.037166 0.026948 0.002398
0 0.713906 0.055950 0.004781 0.039965
0 0.737619 0.034768 0.042645 0.002398
0 0.918432 0.148255 0.026948 0.039965
0 0.712129 0.148255 0.006375 0.039965
0 0.826504 0.148255 0.235124 0.039965
0 0.688416 0.127073 0.041051 0.002398
0 0.937227 0.923857 0.102353 0.005595
1 0.426323 0.572102 0.003187 0.016716
2 0.374530 0.243062 0.022630 0.019663
2 0.478116 0.243062 0.022630 0.019663
2 0.879380 0.243062 0.011315 0.019663
2 0.890695 0.243062 0.011315 0.019663
2 0.740894 0.141301 0.011315 0.019663
2 0.729579 0.141301 0.011315 0.019663
2 0.685937 0.048996 0.011315 0.019663
2 0.697252 0.048996 0.011315 0.019663
2 0.364220 0.551841 0.007112 0.002378
2 0.364699 0.557037 0.008070 0.002698
2 0.364220 0.558841 0.007112 0.002378
2 0.365530 0.476506 0.007112 0.002378
2 0.376049 0.476666 0.008070 0.002698
2 0.379487 0.476506 0.007112 0.002378
2 0.501116 0.551841 0.007112 0.002378
2 0.501595 0.557037 0.008070 0.002698
2 0.501116 0.558841 0.007112 0.002378
2 0.469116 0.476506 0.007112 0.002378
2 0.479635 0.476666 0.008070 0.002698
2 0.483072 0.476506 0.007112 0.002378
3 0.373728 0.465830 0.038247 0.011989
3 0.373728 0.458636 0.038247 0.002398
3 0.478919 0.465830 0.038247 0.011989
3 0.478919 0.458636 0.038247 0.002398
3 0.338674 0.556550 0.023904 0.014387
3 0.513973 0.556550 0.023904 0.014387
3 0.528316 0.556550 0.004781 0.014387
3 0.324331 0.556550 0.004781 0.014387
3 0.753032 0.465830 0.038247 0.011989
3 0.858223 0.465830 0.038247 0.011989
3 0.717978 0.551754 0.023904 0.023979
3 0.893277 0.551754 0.023904 0.023979
3 0.691412 0.231232 0.009562 0.002398
3 0.862727 0.230633 0.004781 0.001199
3 0.497969 0.037166 0.009562 0.002398
3 0.523467 0.060346 0.003187 0.002398
3 0.928863 0.129471 0.009562 0.002398
3 0.757547 0.128872 0.004781 0.001199
3 0.346241 0.507393 0.016728 0.083926
3 0.506406 0.507393 0.016728 0.083926
3 0.344251 0.565342 0.012749 0.003197
3 0.508395 0.565342 0.012749 0.003197
3 0.344251 0.468627 0.012749 0.006394
3 0.508395 0.468627 0.012749 0.006394
3 0.277481 0.795809 0.011952 0.003996
5 0.651148 0.872510 0.011952 0.003996
5 0.973261 0.922430 0.004611 0.001542
6 0.279731 0.747973 0.011952 0.003996
11 0.926052 0.896666 0.080211 0.040110
11 0.075729 0.519383 0.151395 0.095116
11 0.826504 0.148255 0.235124 0.039965
11 0.793771 0.250016 0.235124 0.039965
11 0.422490 0.250016 0.207187 0.039965
11 0.430236 0.148255 0.207028 0.039965
