0 0.135633 0.687379 0.010817 0.002080
0 0.631929 0.685573 0.010817 0.002080
0 0.382895 0.360899 0.034523 0.032988
0 0.382895 0.328721 0.034523 0.031369
0 0.382895 0.393887 0.034523 0.032988
0 0.382895 0.425868 0.034523 0.030975
0 0.413262 0.306946 0.014224 0.012678
0 0.413262 0.447840 0.014224 0.012678
0 0.413262 0.371083 0.014224 0.012678
0 0.386605 0.698159 0.014224 0.012678
0 0.386605 0.634080 0.014224 0.012678
0 0.386605 0.569943 0.014224 0.012678
0 0.398940 0.045865 0.018375 0.026153
0 0.106831 0.045865 0.038367 0.026153
0 0.284670 0.041585 0.035440 0.014027
0 0.770005 0.206120 0.061782 0.026153
0 0.258378 0.206120 0.038367 0.026153
0 0.253521 0.123157 0.048081 0.026153
0 0.754175 0.123157 0.030122 0.026153
0 0.518682 0.206120 0.531353 0.026153
0 0.492453 0.123157 0.525944 0.026153
0 0.274627 0.045865 0.326983 0.026153
0 0.631929 0.568662 0.010817 0.002080
0 0.627811 0.045865 0.018375 0.026153
0 0.919920 0.045865 0.038367 0.026153
0 0.753287 0.045865 0.324656 0.026153
0 0.135633 0.568048 0.010817 0.002080
0 0.666998 0.118877 0.035440 0.014027
0 0.911854 0.943378 0.132335 0.004161
0 0.176597 0.401020 0.019780 0.005706
0 0.230169 0.401020 0.019780 0.005706
0 0.230169 0.386755 0.019780 0.005706
0 0.176597 0.386755 0.019780 0.005706
1 0.869205 0.696663 0.004121 0.009510
2 0.722435 0.436703 0.037088 0.014265
2 0.207226 0.691306 0.009195 0.001768
2 0.220826 0.691425 0.010434 0.002007
2 0.225270 0.691306 0.009195 0.001768
2 0.131872 0.578116 0.009195 0.001768
2 0.132492 0.581980 0.010434 0.002007
2 0.131872 0.583322 0.009195 0.001768
3 0.219992 0.698743 0.049451 0.008916
3 0.385862 0.696663 0.016484 0.004755
3 0.105640 0.558764 0.016484 0.004755
3 0.385862 0.558764 0.016484 0.004755
3 0.246650 0.448424 0.049451 0.008916
3 0.283642 0.051511 0.049451 0.001783
3 0.754567 0.211767 0.030907 0.001783
3 0.262108 0.128803 0.030907 0.001783
3 0.262108 0.110972 0.030907 0.001783
3 0.098429 0.581648 0.030907 0.014265
3 0.146333 0.565451 0.097869 0.018129
3 0.125086 0.331329 0.030907 0.014265
3 0.665970 0.128803 0.049451 0.001783
3 0.621545 0.051511 0.030907 0.001783
3 0.621545 0.033680 0.030907 0.001783
3 0.405206 0.051511 0.030907 0.001783
3 0.405206 0.033680 0.030907 0.001783
3 0.127789 0.649260 0.060781 0.099561
3 0.192176 0.698743 0.006181 0.008916
3 0.098429 0.589672 0.030907 0.001783
3 0.263139 0.115133 0.030907 0.006538
3 0.047764 0.848158 0.015453 0.002972
3 0.105640 0.696663 0.016484 0.004755
3 0.294685 0.627714 0.198836 0.142654
5 0.541975 0.905195 0.015453 0.002972
5 0.958445 0.942317 0.005962 0.001147
6 0.050673 0.812586 0.015453 0.002972
11 0.897406 0.923158 0.103707 0.029827
11 0.176597 0.401020 0.023077 0.006657
11 0.230169 0.401020 0.023077 0.006657
11 0.230169 0.386755 0.023077 0.006657
11 0.176597 0.386755 0.023077 0.006657
11 0.186617 0.403493 0.169633 0.056826
11 0.294685 0.627714 0.198836 0.142654
11 0.518682 0.206120 0.531353 0.026153
11 0.492453 0.123157 0.525944 0.026153
11 0.186617 0.403493 0.169633 0.056826
11 0.753287 0.045865 0.324656 0.026153
11 0.274627 0.045865 0.326983 0.026153
11 0.770005 0.206120 0.061782 0.026153
11 0.253521 0.123157 0.048081 0.026153
