0 0.392376 0.720529 0.008691 0.008139
0 0.594025 0.762703 0.011429 0.049599
0 0.594025 0.512008 0.011429 0.049599
0 0.594025 0.261089 0.011429 0.049599
0 0.392376 0.253676 0.008691 0.008139
0 0.436977 0.421989 0.008278 0.011627
0 0.436977 0.435941 0.008278 0.011627
0 0.436977 0.449893 0.008278 0.011627
0 0.579863 0.339354 0.006387 0.016955
0 0.629760 0.370082 0.029038 0.059986
1 0.585151 0.756851 0.003311 0.037206
2 0.449899 0.735893 0.007388 0.006918
2 0.460827 0.736360 0.008383 0.007850
2 0.464397 0.735893 0.007388 0.006918
2 0.389355 0.293065 0.007388 0.006918
2 0.389852 0.308181 0.008383 0.007850
2 0.389355 0.313430 0.007388 0.006918
2 0.439046 0.419082 0.001656 0.002325
2 0.434907 0.419082 0.001656 0.002325
2 0.439046 0.424895 0.001656 0.002325
2 0.434907 0.424895 0.001656 0.002325
2 0.439046 0.433034 0.001656 0.002325
2 0.434907 0.433034 0.001656 0.002325
2 0.439046 0.438847 0.001656 0.002325
2 0.434907 0.438847 0.001656 0.002325
2 0.439046 0.446986 0.001656 0.002325
2 0.434907 0.446986 0.001656 0.002325
2 0.439046 0.452800 0.001656 0.002325
2 0.434907 0.452800 0.001656 0.002325
3 0.460157 0.764990 0.039732 0.034880
3 0.593428 0.756851 0.013244 0.018603
3 0.368278 0.217354 0.013244 0.018603
3 0.593428 0.217354 0.013244 0.018603
3 0.362483 0.306881 0.024833 0.055809
3 0.400973 0.243515 0.078635 0.070924
3 0.520171 0.487103 0.159760 0.558099
3 0.437807 0.764990 0.004967 0.034880
3 0.362483 0.338273 0.024833 0.006976
3 0.386074 0.571397 0.048836 0.389510
3 0.368278 0.756851 0.013244 0.018603
11 0.436977 0.425477 0.014900 0.065110
11 0.913052 0.500000 0.124164 0.930146
