0 0.109942 0.839318 0.026004 0.005812
0 0.386558 0.839318 0.026004 0.005812
0 0.018265 0.090929 0.004876 0.003114
0 0.028017 0.090929 0.004876 0.003114
0 0.037768 0.090929 0.004876 0.003114
0 0.047519 0.090929 0.004876 0.003114
0 0.057271 0.090929 0.004876 0.003114
0 0.067022 0.090929 0.004876 0.003114
0 0.076774 0.090929 0.004876 0.003114
0 0.086525 0.090929 0.004876 0.003114
0 0.096277 0.090929 0.004876 0.003114
0 0.106028 0.090929 0.004876 0.003114
0 0.115780 0.090929 0.004876 0.003114
0 0.125531 0.090929 0.004876 0.003114
0 0.140895 0.971813 0.001126 0.001245
0 0.590982 0.925577 0.004551 0.001661
0 0.605609 0.925577 0.004551 0.001661
0 0.620237 0.925577 0.004551 0.001661
0 0.634864 0.925577 0.004551 0.001661
0 0.649491 0.925577 0.004551 0.001661
0 0.662493 0.969195 0.001681 0.001074
0 0.662493 0.970000 0.001681 0.001074
0 0.417512 0.971813 0.001126 0.001245
0 0.374110 0.989302 0.006957 0.007889
0 0.068239 0.989302 0.006957 0.007889
1 0.023146 0.159583 0.001299 0.001659
1 0.023285 0.157933 0.001339 0.001711
1 0.031272 0.159583 0.001299 0.001659
1 0.031411 0.157933 0.001339 0.001711
1 0.039399 0.159583 0.001299 0.001659
1 0.039538 0.157933 0.001339 0.001711
1 0.863781 0.972148 0.001367 0.001746
1 0.852695 0.972148 0.001367 0.001746
1 0.906013 0.972148 0.001367 0.001746
1 0.894926 0.972148 0.001367 0.001746
1 0.948244 0.972148 0.001367 0.001746
1 0.937157 0.972148 0.001367 0.001746
1 0.990475 0.972148 0.001367 0.001746
1 0.979389 0.972148 0.001367 0.001746
1 0.863781 0.863864 0.001367 0.001746
1 0.852695 0.863864 0.001367 0.001746
1 0.906013 0.863864 0.001367 0.001746
1 0.894926 0.863864 0.001367 0.001746
1 0.948244 0.863864 0.001367 0.001746
1 0.937157 0.863864 0.001367 0.001746
1 0.990475 0.863864 0.001367 0.001746
1 0.979389 0.863864 0.001367 0.001746
11 0.021759 0.157870 0.004876 0.006227
11 0.029886 0.157870 0.004876 0.006227
11 0.038012 0.157870 0.004876 0.006227
11 0.074336 0.158570 0.008451 0.002906
11 0.029886 0.174475 0.009751 0.004151
11 0.113342 0.122998 0.008451 0.002906
11 0.048358 0.935333 0.004063 0.004567
11 0.062985 0.935333 0.004063 0.004567
11 0.077612 0.935333 0.004063 0.004567
11 0.092239 0.935333 0.004063 0.004567
11 0.106866 0.935333 0.004063 0.004567
11 0.150748 0.935333 0.004063 0.004567
11 0.033730 0.936890 0.004063 0.007680
11 0.679152 0.936994 0.004063 0.004567
11 0.693779 0.936994 0.004063 0.004567
11 0.710031 0.936994 0.004063 0.004567
11 0.324974 0.935333 0.004063 0.004567
11 0.339602 0.935333 0.004063 0.004567
11 0.354229 0.935333 0.004063 0.004567
11 0.368856 0.935333 0.004063 0.004567
11 0.383483 0.935333 0.004063 0.004567
11 0.427365 0.935333 0.004063 0.004567
11 0.310347 0.936890 0.004063 0.007680
11 0.862329 0.952838 0.021941 0.094308
11 0.845020 0.977125 0.012677 0.045733
11 0.904561 0.952838 0.021941 0.094308
11 0.887252 0.977125 0.012677 0.045733
11 0.946792 0.952838 0.021941 0.094308
11 0.929483 0.977125 0.012677 0.045733
11 0.989023 0.952838 0.021941 0.094308
11 0.971714 0.977125 0.012677 0.045733
11 0.862329 0.844554 0.021941 0.094308
11 0.845020 0.868841 0.012677 0.045733
11 0.904561 0.844554 0.021941 0.094308
11 0.887252 0.868841 0.012677 0.045733
11 0.946792 0.844554 0.021941 0.094308
11 0.929483 0.868841 0.012677 0.045733
11 0.989023 0.844554 0.021941 0.094308
11 0.971714 0.868841 0.012677 0.045733
11 0.904561 0.952838 0.021941 0.094308
11 0.904561 0.844554 0.021941 0.094308
11 0.862329 0.952838 0.021941 0.094308
11 0.946792 0.952838 0.021941 0.094308
11 0.989023 0.952838 0.021941 0.094308
11 0.862329 0.844554 0.021941 0.094308
11 0.946792 0.844554 0.021941 0.094308
11 0.989023 0.844554 0.021941 0.094308
11 0.887252 0.977125 0.012677 0.045733
11 0.887252 0.868841 0.012677 0.045733
11 0.929483 0.868841 0.012677 0.045733
11 0.971714 0.868841 0.012677 0.045733
11 0.845020 0.977125 0.012677 0.045733
11 0.929483 0.977125 0.012677 0.045733
11 0.971714 0.977125 0.012677 0.045733
11 0.845020 0.868841 0.012677 0.045733
