11 0.020761 0.146514 0.001059 0.003624
11 0.017737 0.146514 0.001059 0.003624
11 0.046086 0.146571 0.001059 0.003624
11 0.043061 0.146571 0.001059 0.003624
11 0.038204 0.157931 0.002214 0.007788
11 0.130591 0.158609 0.002214 0.007788
11 0.134021 0.143878 0.001059 0.003624
11 0.136634 0.158609 0.002214 0.007788
11 0.140064 0.143878 0.001059 0.003624
11 0.142677 0.158609 0.002214 0.007788
11 0.146107 0.143878 0.001059 0.003624
11 0.231037 0.159255 0.002214 0.007788
11 0.113197 0.146514 0.001059 0.003624
11 0.110172 0.146514 0.001059 0.003624
11 0.819827 0.496330 0.010264 0.106958
11 0.953382 0.496330 0.010264 0.106958
11 0.694953 0.496330 0.010264 0.106958
11 0.561397 0.496330 0.010264 0.106958
11 0.429521 0.496330 0.006914 0.106958
11 0.295965 0.496330 0.006914 0.106958
11 0.006778 0.016697 0.008573 0.031642
11 0.214919 0.015828 0.008573 0.031642
11 0.102486 0.017375 0.008573 0.031642
11 0.315649 0.153518 0.002188 0.011377
11 0.315649 0.170607 0.002188 0.008817
