0 0.309357 0.752844 0.130285 0.014485
0 0.333204 0.754511 0.074132 0.003591
0 0.327740 0.763653 0.006916 0.001334
0 0.327740 0.767594 0.006916 0.001334
0 0.318808 0.763653 0.006916 0.001334
0 0.318808 0.767594 0.006916 0.001334
0 0.310034 0.763653 0.006916 0.001334
0 0.310034 0.767594 0.006915 0.001334
0 0.301219 0.763653 0.006916 0.001334
0 0.301219 0.767594 0.006916 0.001334
0 0.291265 0.763653 0.006916 0.001334
0 0.291265 0.767594 0.006915 0.001334
0 0.282333 0.763653 0.006916 0.001334
0 0.282333 0.767594 0.006916 0.001334
0 0.273559 0.763653 0.006916 0.001334
0 0.273559 0.767594 0.006915 0.001334
0 0.264744 0.767594 0.006915 0.001334
0 0.264744 0.763653 0.006916 0.001334
0 0.295988 0.748967 0.007309 0.002872
0 0.336961 0.763653 0.006916 0.001334
0 0.336961 0.767594 0.006916 0.001334
0 0.346284 0.763653 0.006916 0.001334
0 0.346284 0.767594 0.006916 0.001334
0 0.355686 0.763653 0.006916 0.001334
0 0.355686 0.767594 0.006916 0.001334
0 0.365539 0.763653 0.006916 0.001334
0 0.365538 0.767594 0.006916 0.001334
1 0.245722 0.764174 0.003016 0.008174
2 0.331198 0.765262 0.002863 0.001885
2 0.324282 0.765262 0.002873 0.001891
2 0.324282 0.765984 0.002873 0.001891
2 0.313492 0.765262 0.002863 0.001885
2 0.304677 0.765262 0.002863 0.001885
2 0.297761 0.765262 0.002873 0.001891
2 0.294723 0.765262 0.002863 0.001885
2 0.285791 0.765262 0.002863 0.001885
2 0.278875 0.765262 0.002873 0.001891
2 0.278875 0.765984 0.002873 0.001891
2 0.277017 0.765262 0.002863 0.001885
2 0.268202 0.765262 0.002863 0.001885
2 0.340419 0.765262 0.002863 0.001885
2 0.333503 0.765262 0.002873 0.001891
2 0.333503 0.765984 0.002873 0.001891
2 0.349742 0.765262 0.002863 0.001885
2 0.342826 0.765262 0.002873 0.001891
2 0.342826 0.765984 0.002873 0.001891
2 0.359144 0.765262 0.002863 0.001885
2 0.352228 0.765262 0.002873 0.001891
2 0.352228 0.765984 0.002873 0.001891
2 0.368996 0.765262 0.002863 0.001885
2 0.362080 0.765262 0.002873 0.001891
2 0.362080 0.765984 0.002873 0.001891
4 0.838412 0.193003 0.322578 0.039703
4 0.838412 0.232706 0.322578 0.039703
4 0.838412 0.272409 0.322578 0.039703
4 0.838412 0.153300 0.322578 0.039703
4 0.838412 0.312112 0.322578 0.039703
4 0.215662 0.368797 0.303729 0.037414
4 0.215662 0.172592 0.303729 0.035485
4 0.047277 0.086377 0.033042 0.136946
11 0.286524 0.758008 0.187792 0.033891
11 0.141910 0.058746 0.112553 0.059697
11 0.162047 0.037522 0.026809 0.006420
11 0.162047 0.043942 0.026809 0.006420
11 0.886895 0.052607 0.017244 0.010038
11 0.770509 0.092422 0.059545 0.011688
11 0.770509 0.153561 0.059545 0.011688
11 0.770509 0.193264 0.059545 0.011688
11 0.770509 0.232967 0.059545 0.011688
11 0.770509 0.272670 0.059545 0.011688
11 0.770509 0.312373 0.059545 0.011688
11 0.215662 0.086377 0.303729 0.136946
11 0.838412 0.075676 0.322578 0.115544
11 0.215662 0.290182 0.303729 0.039939
11 0.215662 0.330121 0.303729 0.039939
11 0.215662 0.210304 0.303729 0.039939
11 0.215662 0.250243 0.303729 0.039939
11 0.047277 0.250243 0.033042 0.039939
11 0.047277 0.210304 0.033042 0.039939
11 0.047277 0.290182 0.033042 0.039939
11 0.047277 0.330121 0.033042 0.039939
11 0.047277 0.368797 0.033042 0.037414
11 0.047277 0.172592 0.033042 0.035485
