0 0.014362 0.846201 0.001855 0.003693
0 0.027772 0.769562 0.001767 0.003654
0 0.163650 0.846201 0.001855 0.003693
0 0.177060 0.769562 0.001767 0.003654
0 0.545793 0.846201 0.001855 0.003693
0 0.559203 0.786567 0.001767 0.003654
0 0.393127 0.846201 0.001855 0.003693
0 0.406537 0.786567 0.001767 0.003654
0 0.014362 0.263395 0.001855 0.003693
0 0.027772 0.203762 0.001767 0.003654
0 0.166009 0.263395 0.001855 0.003693
0 0.179420 0.220767 0.001767 0.003654
0 0.545793 0.356557 0.001855 0.003693
0 0.559203 0.347940 0.001767 0.003654
0 0.393127 0.256662 0.001855 0.003693
0 0.406537 0.214034 0.001767 0.003654
0 0.545793 0.119681 0.001855 0.003693
0 0.559203 0.111063 0.001767 0.003654
1 0.836838 0.169943 0.001664 0.003702
1 0.856674 0.166241 0.001664 0.003702
1 0.858339 0.166241 0.001664 0.003702
1 0.934277 0.169943 0.001664 0.003702
1 0.954113 0.166241 0.001664 0.003702
1 0.955778 0.166241 0.001664 0.003702
1 0.975614 0.169943 0.001664 0.003702
1 0.878175 0.169943 0.001664 0.003702
