0 0.120369 0.506752 0.011738 0.003549
0 0.104612 0.506778 0.011818 0.003569
0 0.921713 0.146478 0.002234 0.002526
0 0.104625 0.473982 0.011935 0.003480
0 0.120336 0.473993 0.011956 0.003475
0 0.178789 0.473978 0.011964 0.003521
0 0.194502 0.473981 0.011948 0.003485
0 0.178776 0.506776 0.011925 0.003622
0 0.194478 0.506778 0.011857 0.003575
0 0.104632 0.390766 0.011947 0.003598
0 0.120351 0.390766 0.011875 0.003598
0 0.178777 0.390791 0.011953 0.003606
0 0.194499 0.390780 0.011958 0.003611
0 0.104622 0.357974 0.011934 0.003515
0 0.120325 0.357977 0.011953 0.003507
0 0.178784 0.357980 0.011943 0.003475
0 0.194493 0.357985 0.011950 0.003479
0 0.133247 0.155342 0.006241 0.001534
0 0.165878 0.155337 0.006274 0.001576
0 0.151427 0.942971 0.151251 0.114053
0 0.151427 0.652956 0.151251 0.230059
0 0.923769 0.941994 0.152460 0.116006
0 0.923164 0.652956 0.151251 0.230059
4 0.178776 0.506776 0.011925 0.003622
4 0.194499 0.390780 0.011958 0.003611
4 0.178777 0.390791 0.011953 0.003606
4 0.104632 0.390766 0.011947 0.003598
4 0.120351 0.390766 0.011875 0.003598
4 0.194478 0.506778 0.011857 0.003575
4 0.104612 0.506778 0.011818 0.003569
4 0.120369 0.506752 0.011738 0.003549
4 0.178789 0.473978 0.011964 0.003521
4 0.120325 0.357977 0.011953 0.003507
4 0.104622 0.357974 0.011934 0.003515
4 0.194502 0.473981 0.011948 0.003485
4 0.194493 0.357985 0.011950 0.003479
4 0.104625 0.473982 0.011935 0.003480
4 0.120336 0.473993 0.011956 0.003475
4 0.178784 0.357980 0.011943 0.003475
4 0.932367 0.252445 0.002616 0.014933
4 0.909899 0.253681 0.002616 0.014933
4 0.143024 0.357954 0.009298 0.003542
4 0.156097 0.357979 0.009287 0.003461
4 0.143910 0.126340 0.006210 0.003124
4 0.155239 0.126355 0.006060 0.003089
11 0.092420 0.474038 0.004859 0.003550
11 0.139814 0.502239 0.006138 0.003759
11 0.146982 0.502252 0.004947 0.003708
11 0.152140 0.502250 0.004882 0.003717
11 0.155239 0.126355 0.006060 0.003089
11 0.165141 0.126479 0.004699 0.002920
11 0.904178 0.487520 0.003289 0.001580
11 0.904178 0.483504 0.003289 0.005620
11 0.904178 0.482101 0.003289 0.007892
11 0.904178 0.499261 0.003289 0.006705
11 0.904178 0.496562 0.003289 0.001724
11 0.904178 0.493887 0.003289 0.003081
11 0.938418 0.487520 0.003289 0.001580
11 0.938418 0.483504 0.003289 0.005620
11 0.938418 0.482101 0.003289 0.007892
11 0.938418 0.499261 0.003289 0.006705
11 0.938418 0.496562 0.003289 0.001724
11 0.938418 0.493887 0.003289 0.003081
11 0.905186 0.381006 0.005304 0.010458
11 0.905186 0.377164 0.005304 0.002909
11 0.905186 0.369376 0.005304 0.011981
11 0.905186 0.373228 0.005304 0.004451
11 0.905186 0.374548 0.005304 0.002014
11 0.937411 0.381006 0.005304 0.010458
11 0.937411 0.377164 0.005304 0.002909
11 0.937411 0.369376 0.005304 0.011981
11 0.937411 0.373228 0.005304 0.004451
11 0.937411 0.374548 0.005304 0.002014
11 0.921305 0.140006 0.006086 0.019875
11 0.909899 0.253681 0.002616 0.014933
11 0.932367 0.252445 0.002616 0.014933
11 0.159378 0.502225 0.006267 0.003717
11 0.092404 0.498853 0.004918 0.003513
11 0.132634 0.473980 0.003970 0.003488
11 0.140669 0.473956 0.004567 0.003535
11 0.145404 0.473956 0.004522 0.003535
11 0.153737 0.473942 0.004543 0.003505
11 0.158443 0.473942 0.004581 0.003505
11 0.166489 0.473980 0.003953 0.003477
11 0.105723 0.465592 0.001871 0.006804
11 0.121372 0.465492 0.002182 0.007063
11 0.177767 0.465494 0.002176 0.007019
11 0.193494 0.465503 0.002057 0.006976
11 0.092413 0.377686 0.004917 0.003341
11 0.132635 0.357969 0.003955 0.003438
11 0.143024 0.357954 0.009298 0.003542
11 0.156097 0.357979 0.009287 0.003461
11 0.166497 0.357960 0.003962 0.003466
11 0.177774 0.349519 0.002156 0.006953
11 0.121372 0.349471 0.002173 0.007002
11 0.145362 0.242330 0.004400 0.003170
11 0.141075 0.242330 0.003712 0.003170
11 0.153675 0.242313 0.004608 0.003165
11 0.158021 0.242330 0.003648 0.003206
11 0.134000 0.126451 0.004763 0.002845
11 0.143910 0.126340 0.006210 0.003124
11 0.921305 0.140006 0.006086 0.019875
11 0.159378 0.502225 0.006267 0.003717
11 0.139814 0.502239 0.006138 0.003759
11 0.146982 0.502252 0.004947 0.003708
11 0.152140 0.502250 0.004882 0.003717
11 0.092420 0.474038 0.004859 0.003550
11 0.092404 0.498853 0.004918 0.003513
11 0.092413 0.377686 0.004917 0.003341
11 0.153737 0.473942 0.004543 0.003505
11 0.145404 0.473956 0.004522 0.003535
11 0.121372 0.465492 0.002182 0.007063
11 0.177767 0.465494 0.002176 0.007019
11 0.121372 0.349471 0.002173 0.007002
11 0.153675 0.242313 0.004608 0.003165
11 0.177774 0.349519 0.002156 0.006953
11 0.140669 0.473956 0.004567 0.003535
11 0.158443 0.473942 0.004581 0.003505
11 0.145362 0.242330 0.004400 0.003170
11 0.132634 0.473980 0.003970 0.003488
11 0.165141 0.126479 0.004699 0.002920
11 0.166489 0.473980 0.003953 0.003477
11 0.166497 0.357960 0.003962 0.003466
11 0.132635 0.357969 0.003955 0.003438
11 0.134000 0.126451 0.004763 0.002845
11 0.193494 0.465503 0.002057 0.006976
11 0.105723 0.465592 0.001871 0.006804
11 0.141075 0.242330 0.003712 0.003170
11 0.158021 0.242330 0.003648 0.003206
11 0.938418 0.482101 0.003289 0.007892
11 0.904178 0.482101 0.003289 0.007892
11 0.938418 0.483436 0.003289 0.005485
11 0.904178 0.483436 0.003289 0.005485
