0 0.508776 0.882449 0.009231 0.004498
0 0.508160 0.868338 0.010462 0.009203
0 0.520618 0.911556 0.004513 0.015942
0 0.710540 0.362062 0.002157 0.002570
0 0.703412 0.360184 0.006691 0.001326
0 0.702819 0.361328 0.005506 0.001197
0 0.697266 0.359575 0.005472 0.002277
0 0.696831 0.358971 0.006341 0.001309
0 0.082781 0.437414 0.001026 0.004016
0 0.073311 0.463215 0.003692 0.008834
0 0.742984 0.403503 0.002502 0.001929
0 0.730113 0.404884 0.001100 0.002620
0 0.730889 0.405682 0.002079 0.001747
0 0.720523 0.388085 0.001154 0.003768
0 0.713930 0.406903 0.004308 0.006475
0 0.573378 0.866573 0.001641 0.002409
0 0.587200 0.898599 0.001641 0.002409
0 0.573378 0.898599 0.001641 0.002409
0 0.711303 0.866520 0.002157 0.002570
0 0.704584 0.864641 0.006691 0.001326
0 0.703992 0.865785 0.005506 0.001197
0 0.698438 0.864033 0.005472 0.002277
0 0.698003 0.863429 0.006341 0.001309
0 0.744157 0.907960 0.002502 0.001929
0 0.731286 0.909342 0.001100 0.002620
0 0.732062 0.910140 0.002079 0.001747
0 0.721695 0.892542 0.001154 0.003768
0 0.715102 0.911361 0.004308 0.006475
0 0.698705 0.903583 0.006468 0.003213
0 0.335101 0.357628 0.006937 0.011206
0 0.392605 0.357628 0.006937 0.011206
0 0.157368 0.402198 0.003583 0.081110
0 0.157297 0.454605 0.009060 0.007630
0 0.154446 0.445091 0.006228 0.002564
0 0.159625 0.441434 0.004403 0.003373
0 0.156579 0.421376 0.010495 0.006626
0 0.156579 0.377706 0.010495 0.007228
0 0.157297 0.365659 0.009060 0.007228
0 0.157297 0.388849 0.009060 0.006626
0 0.156511 0.399691 0.010632 0.006626
0 0.157297 0.410533 0.009060 0.006626
0 0.157297 0.432218 0.009060 0.006626
0 0.156374 0.466953 0.010085 0.008232
0 0.080896 0.402322 0.001641 0.001807
0 0.221022 0.402500 0.001094 0.003213
0 0.110531 0.402888 0.001094 0.003213
0 0.112856 0.393652 0.003692 0.008834
0 0.082229 0.368189 0.001026 0.004016
0 0.095774 0.394053 0.003692 0.008834
0 0.114765 0.463215 0.003692 0.008834
0 0.095774 0.463215 0.003692 0.008834
0 0.072759 0.393990 0.003692 0.008834
0 0.198744 0.393507 0.003692 0.006023
0 0.216848 0.463849 0.003692 0.006023
0 0.218903 0.393507 0.003692 0.006023
0 0.198744 0.463849 0.003692 0.006023
0 0.177936 0.395290 0.003692 0.006023
0 0.177936 0.464861 0.003692 0.006023
0 0.374004 0.430222 0.008650 0.007630
0 0.373287 0.442570 0.010085 0.008232
0 0.315966 0.430222 0.008684 0.007630
0 0.316688 0.442570 0.010127 0.008232
0 0.406641 0.406335 0.001094 0.003213
0 0.406641 0.401516 0.001094 0.004819
0 0.390412 0.406335 0.001094 0.003213
0 0.390412 0.401516 0.001094 0.004819
0 0.347736 0.406335 0.001094 0.003213
0 0.347736 0.401516 0.001094 0.004819
0 0.332818 0.406335 0.001094 0.003213
0 0.332818 0.401516 0.001094 0.004819
0 0.315809 0.388726 0.003583 0.059564
0 0.316026 0.386116 0.011451 0.064784
0 0.316756 0.375007 0.009990 0.007228
0 0.316035 0.362960 0.008547 0.007228
0 0.316000 0.386150 0.008615 0.006626
0 0.316722 0.396993 0.010059 0.006626
0 0.315966 0.407835 0.008684 0.006626
0 0.318685 0.420594 0.006134 0.002793
0 0.313616 0.416936 0.003984 0.003144
0 0.374145 0.388662 0.003583 0.059436
0 0.373214 0.375007 0.009956 0.007228
0 0.373936 0.362960 0.008513 0.007228
0 0.373970 0.386150 0.008581 0.006626
0 0.373249 0.396993 0.010025 0.006626
0 0.374004 0.407835 0.008650 0.006626
0 0.371286 0.420594 0.006100 0.002793
0 0.376337 0.416936 0.003984 0.003144
0 0.387027 0.434703 0.002154 0.002409
0 0.573378 0.394142 0.001641 0.002409
0 0.587200 0.394142 0.001641 0.002409
0 0.573378 0.362115 0.001641 0.002409
0 0.697532 0.399126 0.006468 0.003213
0 0.517612 0.948525 0.001368 0.003614
0 0.533273 0.950537 0.001368 0.004016
0 0.530305 0.874904 0.010564 0.014336
0 0.073579 0.368992 0.001641 0.002409
0 0.096595 0.438217 0.001641 0.002409
0 0.115586 0.438217 0.001641 0.002409
0 0.096595 0.369056 0.001641 0.002409
0 0.176706 0.370050 0.001641 0.002409
0 0.197513 0.438609 0.001641 0.002409
0 0.215617 0.438609 0.001641 0.002409
0 0.197513 0.368267 0.001641 0.002409
0 0.348091 0.443558 0.001094 0.001405
0 0.332818 0.398505 0.001094 0.001205
0 0.406462 0.443558 0.001094 0.001405
0 0.390412 0.398505 0.001094 0.001205
0 0.315317 0.385290 0.001094 0.002095
0 0.315317 0.386853 0.001094 0.002811
0 0.315317 0.406975 0.001094 0.002095
0 0.315317 0.408538 0.001094 0.002811
0 0.315317 0.429262 0.001094 0.003299
0 0.374637 0.429262 0.001094 0.003299
0 0.374637 0.406975 0.001094 0.002095
0 0.374637 0.408538 0.001094 0.002811
0 0.374637 0.385290 0.001094 0.002095
0 0.374637 0.386853 0.001094 0.002811
0 0.520618 0.407099 0.004513 0.015942
0 0.508160 0.363880 0.010462 0.009203
0 0.508776 0.377992 0.009231 0.004498
0 0.530305 0.370447 0.010564 0.014336
0 0.517612 0.444067 0.001368 0.003614
0 0.533273 0.446079 0.001368 0.004016
0 0.709657 0.895416 0.002470 0.004143
0 0.709196 0.893546 0.003391 0.002008
0 0.708484 0.390959 0.002470 0.004143
0 0.708024 0.389089 0.003391 0.002008
0 0.710540 0.035394 0.002157 0.002570
0 0.703412 0.033515 0.006691 0.001326
0 0.702819 0.034659 0.005506 0.001197
0 0.697266 0.032907 0.005472 0.002277
0 0.696831 0.032303 0.006341 0.001309
0 0.082781 0.110745 0.001026 0.004016
0 0.073311 0.136546 0.003692 0.008834
0 0.720523 0.061416 0.001154 0.003768
0 0.713930 0.080234 0.004308 0.006475
0 0.335101 0.030959 0.006937 0.011206
0 0.392605 0.030959 0.006937 0.011206
0 0.157368 0.075529 0.003583 0.081110
0 0.157297 0.127936 0.009060 0.007630
0 0.154446 0.118422 0.006228 0.002564
0 0.159625 0.114765 0.004403 0.003373
0 0.156579 0.094707 0.010495 0.006626
0 0.156579 0.051037 0.010495 0.007228
0 0.157297 0.038990 0.009060 0.007228
0 0.157297 0.062180 0.009060 0.006626
0 0.156511 0.073022 0.010632 0.006626
0 0.157297 0.083865 0.009060 0.006626
0 0.157297 0.105549 0.009060 0.006626
0 0.156579 0.140285 0.010495 0.008232
0 0.056575 0.043044 0.003966 0.006626
0 0.056575 0.049670 0.003966 0.006626
0 0.056719 0.124260 0.009094 0.007630
0 0.057721 0.044449 0.010004 0.008232
0 0.057447 0.069045 0.010551 0.007228
0 0.056719 0.056797 0.009094 0.007630
0 0.056719 0.080188 0.009094 0.006626
0 0.057447 0.091031 0.010551 0.006626
0 0.056719 0.101873 0.009094 0.006626
0 0.059580 0.114632 0.006284 0.002793
0 0.054300 0.110974 0.004258 0.003144
0 0.057447 0.136608 0.010551 0.008232
0 0.080896 0.075653 0.001641 0.001807
0 0.221022 0.075831 0.001094 0.003213
0 0.110531 0.076219 0.001094 0.003213
0 0.112856 0.066983 0.003692 0.008834
0 0.082229 0.041520 0.001026 0.004016
0 0.095774 0.067385 0.003692 0.008834
0 0.114765 0.136546 0.003692 0.008834
0 0.095774 0.136546 0.003692 0.008834
0 0.072759 0.067321 0.003692 0.008834
0 0.198744 0.066838 0.003692 0.006023
0 0.216848 0.137180 0.003692 0.006023
0 0.218903 0.066838 0.003692 0.006023
0 0.198744 0.137180 0.003692 0.006023
0 0.177936 0.068621 0.003692 0.006023
0 0.177936 0.138192 0.003692 0.006023
0 0.374004 0.103553 0.008650 0.007630
0 0.373287 0.115902 0.010085 0.008232
0 0.315966 0.103553 0.008684 0.007630
0 0.316688 0.115902 0.010127 0.008232
0 0.406641 0.079666 0.001094 0.003213
0 0.406641 0.074848 0.001094 0.004819
0 0.390412 0.079666 0.001094 0.003213
0 0.390412 0.074848 0.001094 0.004819
0 0.347736 0.079666 0.001094 0.003213
0 0.347736 0.074848 0.001094 0.004819
0 0.332818 0.079666 0.001094 0.003213
0 0.332818 0.074848 0.001094 0.004819
0 0.315809 0.062058 0.003583 0.059564
0 0.316026 0.059448 0.011451 0.064784
0 0.316756 0.048338 0.009990 0.007228
0 0.316035 0.036291 0.008547 0.007228
0 0.316000 0.059482 0.008615 0.006626
0 0.316722 0.070324 0.010059 0.006626
0 0.315966 0.081166 0.008684 0.006626
0 0.318685 0.093925 0.006134 0.002793
0 0.313616 0.090268 0.003984 0.003144
0 0.374145 0.061994 0.003583 0.059436
0 0.373945 0.059448 0.011417 0.064784
0 0.373214 0.048338 0.009956 0.007228
0 0.373936 0.036291 0.008513 0.007228
0 0.373970 0.059482 0.008581 0.006626
0 0.373249 0.070324 0.010025 0.006626
0 0.374004 0.081166 0.008650 0.006626
0 0.371286 0.093925 0.006100 0.002793
0 0.376337 0.090268 0.003984 0.003144
0 0.387027 0.108035 0.002154 0.002409
0 0.573378 0.067473 0.001641 0.002409
0 0.587200 0.067473 0.001641 0.002409
0 0.573378 0.035447 0.001641 0.002409
0 0.697532 0.072457 0.006468 0.003213
0 0.073579 0.042324 0.001641 0.002409
0 0.096595 0.111549 0.001641 0.002409
0 0.115586 0.111549 0.001641 0.002409
0 0.096595 0.042387 0.001641 0.002409
0 0.176706 0.043381 0.001641 0.002409
0 0.197513 0.111940 0.001641 0.002409
0 0.215617 0.111940 0.001641 0.002409
0 0.197513 0.041598 0.001641 0.002409
0 0.348091 0.116889 0.001094 0.001405
0 0.332818 0.071836 0.001094 0.001205
0 0.406462 0.116889 0.001094 0.001405
0 0.390412 0.071836 0.001094 0.001205
0 0.315317 0.058622 0.001094 0.002095
0 0.315317 0.060184 0.001094 0.002811
0 0.315317 0.080306 0.001094 0.002095
0 0.315317 0.081869 0.001094 0.002811
0 0.315317 0.102593 0.001094 0.003299
0 0.374637 0.102593 0.001094 0.003299
0 0.374637 0.080306 0.001094 0.002095
0 0.374637 0.081869 0.001094 0.002811
0 0.374637 0.058622 0.001094 0.002095
0 0.374637 0.060184 0.001094 0.002811
0 0.520618 0.080430 0.004513 0.015942
0 0.508160 0.037212 0.010462 0.009203
0 0.508776 0.051323 0.009231 0.004498
0 0.530305 0.043778 0.010564 0.014336
0 0.517612 0.117399 0.001368 0.003614
0 0.533273 0.119411 0.001368 0.004016
0 0.708484 0.064290 0.002470 0.004143
0 0.708024 0.062420 0.003391 0.002008
0 0.742984 0.076834 0.002502 0.001929
0 0.730113 0.078216 0.001100 0.002620
0 0.730889 0.079014 0.002079 0.001747
0 0.392605 0.861624 0.006937 0.011206
0 0.390855 0.910331 0.001094 0.003213
0 0.406484 0.910331 0.001094 0.003213
0 0.335101 0.862085 0.006937 0.011206
0 0.198744 0.968306 0.003692 0.006023
0 0.197513 0.943066 0.001641 0.002409
0 0.177936 0.899747 0.003692 0.006023
0 0.176706 0.874507 0.001641 0.002409
0 0.177936 0.969318 0.003692 0.006023
0 0.096013 0.472250 0.007043 0.006023
0 0.115005 0.472250 0.007043 0.006023
0 0.096013 0.403088 0.007043 0.006023
0 0.337126 0.384851 0.001368 0.001205
0 0.352399 0.430005 0.001368 0.001205
0 0.157638 0.484120 0.009197 0.002409
0 0.056575 0.369712 0.003966 0.006626
0 0.056575 0.376338 0.003966 0.006626
0 0.056719 0.450929 0.009094 0.007630
0 0.057721 0.371118 0.010004 0.008232
0 0.057447 0.395714 0.010551 0.007228
0 0.056719 0.383466 0.009094 0.007630
0 0.056719 0.406857 0.009094 0.006626
0 0.057447 0.417699 0.010551 0.006626
0 0.056719 0.428542 0.009094 0.006626
0 0.059580 0.441300 0.006284 0.002793
0 0.054300 0.437643 0.004258 0.003144
0 0.057652 0.463277 0.010141 0.008232
0 0.050805 0.392501 0.002735 0.001606
0 0.162989 0.379513 0.003145 0.003614
0 0.373945 0.365972 0.011417 0.024495
0 0.380107 0.377416 0.002735 0.002409
0 0.130842 0.098663 0.192502 0.197309
0 0.362822 0.078321 0.115008 0.119265
0 0.073311 0.747989 0.003692 0.008834
0 0.082883 0.757225 0.001231 0.004016
0 0.082883 0.721686 0.001231 0.004016
0 0.074131 0.722991 0.001641 0.002409
0 0.081447 0.756723 0.001641 0.001807
0 0.073311 0.967270 0.003692 0.008834
0 0.082815 0.941269 0.001094 0.003614
0 0.073311 0.902107 0.003692 0.008834
0 0.073413 0.911143 0.006769 0.006023
0 0.080080 0.913552 0.001641 0.001205
0 0.083205 0.913552 0.001875 0.001205
2 0.528715 0.876009 0.007385 0.008714
2 0.504160 0.881285 0.001368 0.004819
2 0.508150 0.868308 0.010482 0.009343
2 0.508708 0.908680 0.005913 0.006023
2 0.532251 0.909563 0.005675 0.008834
2 0.520601 0.910652 0.004547 0.014336
2 0.520737 0.882423 0.001368 0.006486
2 0.517082 0.870044 0.003590 0.014456
2 0.534356 0.871424 0.002530 0.007576
2 0.521680 0.872152 0.004239 0.010240
2 0.520601 0.406195 0.004547 0.014336
2 0.532251 0.405105 0.005675 0.008834
2 0.508708 0.404222 0.005913 0.006023
2 0.508150 0.363850 0.010482 0.009343
2 0.504160 0.376827 0.001368 0.004819
2 0.528715 0.371551 0.007385 0.008714
2 0.534356 0.366967 0.002530 0.007576
2 0.520737 0.377965 0.001368 0.006486
2 0.517082 0.365586 0.003590 0.014456
2 0.521680 0.367695 0.004239 0.010240
2 0.520601 0.079526 0.004547 0.014336
2 0.532251 0.078437 0.005675 0.008834
2 0.508708 0.077554 0.005913 0.006023
2 0.508150 0.037182 0.010482 0.009343
2 0.504160 0.050159 0.001368 0.004819
2 0.528715 0.044883 0.007385 0.008714
2 0.534356 0.040298 0.002530 0.007576
2 0.520737 0.051297 0.001368 0.006486
2 0.517082 0.038918 0.003590 0.014456
2 0.521680 0.041026 0.004239 0.010240
3 0.157710 0.461034 0.003501 0.006015
3 0.157710 0.448987 0.003501 0.006015
3 0.157221 0.455609 0.008362 0.006023
3 0.152042 0.413726 0.001422 0.021042
3 0.152042 0.392041 0.001422 0.021042
3 0.152042 0.369152 0.001422 0.023451
3 0.155334 0.445191 0.004588 0.002765
3 0.159467 0.436816 0.004145 0.012609
3 0.159782 0.442137 0.003542 0.001968
3 0.157519 0.437844 0.003118 0.005413
3 0.157297 0.416537 0.008485 0.015420
3 0.157297 0.422179 0.008513 0.005421
3 0.157396 0.383629 0.003364 0.005421
3 0.157297 0.372164 0.008485 0.017428
3 0.157297 0.363129 0.008485 0.011404
3 0.157297 0.394752 0.008485 0.015621
3 0.152042 0.458601 0.001422 0.024054
3 0.152042 0.444870 0.001422 0.002122
3 0.156435 0.474764 0.010208 0.020239
3 0.157221 0.433021 0.008362 0.005421
3 0.157519 0.427002 0.003118 0.005413
3 0.157519 0.416159 0.003118 0.005413
3 0.157228 0.411337 0.008376 0.005421
3 0.157519 0.405317 0.003118 0.005413
3 0.157519 0.394475 0.003118 0.005413
3 0.157290 0.389652 0.008499 0.005421
3 0.157297 0.378509 0.008513 0.006023
3 0.157327 0.371887 0.003501 0.006015
3 0.157297 0.366462 0.008513 0.006023
3 0.157327 0.360137 0.003501 0.005421
3 0.374486 0.436651 0.003501 0.006015
3 0.374486 0.424604 0.003501 0.006015
3 0.374141 0.426396 0.008349 0.014398
3 0.374141 0.431226 0.008376 0.006023
3 0.374141 0.437229 0.008349 0.018030
3 0.374141 0.443574 0.008376 0.006626
3 0.315467 0.436651 0.003501 0.006015
3 0.315467 0.424604 0.003501 0.006015
3 0.315830 0.426396 0.008383 0.014398
3 0.315830 0.431226 0.008410 0.006023
3 0.315830 0.437229 0.008383 0.018030
3 0.315830 0.443574 0.008410 0.006626
3 0.321037 0.366454 0.001430 0.023451
3 0.321037 0.389343 0.001430 0.021042
3 0.321037 0.420373 0.001430 0.002351
3 0.321037 0.434218 0.001430 0.024054
3 0.368951 0.389343 0.001430 0.021042
3 0.368951 0.366454 0.001430 0.023451
3 0.368951 0.434218 0.001430 0.024054
3 0.368951 0.420373 0.001430 0.002351
3 0.315782 0.380930 0.003364 0.005421
3 0.315898 0.369465 0.008246 0.017428
3 0.315898 0.360430 0.008246 0.011404
3 0.315864 0.380910 0.008315 0.016223
3 0.315864 0.392053 0.008315 0.015621
3 0.315830 0.402896 0.008383 0.015621
3 0.317792 0.420694 0.004485 0.002994
3 0.313638 0.412218 0.003999 0.012581
3 0.313204 0.417639 0.003159 0.001739
3 0.315830 0.449377 0.008383 0.018231
3 0.315659 0.413461 0.003118 0.005413
3 0.315830 0.408638 0.008410 0.005421
3 0.315659 0.402619 0.003118 0.005413
3 0.315864 0.397796 0.008342 0.005421
3 0.315659 0.391776 0.003118 0.005413
3 0.315864 0.386954 0.008342 0.005421
3 0.315898 0.375810 0.008273 0.006023
3 0.315850 0.369188 0.003501 0.006015
3 0.315898 0.363763 0.008273 0.006023
3 0.315850 0.357439 0.003501 0.005421
3 0.374172 0.380930 0.003364 0.005421
3 0.374073 0.369465 0.008212 0.017428
3 0.374073 0.360430 0.008212 0.011404
3 0.374107 0.380910 0.008280 0.016223
3 0.374107 0.392053 0.008280 0.015621
3 0.374141 0.402896 0.008349 0.015621
3 0.372179 0.420694 0.004451 0.002994
3 0.376316 0.412218 0.003999 0.012581
3 0.376750 0.417639 0.003159 0.001739
3 0.374141 0.449377 0.008349 0.018231
3 0.374295 0.413461 0.003118 0.005413
3 0.374141 0.408638 0.008376 0.005421
3 0.374295 0.402619 0.003118 0.005413
3 0.374107 0.397796 0.008308 0.005421
3 0.374295 0.391776 0.003118 0.005413
3 0.374107 0.386954 0.008308 0.005421
3 0.374073 0.375810 0.008239 0.006023
3 0.374104 0.369188 0.003501 0.006015
3 0.374073 0.363763 0.008239 0.006023
3 0.374104 0.357439 0.003501 0.005421
3 0.157710 0.134365 0.003501 0.006015
3 0.157710 0.122319 0.003501 0.006015
3 0.157297 0.124111 0.008485 0.014398
3 0.157297 0.128940 0.008513 0.006023
3 0.152042 0.087057 0.001422 0.021042
3 0.152042 0.065373 0.001422 0.021042
3 0.152042 0.042484 0.001422 0.023451
3 0.156435 0.148095 0.010208 0.020239
3 0.155334 0.118523 0.004588 0.002765
3 0.159467 0.110047 0.004145 0.012810
3 0.159782 0.115468 0.003542 0.001968
3 0.157519 0.111175 0.003118 0.005413
3 0.157297 0.089868 0.008485 0.015420
3 0.157297 0.095510 0.008513 0.005421
3 0.157396 0.056960 0.003364 0.005421
3 0.157297 0.045495 0.008485 0.017428
3 0.157297 0.036460 0.008485 0.011404
3 0.157297 0.056940 0.008485 0.016223
3 0.157297 0.068083 0.008485 0.015621
3 0.157297 0.078925 0.008485 0.015621
3 0.157297 0.100610 0.008485 0.015621
3 0.157297 0.134944 0.008485 0.018030
3 0.152042 0.131932 0.001422 0.024054
3 0.152042 0.118202 0.001422 0.002122
3 0.156442 0.141288 0.010222 0.006626
3 0.157297 0.106352 0.008513 0.005421
3 0.157519 0.100333 0.003118 0.005413
3 0.157519 0.089491 0.003118 0.005413
3 0.157228 0.084668 0.008376 0.005421
3 0.157519 0.078648 0.003118 0.005413
3 0.157297 0.073826 0.008513 0.005421
3 0.157519 0.067806 0.003118 0.005413
3 0.157297 0.062983 0.008513 0.005421
3 0.157297 0.051840 0.008513 0.006023
3 0.157327 0.045218 0.003501 0.006015
3 0.157297 0.039793 0.008513 0.006023
3 0.157327 0.033468 0.003501 0.005421
3 0.056288 0.130689 0.003501 0.006015
3 0.056719 0.120434 0.008520 0.014398
3 0.056719 0.125264 0.008547 0.006023
3 0.056288 0.118642 0.003501 0.006015
3 0.062001 0.041819 0.001443 0.012609
3 0.062001 0.128256 0.001443 0.024054
3 0.062001 0.060492 0.001443 0.023451
3 0.062001 0.083381 0.001443 0.021042
3 0.062001 0.114411 0.001443 0.002351
3 0.056616 0.038526 0.003884 0.006023
3 0.056855 0.041819 0.008246 0.012609
3 0.056855 0.045453 0.008273 0.006626
3 0.056719 0.096934 0.008520 0.015621
3 0.056719 0.086192 0.008520 0.015420
3 0.056671 0.074968 0.003501 0.005421
3 0.056719 0.063503 0.008520 0.017428
3 0.056719 0.054468 0.008520 0.011404
3 0.056719 0.074948 0.008520 0.016223
3 0.058681 0.114732 0.004622 0.002994
3 0.054458 0.106256 0.003999 0.012581
3 0.056719 0.131267 0.008520 0.018030
3 0.054025 0.111677 0.003159 0.001739
3 0.056719 0.144419 0.008520 0.020239
3 0.057584 0.137612 0.010278 0.006626
3 0.056479 0.107499 0.003118 0.005413
3 0.056719 0.102676 0.008547 0.005421
3 0.056479 0.096657 0.003118 0.005413
3 0.056719 0.091834 0.008547 0.005421
3 0.056479 0.085814 0.003118 0.005413
3 0.056794 0.080992 0.008397 0.005421
3 0.056712 0.069848 0.008533 0.006023
3 0.056671 0.063226 0.003501 0.006015
3 0.056719 0.057801 0.008547 0.006023
3 0.056671 0.051179 0.003501 0.006015
3 0.374486 0.109982 0.003501 0.006015
3 0.374486 0.097936 0.003501 0.006015
3 0.374141 0.099728 0.008349 0.014398
3 0.374141 0.104557 0.008376 0.006023
3 0.374141 0.110561 0.008349 0.018030
3 0.374141 0.116905 0.008376 0.006626
3 0.315467 0.109982 0.003501 0.006015
3 0.315467 0.097936 0.003501 0.006015
3 0.315830 0.099728 0.008383 0.014398
3 0.315830 0.104557 0.008410 0.006023
3 0.315830 0.110561 0.008383 0.018030
3 0.315830 0.116905 0.008410 0.006626
3 0.321037 0.039785 0.001430 0.023451
3 0.321037 0.062674 0.001430 0.021042
3 0.321037 0.093704 0.001430 0.002351
3 0.321037 0.107549 0.001430 0.024054
3 0.368951 0.062674 0.001430 0.021042
3 0.368951 0.039785 0.001430 0.023451
3 0.368951 0.107549 0.001430 0.024054
3 0.368951 0.093704 0.001430 0.002351
3 0.315782 0.054261 0.003364 0.005421
3 0.315898 0.042797 0.008246 0.017428
3 0.315898 0.033762 0.008246 0.011404
3 0.315864 0.054241 0.008315 0.016223
3 0.315864 0.065385 0.008315 0.015621
3 0.315830 0.076227 0.008383 0.015621
3 0.317792 0.094025 0.004485 0.002994
3 0.313638 0.085549 0.003999 0.012581
3 0.313204 0.090970 0.003159 0.001739
3 0.315830 0.122708 0.008383 0.018231
3 0.315659 0.086792 0.003118 0.005413
3 0.315830 0.081969 0.008410 0.005421
3 0.315659 0.075950 0.003118 0.005413
3 0.315864 0.071127 0.008342 0.005421
3 0.315659 0.065108 0.003118 0.005413
3 0.315864 0.060285 0.008342 0.005421
3 0.315898 0.049141 0.008273 0.006023
3 0.315850 0.042520 0.003501 0.006015
3 0.315898 0.037095 0.008273 0.006023
3 0.315850 0.030770 0.003501 0.005421
3 0.374172 0.054261 0.003364 0.005421
3 0.374073 0.042797 0.008212 0.017428
3 0.374073 0.033762 0.008212 0.011404
3 0.374107 0.054241 0.008280 0.016223
3 0.374107 0.065385 0.008280 0.015621
3 0.374141 0.076227 0.008349 0.015621
3 0.372179 0.094025 0.004451 0.002994
3 0.376316 0.085549 0.003999 0.012581
3 0.376750 0.090970 0.003159 0.001739
3 0.374141 0.122708 0.008349 0.018231
3 0.374295 0.086792 0.003118 0.005413
3 0.374141 0.081969 0.008376 0.005421
3 0.374295 0.075950 0.003118 0.005413
3 0.374107 0.071127 0.008308 0.005421
3 0.374295 0.065108 0.003118 0.005413
3 0.374107 0.060285 0.008308 0.005421
3 0.374073 0.049141 0.008239 0.006023
3 0.374104 0.042520 0.003501 0.006015
3 0.374073 0.037095 0.008239 0.006023
3 0.374104 0.030770 0.003501 0.005421
3 0.156791 0.483217 0.010919 0.008312
3 0.157297 0.461713 0.008485 0.017829
3 0.056288 0.457358 0.003501 0.006015
3 0.056794 0.451933 0.008397 0.006023
3 0.056288 0.445311 0.003501 0.006015
3 0.062001 0.368488 0.001443 0.012609
3 0.062001 0.454924 0.001443 0.024054
3 0.062001 0.387160 0.001443 0.023451
3 0.062001 0.410050 0.001443 0.021042
3 0.062001 0.441079 0.001443 0.002351
3 0.056616 0.365195 0.003884 0.006023
3 0.056855 0.368488 0.008246 0.012609
3 0.056855 0.372122 0.008273 0.006626
3 0.056719 0.423602 0.008520 0.015621
3 0.056719 0.412861 0.008520 0.015420
3 0.057235 0.482672 0.010975 0.002048
3 0.056671 0.401637 0.003501 0.005421
3 0.056719 0.390172 0.008520 0.017428
3 0.056719 0.381137 0.008520 0.011404
3 0.056719 0.401617 0.008520 0.016223
3 0.058681 0.441401 0.004622 0.002994
3 0.054458 0.433025 0.003999 0.012380
3 0.056719 0.458037 0.008520 0.017829
3 0.054025 0.438346 0.003159 0.001739
3 0.057591 0.471087 0.010264 0.020239
3 0.056479 0.434168 0.003118 0.005413
3 0.056794 0.429345 0.008397 0.005421
3 0.056479 0.423325 0.003118 0.005413
3 0.056719 0.418502 0.008547 0.005421
3 0.056479 0.412483 0.003118 0.005413
3 0.056794 0.407660 0.008397 0.005421
3 0.056712 0.396517 0.008533 0.006023
3 0.056671 0.389895 0.003501 0.006015
3 0.056719 0.384470 0.008547 0.006023
3 0.056671 0.377848 0.003501 0.006015
3 0.056719 0.447103 0.008520 0.014398
3 0.157297 0.450894 0.008485 0.014169
3 0.157297 0.427279 0.008485 0.015621
3 0.157290 0.405594 0.008499 0.015621
3 0.157297 0.383609 0.008485 0.016223
3 0.163187 0.369152 0.002694 0.023451
3 0.316271 0.457830 0.010961 0.006305
3 0.373700 0.457830 0.010927 0.006305
3 0.163057 0.412240 0.002434 0.061761
3 0.380100 0.366454 0.002694 0.023451
3 0.379970 0.409542 0.002434 0.061761
4 0.508150 0.363850 0.010482 0.009343
4 0.508150 0.037182 0.010482 0.009343
4 0.508150 0.868308 0.010482 0.009343
4 0.156791 0.483217 0.010919 0.008312
10 0.074131 0.877110 0.001641 0.002409
10 0.069071 0.903212 0.002735 0.019476
11 0.742790 0.381137 0.034502 0.071559
11 0.743963 0.885594 0.034502 0.071559
11 0.708287 0.381137 0.034502 0.071559
11 0.709460 0.885594 0.034502 0.071559
11 0.581406 0.381137 0.034502 0.071559
11 0.581406 0.885594 0.034502 0.071559
11 0.505610 0.869238 0.004485 0.007630
11 0.504256 0.879424 0.001778 0.008780
11 0.508707 0.910587 0.002291 0.006023
11 0.532217 0.911470 0.002120 0.008834
11 0.532931 0.949031 0.002051 0.007027
11 0.506827 0.948328 0.002051 0.006224
11 0.705874 0.359083 0.001766 0.003287
11 0.074268 0.439824 0.002051 0.006224
11 0.079464 0.469439 0.001504 0.006023
11 0.730582 0.403198 0.002694 0.002861
11 0.714029 0.407486 0.001996 0.005873
11 0.707047 0.863540 0.001766 0.003287
11 0.731755 0.907655 0.002694 0.002861
11 0.715202 0.911943 0.001996 0.005873
11 0.696155 0.909064 0.001368 0.013370
11 0.698350 0.903885 0.003761 0.003012
11 0.335111 0.361609 0.006918 0.009638
11 0.337653 0.358417 0.002589 0.009899
11 0.331991 0.365586 0.002237 0.004264
11 0.392615 0.361609 0.006918 0.009638
11 0.395157 0.358417 0.002589 0.009899
11 0.389495 0.365586 0.002237 0.004264
11 0.157560 0.460428 0.003966 0.030117
11 0.111010 0.370863 0.001231 0.005020
11 0.315618 0.435150 0.003966 0.031906
11 0.408171 0.448678 0.001778 0.008834
11 0.392120 0.403524 0.001775 0.008834
11 0.408350 0.403524 0.001778 0.008834
11 0.346027 0.403524 0.001778 0.008834
11 0.331110 0.403524 0.001780 0.008834
11 0.346382 0.448678 0.001778 0.008834
11 0.374336 0.435150 0.003966 0.031906
11 0.336442 0.433499 0.002188 0.004819
11 0.517954 0.948525 0.002051 0.003614
11 0.715637 0.892159 0.004140 0.005221
11 0.697177 0.399427 0.003761 0.003012
11 0.694982 0.404606 0.001368 0.013370
11 0.517578 0.871951 0.001299 0.014456
11 0.176500 0.442030 0.002051 0.007027
11 0.176706 0.443134 0.001641 0.004016
11 0.179167 0.448555 0.002051 0.004417
11 0.719004 0.864285 0.004140 0.005221
11 0.714464 0.387702 0.004140 0.005221
11 0.717831 0.359827 0.004140 0.005221
11 0.506827 0.443871 0.002051 0.006224
11 0.532931 0.444574 0.002051 0.007027
11 0.532217 0.407013 0.002120 0.008834
11 0.508707 0.406130 0.002291 0.006023
11 0.504256 0.374967 0.001778 0.008780
11 0.505610 0.364780 0.004485 0.007630
11 0.517954 0.444067 0.002051 0.003614
11 0.517578 0.367494 0.001299 0.014456
11 0.709807 0.895457 0.002170 0.004062
11 0.708634 0.390999 0.002170 0.004062
11 0.752460 0.867076 0.001467 0.007055
11 0.708287 0.054468 0.034502 0.071559
11 0.581406 0.054468 0.034502 0.071559
11 0.705874 0.032414 0.001766 0.003287
11 0.074336 0.113155 0.002051 0.006224
11 0.079464 0.142770 0.001504 0.006023
11 0.714029 0.080817 0.001996 0.005873
11 0.335111 0.034940 0.006918 0.009638
11 0.337653 0.031748 0.002589 0.009899
11 0.331991 0.038917 0.002237 0.004264
11 0.392615 0.034940 0.006918 0.009638
11 0.395157 0.031748 0.002589 0.009899
11 0.389495 0.038917 0.002237 0.004264
11 0.157560 0.133759 0.003966 0.030117
11 0.056698 0.055994 0.003720 0.006023
11 0.056630 0.065029 0.003583 0.012047
11 0.056630 0.074065 0.003583 0.006023
11 0.056438 0.094742 0.003200 0.035331
11 0.056438 0.130083 0.003966 0.030117
11 0.111010 0.044194 0.001231 0.005020
11 0.315618 0.108482 0.003966 0.031906
11 0.408171 0.122009 0.001778 0.008834
11 0.392120 0.076855 0.001775 0.008834
11 0.408350 0.076855 0.001778 0.008834
11 0.346027 0.076855 0.001778 0.008834
11 0.331110 0.076855 0.001780 0.008834
11 0.346382 0.122009 0.001778 0.008834
11 0.374336 0.108482 0.003966 0.031906
11 0.336442 0.106830 0.002188 0.004819
11 0.697177 0.072759 0.003761 0.003012
11 0.694982 0.077938 0.001368 0.013370
11 0.176500 0.115361 0.002051 0.007027
11 0.176706 0.116466 0.001641 0.004016
11 0.179167 0.121887 0.002051 0.004417
11 0.714464 0.061033 0.004140 0.005221
11 0.717831 0.033159 0.004140 0.005221
11 0.506827 0.117202 0.002051 0.006224
11 0.532931 0.117905 0.002051 0.007027
11 0.532217 0.080344 0.002120 0.008834
11 0.508707 0.079461 0.002291 0.006023
11 0.504256 0.048298 0.001778 0.008780
11 0.505610 0.038112 0.004485 0.007630
11 0.517954 0.117399 0.002051 0.003614
11 0.517578 0.040825 0.001299 0.014456
11 0.708634 0.064330 0.002170 0.004062
11 0.752460 0.364211 0.001467 0.007055
11 0.742790 0.054468 0.034502 0.071559
11 0.730582 0.076529 0.002694 0.002861
11 0.752460 0.037542 0.001467 0.007055
11 0.392615 0.865605 0.006918 0.009638
11 0.395157 0.862413 0.002589 0.009899
11 0.389495 0.869582 0.002237 0.004264
11 0.386919 0.937897 0.002188 0.003213
11 0.408194 0.952473 0.001778 0.009638
11 0.390855 0.905111 0.001094 0.005622
11 0.392563 0.907119 0.001780 0.009638
11 0.406484 0.905111 0.001094 0.005622
11 0.408194 0.907119 0.001778 0.009638
11 0.335111 0.866066 0.006918 0.009638
11 0.337653 0.862874 0.002589 0.009899
11 0.331991 0.870043 0.002237 0.004264
11 0.176500 0.946487 0.002051 0.007027
11 0.176706 0.947592 0.001641 0.004016
11 0.179167 0.953013 0.002051 0.004417
11 0.083396 0.458195 0.001299 0.006827
11 0.056698 0.382663 0.003720 0.006023
11 0.056630 0.391698 0.003583 0.012047
11 0.056630 0.400733 0.003583 0.006023
11 0.056438 0.421411 0.003200 0.035331
11 0.056438 0.456752 0.003966 0.030117
11 0.079464 0.973696 0.001504 0.006023
11 0.074610 0.944231 0.002051 0.005522
11 0.069071 0.889257 0.002735 0.008433
11 0.581406 0.381137 0.034502 0.071559
11 0.708287 0.054468 0.034502 0.071559
11 0.581406 0.054468 0.034502 0.071559
11 0.742790 0.381137 0.034502 0.071559
11 0.743963 0.885594 0.034502 0.071559
11 0.708287 0.381137 0.034502 0.071559
11 0.709460 0.885594 0.034502 0.071559
11 0.581406 0.885594 0.034502 0.071559
11 0.742790 0.054468 0.034502 0.071559
11 0.156435 0.474764 0.010208 0.020239
11 0.056719 0.144419 0.008520 0.020239
11 0.057591 0.471087 0.010264 0.020239
11 0.315830 0.449377 0.008383 0.018231
11 0.315830 0.122708 0.008383 0.018231
11 0.374141 0.449377 0.008349 0.018231
11 0.374141 0.122708 0.008349 0.018231
11 0.156435 0.148095 0.010208 0.020239
11 0.056719 0.131267 0.008520 0.018030
11 0.157297 0.134944 0.008485 0.018030
11 0.056719 0.458037 0.008520 0.017829
11 0.157297 0.461713 0.008485 0.017829
11 0.315830 0.110561 0.008383 0.018030
11 0.315830 0.437229 0.008383 0.018030
11 0.374141 0.437229 0.008349 0.018030
11 0.374141 0.110561 0.008349 0.018030
11 0.056719 0.063503 0.008520 0.017428
11 0.056719 0.390172 0.008520 0.017428
11 0.157297 0.372164 0.008485 0.017428
11 0.157297 0.045495 0.008485 0.017428
11 0.315898 0.042797 0.008246 0.017428
11 0.315898 0.369465 0.008246 0.017428
11 0.374073 0.369465 0.008212 0.017428
11 0.374073 0.042797 0.008212 0.017428
11 0.056719 0.074948 0.008520 0.016223
11 0.157297 0.056940 0.008485 0.016223
11 0.056719 0.401617 0.008520 0.016223
11 0.157297 0.383609 0.008485 0.016223
11 0.315864 0.380910 0.008315 0.016223
11 0.315864 0.054241 0.008315 0.016223
11 0.056719 0.096934 0.008520 0.015621
11 0.374107 0.380910 0.008280 0.016223
11 0.374107 0.054241 0.008280 0.016223
11 0.157297 0.394752 0.008485 0.015621
11 0.157297 0.068083 0.008485 0.015621
11 0.157297 0.100610 0.008485 0.015621
11 0.157297 0.078925 0.008485 0.015621
11 0.056719 0.423602 0.008520 0.015621
11 0.056719 0.086192 0.008520 0.015420
11 0.056719 0.412861 0.008520 0.015420
11 0.157297 0.427279 0.008485 0.015621
11 0.157297 0.089868 0.008485 0.015420
11 0.157297 0.416537 0.008485 0.015420
11 0.056719 0.120434 0.008520 0.014398
11 0.056719 0.447103 0.008520 0.014398
11 0.315830 0.076227 0.008383 0.015621
11 0.315830 0.402896 0.008383 0.015621
11 0.157297 0.124111 0.008485 0.014398
11 0.315864 0.392053 0.008315 0.015621
11 0.315864 0.065385 0.008315 0.015621
11 0.374141 0.076227 0.008349 0.015621
11 0.374141 0.402896 0.008349 0.015621
11 0.374107 0.065385 0.008280 0.015621
11 0.374107 0.392053 0.008280 0.015621
11 0.157290 0.405594 0.008499 0.015621
11 0.157297 0.450894 0.008485 0.014169
11 0.315830 0.099728 0.008383 0.014398
11 0.315830 0.426396 0.008383 0.014398
11 0.374141 0.426396 0.008349 0.014398
11 0.374141 0.099728 0.008349 0.014398
11 0.056855 0.368488 0.008246 0.012609
11 0.056855 0.041819 0.008246 0.012609
11 0.157297 0.036460 0.008485 0.011404
11 0.157297 0.363129 0.008485 0.011404
11 0.315898 0.360430 0.008246 0.011404
11 0.315898 0.033762 0.008246 0.011404
11 0.374073 0.360430 0.008212 0.011404
11 0.374073 0.033762 0.008212 0.011404
11 0.056719 0.381137 0.008520 0.011404
11 0.056719 0.054468 0.008520 0.011404
11 0.532251 0.405105 0.005675 0.008834
11 0.532251 0.078437 0.005675 0.008834
11 0.532251 0.909563 0.005675 0.008834
