0 0.535937 0.709532 0.001358 0.007495
0 0.511446 0.731697 0.004258 0.026058
3 0.032062 0.338946 0.001326 0.008339
3 0.006947 0.359935 0.015409 0.096937
11 0.487328 0.722461 0.001534 0.034628
11 0.520876 0.717420 0.002458 0.005994
11 0.520876 0.725953 0.002458 0.005994
11 0.523924 0.718456 0.002489 0.006069
11 0.512815 0.730453 0.001261 0.006364
11 0.404848 0.415520 0.002297 0.028070
11 0.511446 0.731697 0.004258 0.026058
11 0.404848 0.415520 0.002297 0.028070
11 0.487328 0.722461 0.001534 0.034628
11 0.568455 0.236737 0.004345 0.022575
11 0.523924 0.718456 0.002489 0.006069
11 0.520876 0.717420 0.002458 0.005994
11 0.520876 0.725953 0.002458 0.005994
11 0.512815 0.730453 0.001261 0.006364
