0 0.438794 0.159580 0.023382 0.012428
0 0.030400 0.913621 0.001680 0.010159
0 0.031367 0.930807 0.003614 0.024214
0 0.030568 0.801233 0.002017 0.010159
0 0.030568 0.686306 0.002017 0.010159
0 0.030568 0.572014 0.002017 0.010159
0 0.030568 0.457722 0.002017 0.010159
0 0.030400 0.344700 0.001680 0.010159
0 0.292886 0.913621 0.001680 0.010159
0 0.292886 0.344700 0.001680 0.010159
0 0.292718 0.801233 0.002017 0.009524
0 0.292718 0.686306 0.002017 0.009524
0 0.292718 0.572014 0.002017 0.009524
0 0.292718 0.457722 0.002017 0.009524
0 0.059808 0.913621 0.002353 0.010159
0 0.089888 0.914573 0.001848 0.008254
0 0.113246 0.914573 0.001848 0.008254
0 0.145511 0.914573 0.001848 0.008254
0 0.177776 0.914573 0.001848 0.008254
0 0.210040 0.914573 0.001848 0.008254
0 0.233398 0.914573 0.001848 0.008254
0 0.263730 0.913938 0.002017 0.009524
0 0.059808 0.344700 0.002353 0.010159
0 0.089972 0.344065 0.002017 0.008889
0 0.113246 0.343748 0.001848 0.008254
0 0.145511 0.343748 0.001848 0.008254
0 0.177776 0.343748 0.001848 0.008254
0 0.210040 0.343748 0.001848 0.008254
0 0.233398 0.343748 0.001848 0.008254
0 0.263730 0.344383 0.002017 0.009524
0 0.059976 0.802183 0.002689 0.011429
0 0.059976 0.686306 0.002689 0.011429
0 0.059976 0.572014 0.002689 0.011429
0 0.059976 0.457722 0.002689 0.011429
0 0.090056 0.457722 0.002185 0.010794
0 0.090056 0.572014 0.002185 0.010794
0 0.090056 0.686306 0.002185 0.010794
0 0.089972 0.801233 0.002017 0.009524
0 0.113246 0.801233 0.002017 0.009524
0 0.145511 0.801233 0.002185 0.010159
0 0.210040 0.801233 0.002017 0.009524
0 0.233314 0.801233 0.002017 0.009524
0 0.113246 0.686306 0.002017 0.009524
0 0.210040 0.686306 0.002017 0.009524
0 0.233314 0.686306 0.002017 0.009524
0 0.177776 0.801233 0.002185 0.010159
0 0.145511 0.686306 0.002185 0.010159
0 0.177776 0.686306 0.002185 0.010159
0 0.145511 0.572014 0.002185 0.010159
0 0.177776 0.572014 0.002185 0.010159
0 0.145511 0.457722 0.002185 0.010159
0 0.177776 0.457722 0.002185 0.010159
0 0.113246 0.572014 0.002017 0.009524
0 0.113246 0.457722 0.002017 0.009524
0 0.210040 0.572014 0.002017 0.009524
0 0.210040 0.457722 0.002017 0.009524
0 0.233314 0.572014 0.002017 0.009524
0 0.233314 0.457722 0.002017 0.009524
0 0.263562 0.457722 0.002353 0.010159
0 0.263562 0.572014 0.002353 0.010159
0 0.263562 0.686306 0.002353 0.010159
0 0.263562 0.801551 0.002353 0.010159
0 0.295533 0.930807 0.003614 0.024214
0 0.031367 0.351727 0.003614 0.024214
0 0.295533 0.351727 0.003614 0.024214
0 0.937427 0.582315 0.004877 0.027900
0 0.928275 0.563583 0.004877 0.027900
0 0.937343 0.561997 0.004922 0.027605
0 0.928411 0.581146 0.004922 0.027605
0 0.841399 0.218880 0.004877 0.027900
0 0.832247 0.200148 0.004877 0.027900
0 0.841315 0.198563 0.004922 0.027605
0 0.832383 0.217711 0.004922 0.027605
0 0.896513 0.111895 0.002651 0.003576
0 0.904603 0.111895 0.002925 0.003576
0 0.900433 0.155294 0.002925 0.003576
0 0.900511 0.111895 0.002925 0.003576
0 0.910424 0.111305 0.009243 0.016697
0 0.958219 0.111895 0.002651 0.003576
0 0.967701 0.111895 0.002925 0.003576
0 0.962801 0.155294 0.002925 0.003576
0 0.961337 0.111895 0.002925 0.003576
0 0.964547 0.111895 0.002925 0.003576
0 0.973527 0.111305 0.009243 0.016697
0 0.926963 0.111895 0.002651 0.003576
0 0.936445 0.111895 0.002925 0.003576
0 0.931546 0.155294 0.002925 0.003576
0 0.930081 0.111895 0.002925 0.003576
0 0.933291 0.111895 0.002925 0.003576
0 0.942271 0.111305 0.009243 0.016697
0 0.431902 0.701118 0.002439 0.029623
0 0.488655 0.477766 0.002022 0.040088
0 0.661414 0.362999 0.003349 0.035329
0 0.431692 0.586792 0.002858 0.029690
0 0.461115 0.360638 0.003729 0.033781
0 0.491176 0.364216 0.001933 0.037762
0 0.513796 0.586802 0.001880 0.029576
0 0.490905 0.929204 0.002476 0.029263
0 0.546340 0.474843 0.002439 0.034242
0 0.546340 0.591200 0.002439 0.038372
0 0.546340 0.821806 0.002439 0.037971
0 0.578605 0.474843 0.002439 0.034242
0 0.578858 0.589440 0.001933 0.041892
0 0.578858 0.704930 0.001933 0.044288
0 0.578605 0.821806 0.002439 0.037971
0 0.664308 0.481721 0.002439 0.047999
0 0.664308 0.595057 0.002439 0.046085
0 0.664308 0.703427 0.002439 0.034242
0 0.634060 0.477340 0.002439 0.039236
0 0.610914 0.477252 0.002527 0.039060
0 0.608441 0.591544 0.002418 0.039060
0 0.633976 0.821639 0.002607 0.039542
0 0.662270 0.929335 0.002476 0.029523
0 0.461284 0.591852 0.003732 0.039676
0 0.461284 0.825027 0.003732 0.048857
0 0.461149 0.708965 0.003462 0.045318
0 0.513964 0.359847 0.002214 0.032199
0 0.546228 0.359847 0.002214 0.032199
0 0.578493 0.359847 0.002214 0.032199
0 0.610889 0.361752 0.002476 0.036009
0 0.633911 0.361752 0.002476 0.036009
0 0.610870 0.821639 0.002439 0.039542
0 0.514076 0.706690 0.002439 0.040768
0 0.431707 0.472499 0.002858 0.029690
0 0.694661 0.930776 0.002650 0.024151
0 0.430493 0.359295 0.002645 0.039350
0 0.693819 0.363422 0.002645 0.039350
0 0.634049 0.708263 0.002248 0.043913
0 0.490814 0.708761 0.002298 0.044899
0 0.492599 0.825027 0.003732 0.048857
0 0.514093 0.929198 0.002476 0.029263
0 0.546359 0.929198 0.002476 0.029263
0 0.578624 0.929204 0.002476 0.029263
0 0.610890 0.929198 0.002476 0.029263
0 0.634248 0.929198 0.002476 0.029263
0 0.693483 0.815360 0.002476 0.029523
0 0.514076 0.820854 0.002439 0.037971
0 0.431501 0.815230 0.002476 0.029263
0 0.610870 0.706077 0.002439 0.039542
0 0.692558 0.700938 0.002476 0.029263
0 0.692558 0.586646 0.002476 0.029263
0 0.693483 0.472484 0.002476 0.029523
0 0.488809 0.586404 0.001716 0.028757
0 0.634049 0.593971 0.002248 0.043913
0 0.661072 0.425974 0.026887 0.038097
0 0.661072 0.489470 0.026887 0.038097
0 0.661072 0.540266 0.026887 0.038097
0 0.500001 0.573606 0.010755 0.114292
0 0.523275 0.573606 0.010755 0.114292
0 0.519578 0.424069 0.007394 0.057146
0 0.538735 0.424069 0.007394 0.057146
0 0.561422 0.424069 0.007394 0.057146
0 0.603265 0.424069 0.007394 0.057146
0 0.458743 0.476681 0.002022 0.040088
0 0.546172 0.706690 0.002439 0.040768
0 0.664392 0.825913 0.002439 0.047999
2 0.002039 0.112026 0.002017 0.005080
2 0.003534 0.147909 0.002017 0.005080
2 0.003534 0.158068 0.002017 0.005080
2 0.019698 0.117580 0.002017 0.005080
2 0.010979 0.085485 0.003403 0.008572
2 0.007390 0.112026 0.002017 0.005080
2 0.013943 0.112026 0.002017 0.005080
2 0.003534 0.137749 0.002017 0.005080
2 0.003005 0.127590 0.002017 0.005080
2 0.014365 0.127590 0.002017 0.005080
2 0.014365 0.137749 0.002017 0.005080
2 0.019698 0.107420 0.002017 0.005080
2 0.032640 0.107459 0.002017 0.005080
2 0.033328 0.117618 0.002017 0.005080
2 0.034233 0.127590 0.002017 0.005080
2 0.021499 0.158068 0.002017 0.005080
2 0.021499 0.168227 0.002017 0.005080
2 0.021499 0.178386 0.002017 0.005080
2 0.021499 0.127590 0.002017 0.005080
2 0.021499 0.137749 0.002017 0.005080
2 0.021499 0.147909 0.002017 0.005080
2 0.027586 0.117580 0.002017 0.005080
2 0.026151 0.107420 0.002017 0.005080
2 0.014365 0.147909 0.002017 0.005080
2 0.014365 0.158068 0.002017 0.005080
2 0.034233 0.137749 0.002017 0.005080
2 0.034233 0.147909 0.002017 0.005080
2 0.034233 0.158068 0.002017 0.005080
2 0.034233 0.168227 0.002017 0.005080
2 0.002561 0.168227 0.002017 0.005080
2 0.027952 0.168227 0.002017 0.005080
2 0.027952 0.137749 0.002017 0.005080
2 0.027952 0.147909 0.002017 0.005080
2 0.027952 0.158068 0.002017 0.005080
2 0.027952 0.127590 0.002017 0.005080
2 0.007511 0.168227 0.002017 0.005080
2 0.007511 0.158068 0.002017 0.005080
2 0.007511 0.147909 0.002017 0.005080
2 0.007511 0.137749 0.002017 0.005080
2 0.007511 0.127590 0.002017 0.005080
2 0.002658 0.178386 0.002017 0.005080
2 0.007511 0.178386 0.002017 0.005080
2 0.014365 0.168227 0.002017 0.005080
2 0.867041 0.497106 0.001966 0.004953
2 0.866360 0.497014 0.002295 0.008672
2 0.912372 0.430802 0.002233 0.008438
2 0.912958 0.430835 0.002136 0.005379
2 0.904266 0.430802 0.002233 0.008438
2 0.904852 0.430835 0.002136 0.005379
2 0.896872 0.429995 0.002136 0.005379
2 0.896043 0.429962 0.002233 0.008438
2 0.863347 0.429962 0.002233 0.008438
2 0.864175 0.429995 0.002136 0.005379
2 0.872617 0.430835 0.002136 0.005379
2 0.872031 0.430802 0.002233 0.008438
2 0.881396 0.430835 0.002136 0.005379
2 0.880809 0.430802 0.002233 0.008438
2 0.849031 0.430802 0.002233 0.008438
2 0.849617 0.430835 0.002136 0.005379
2 0.841888 0.430802 0.002233 0.008438
2 0.842474 0.430835 0.002136 0.005379
2 0.900850 0.712155 0.004840 0.012191
2 0.899265 0.694621 0.004004 0.010086
2 0.834666 0.712155 0.004840 0.012191
2 0.832208 0.694174 0.003932 0.009905
2 0.845526 0.573490 0.001966 0.004953
2 0.839359 0.541340 0.002295 0.008672
2 0.840048 0.541179 0.001966 0.004953
2 0.836392 0.541459 0.001966 0.004953
2 0.835713 0.541574 0.002295 0.008672
2 0.839921 0.577216 0.005680 0.037172
2 0.832493 0.577216 0.005680 0.037172
2 0.844892 0.573185 0.002282 0.008622
2 0.868822 0.712155 0.004840 0.012191
2 0.879404 0.583649 0.002002 0.005043
2 0.878807 0.583529 0.002324 0.008780
2 0.869399 0.547031 0.002002 0.005043
2 0.868816 0.546860 0.002337 0.008831
2 0.874236 0.518902 0.002002 0.005043
2 0.873598 0.518703 0.002337 0.008831
2 0.872744 0.463607 0.001435 0.005423
2 0.869406 0.467609 0.002002 0.005043
2 0.873726 0.460220 0.001224 0.004626
2 0.863877 0.463607 0.001435 0.005423
2 0.864859 0.460220 0.001224 0.004626
2 0.868662 0.467191 0.002337 0.008831
2 0.834033 0.429995 0.002136 0.005379
2 0.833204 0.429962 0.002233 0.008438
2 0.826966 0.430222 0.003337 0.008405
2 0.889229 0.430222 0.003337 0.008405
2 0.867237 0.694621 0.004004 0.010086
2 0.857287 0.430222 0.003337 0.008405
2 0.896432 0.495783 0.001966 0.004953
2 0.895751 0.495691 0.002295 0.008672
2 0.871033 0.492072 0.001210 0.003048
2 0.901894 0.491766 0.001210 0.003048
2 0.927171 0.429962 0.002233 0.008438
2 0.928000 0.429995 0.002136 0.005379
2 0.936441 0.430835 0.002136 0.005379
2 0.935855 0.430802 0.002233 0.008438
2 0.945220 0.430835 0.002136 0.005379
2 0.944634 0.430802 0.002233 0.008438
2 0.932646 0.712155 0.004840 0.012191
2 0.931062 0.694621 0.004004 0.010086
2 0.921112 0.430222 0.003337 0.008405
2 0.834666 0.371003 0.004840 0.012191
2 0.834289 0.348797 0.003932 0.009905
2 0.942658 0.597137 0.001816 0.006860
2 0.943125 0.597230 0.001564 0.003940
2 0.923814 0.591720 0.001564 0.003940
2 0.923346 0.591627 0.001816 0.006860
2 0.923001 0.478740 0.001826 0.006900
2 0.923582 0.479067 0.001564 0.003940
2 0.939181 0.468784 0.001121 0.004237
2 0.936381 0.468784 0.001121 0.004237
2 0.929671 0.468784 0.001121 0.004237
2 0.926871 0.468784 0.001121 0.004237
2 0.924599 0.511831 0.001826 0.006900
2 0.925098 0.511987 0.001564 0.003940
2 0.924205 0.495649 0.001536 0.003870
2 0.923673 0.495576 0.001793 0.006776
2 0.827799 0.227969 0.001564 0.003940
2 0.827332 0.227875 0.001816 0.006860
2 0.826856 0.105502 0.001826 0.006900
2 0.827438 0.105828 0.001564 0.003940
2 0.843036 0.095546 0.001121 0.004237
2 0.840237 0.095546 0.001121 0.004237
2 0.833526 0.095546 0.001121 0.004237
2 0.830727 0.095546 0.001121 0.004237
2 0.828455 0.138593 0.001826 0.006900
2 0.828954 0.138749 0.001564 0.003940
2 0.828060 0.122410 0.001536 0.003870
2 0.827529 0.122338 0.001793 0.006776
2 0.836647 0.095546 0.001121 0.004237
2 0.847135 0.232977 0.001826 0.006900
2 0.847717 0.233303 0.001564 0.003940
2 0.832846 0.065364 0.002233 0.008438
2 0.833674 0.065397 0.002136 0.005379
2 0.841561 0.066237 0.002136 0.005379
2 0.840974 0.066204 0.002233 0.008438
2 0.849629 0.066237 0.002136 0.005379
2 0.849043 0.066204 0.002233 0.008438
2 0.826786 0.065624 0.003337 0.008405
2 0.833989 0.489243 0.001966 0.004953
2 0.833309 0.489150 0.002295 0.008672
2 0.839366 0.484894 0.001210 0.003048
2 0.868505 0.371003 0.004840 0.012191
2 0.867796 0.348906 0.004004 0.010086
2 0.863347 0.065364 0.002233 0.008438
2 0.864175 0.065397 0.002136 0.005379
2 0.872617 0.066237 0.002136 0.005379
2 0.872031 0.066204 0.002233 0.008438
2 0.881396 0.066237 0.002136 0.005379
2 0.880809 0.066204 0.002233 0.008438
2 0.857287 0.065624 0.003337 0.008405
2 0.880273 0.218112 0.002002 0.005043
2 0.879675 0.217992 0.002324 0.008780
2 0.871607 0.173820 0.002002 0.005043
2 0.871066 0.173759 0.002337 0.008831
2 0.858856 0.105502 0.001826 0.006900
2 0.859437 0.105828 0.001564 0.003940
2 0.875036 0.095546 0.001121 0.004237
2 0.872236 0.095546 0.001121 0.004237
2 0.865526 0.095546 0.001121 0.004237
2 0.862726 0.095546 0.001121 0.004237
2 0.860454 0.138593 0.001826 0.006900
2 0.860953 0.138749 0.001564 0.003940
2 0.859906 0.118699 0.001536 0.003870
2 0.859374 0.118627 0.001793 0.006776
2 0.868646 0.095546 0.001121 0.004237
2 0.899667 0.370253 0.004840 0.012191
2 0.930988 0.370253 0.004840 0.012191
2 0.963492 0.370253 0.004840 0.012191
11 0.438891 0.066487 0.003626 0.015427
11 0.030547 0.915021 0.008018 0.028537
11 0.294714 0.915021 0.008018 0.028537
11 0.294714 0.335941 0.008018 0.028537
11 0.032228 0.335941 0.008018 0.028537
11 0.817515 0.416593 0.003626 0.015427
11 0.817581 0.051621 0.003626 0.015427
11 0.584276 0.424069 0.008402 0.057146
11 0.500001 0.573606 0.010755 0.114292
11 0.523275 0.573606 0.010755 0.114292
11 0.459754 0.456129 0.021006 0.057146
11 0.459754 0.801233 0.021006 0.051191
11 0.661072 0.425974 0.026887 0.038097
11 0.661072 0.489470 0.026887 0.038097
11 0.661072 0.540266 0.026887 0.038097
11 0.662836 0.801227 0.015124 0.057146
11 0.662836 0.456135 0.015124 0.057146
11 0.545121 0.686306 0.015124 0.051191
11 0.519578 0.424069 0.007394 0.057146
11 0.538735 0.424069 0.007394 0.057146
11 0.561422 0.424069 0.007394 0.057146
11 0.603265 0.424069 0.007394 0.057146
