0 0.518324 0.109202 0.001379 0.004413
0 0.514633 0.141517 0.001820 0.003286
0 0.535664 0.142625 0.003219 0.001891
0 0.500776 0.142441 0.003219 0.001891
0 0.501580 0.143905 0.001609 0.001037
0 0.536468 0.144089 0.001609 0.001037
0 0.652925 0.178598 0.001790 0.003640
0 0.668459 0.178598 0.001790 0.003640
0 0.702964 0.155327 0.003219 0.001891
0 0.703769 0.156791 0.001609 0.001037
0 0.729450 0.154548 0.003219 0.001891
0 0.730254 0.156012 0.001609 0.001037
0 0.590408 0.109398 0.001379 0.004413
0 0.607748 0.142821 0.003219 0.001891
0 0.608553 0.144285 0.001609 0.001037
0 0.578613 0.176245 0.007647 0.017275
0 0.635311 0.091352 0.002363 0.004536
0 0.636938 0.017244 0.002130 0.005358
0 0.657029 0.055601 0.002822 0.001829
0 0.395123 0.039625 0.002647 0.002293
0 0.419157 0.039625 0.002647 0.002293
0 0.406653 0.062932 0.003414 0.006113
0 0.406653 0.014311 0.003414 0.005540
0 0.563426 0.018403 0.001379 0.004413
0 0.560309 0.050718 0.002969 0.003286
0 0.580765 0.051826 0.003219 0.001891
0 0.545877 0.051642 0.003219 0.001891
0 0.546682 0.053106 0.001609 0.001037
0 0.581570 0.053290 0.001609 0.001037
0 0.563426 0.064534 0.001379 0.004413
0 0.563791 0.044111 0.027936 0.015283
0 0.195592 0.584594 0.058518 0.024358
0 0.195592 0.518206 0.058518 0.024358
0 0.187488 0.575235 0.001471 0.003454
0 0.087376 0.578271 0.001471 0.003454
0 0.089643 0.578308 0.001471 0.003454
0 0.060337 0.393611 0.068271 0.068775
0 0.042921 0.409634 0.001471 0.003454
0 0.040490 0.406097 0.002854 0.001652
0 0.060337 0.232906 0.068271 0.068775
0 0.037364 0.246610 0.002944 0.001223
0 0.028353 0.259853 0.002285 0.001084
0 0.028353 0.205958 0.002285 0.001084
0 0.037364 0.219201 0.002944 0.001223
0 0.313733 0.586148 0.055732 0.036298
0 0.313733 0.529313 0.055732 0.020060
0 0.308762 0.584661 0.001471 0.003454
0 0.311029 0.584698 0.001471 0.003454
0 0.307015 0.581339 0.002854 0.001652
0 0.183473 0.566580 0.002854 0.001652
0 0.183473 0.568909 0.002854 0.001652
0 0.183473 0.571313 0.002854 0.001652
0 0.203697 0.575235 0.001471 0.003454
0 0.207711 0.566580 0.002854 0.001652
0 0.207711 0.568909 0.002854 0.001652
0 0.207711 0.571313 0.002854 0.001652
0 0.187488 0.529801 0.001471 0.003454
0 0.183473 0.538456 0.002854 0.001652
0 0.183473 0.536127 0.002854 0.001652
0 0.183473 0.533723 0.002854 0.001652
0 0.203697 0.529801 0.001471 0.003454
0 0.207711 0.538456 0.002854 0.001652
0 0.207711 0.536127 0.002854 0.001652
0 0.207711 0.533723 0.002854 0.001652
0 0.195244 0.429180 0.057822 0.024358
0 0.195244 0.362793 0.057822 0.024358
0 0.186264 0.420712 0.001471 0.003454
0 0.183473 0.412056 0.002854 0.001652
0 0.183473 0.414385 0.002854 0.001652
0 0.183473 0.416789 0.002854 0.001652
0 0.187488 0.374387 0.001471 0.003454
0 0.183473 0.383043 0.002854 0.001652
0 0.183473 0.380714 0.002854 0.001652
0 0.183473 0.378309 0.002854 0.001652
0 0.203000 0.374387 0.001471 0.003454
0 0.207015 0.383043 0.002854 0.001652
0 0.207015 0.380714 0.002854 0.001652
0 0.207015 0.378309 0.002854 0.001652
0 0.204224 0.420712 0.001471 0.003454
0 0.207015 0.412056 0.002854 0.001652
0 0.207015 0.414385 0.002854 0.001652
0 0.207015 0.416789 0.002854 0.001652
0 0.194896 0.273124 0.057125 0.024358
0 0.194896 0.206737 0.057125 0.024358
0 0.186264 0.264656 0.001471 0.003454
0 0.183473 0.256000 0.002854 0.001652
0 0.183473 0.258329 0.002854 0.001652
0 0.183473 0.260733 0.002854 0.001652
0 0.203528 0.264656 0.001471 0.003454
0 0.206318 0.256000 0.002854 0.001652
0 0.206318 0.258329 0.002854 0.001652
0 0.206318 0.260733 0.002854 0.001652
0 0.186264 0.215205 0.001471 0.003454
0 0.183473 0.223861 0.002854 0.001652
0 0.183473 0.221532 0.002854 0.001652
0 0.183473 0.219128 0.002854 0.001652
0 0.203528 0.215205 0.001471 0.003454
0 0.206318 0.223861 0.002854 0.001652
0 0.206318 0.221532 0.002854 0.001652
0 0.206318 0.219128 0.002854 0.001652
0 0.194896 0.118075 0.057125 0.024358
0 0.194896 0.051688 0.057125 0.024358
0 0.183473 0.102232 0.002854 0.001652
0 0.183473 0.106965 0.002854 0.001652
0 0.168484 0.116666 0.002285 0.001084
0 0.183339 0.104750 0.002285 0.001084
0 0.183473 0.067530 0.002854 0.001652
0 0.183473 0.062797 0.002854 0.001652
0 0.183339 0.065013 0.002285 0.001084
0 0.206318 0.102232 0.002854 0.001652
0 0.206318 0.106965 0.002854 0.001652
0 0.206452 0.104750 0.002285 0.001084
0 0.206318 0.067530 0.002854 0.001652
0 0.206318 0.062797 0.002854 0.001652
0 0.206452 0.065013 0.002285 0.001084
0 0.288672 0.571999 0.003678 0.001084
0 0.307015 0.578856 0.002854 0.001652
0 0.295717 0.569887 0.003678 0.001084
0 0.338794 0.571999 0.003678 0.001084
0 0.319139 0.584661 0.001471 0.003454
0 0.316872 0.584698 0.001471 0.003454
0 0.320887 0.581339 0.002854 0.001652
0 0.320887 0.578856 0.002854 0.001652
0 0.331750 0.569887 0.003678 0.001084
0 0.304755 0.540629 0.001471 0.003454
0 0.308237 0.540592 0.001471 0.003454
0 0.303007 0.543951 0.002854 0.001652
0 0.303007 0.547943 0.002854 0.001652
0 0.302885 0.545955 0.002425 0.001367
0 0.288672 0.531753 0.003678 0.001084
0 0.338794 0.531753 0.003678 0.001084
0 0.322712 0.540629 0.001471 0.003454
0 0.319229 0.540592 0.001471 0.003454
0 0.324459 0.543951 0.002854 0.001652
0 0.324459 0.547943 0.002854 0.001652
0 0.324581 0.545955 0.002425 0.001367
0 0.314678 0.430714 0.055035 0.036298
0 0.314678 0.373879 0.055035 0.020060
0 0.309624 0.427518 0.001471 0.003454
0 0.307876 0.424196 0.002854 0.001652
0 0.289617 0.416565 0.002982 0.001084
0 0.297010 0.414452 0.003678 0.001084
0 0.339739 0.416565 0.002982 0.001084
0 0.332346 0.414452 0.003678 0.001084
0 0.307679 0.385157 0.001471 0.003454
0 0.303604 0.389963 0.002854 0.001652
0 0.303482 0.387975 0.002425 0.001367
0 0.319650 0.427518 0.001471 0.003454
0 0.321397 0.424196 0.002854 0.001652
0 0.320980 0.385157 0.001471 0.003454
0 0.325056 0.389963 0.002854 0.001652
0 0.325178 0.387975 0.002425 0.001367
0 0.314528 0.272548 0.054339 0.036298
0 0.314528 0.215713 0.054339 0.020060
0 0.308000 0.272092 0.001471 0.003454
0 0.306253 0.268770 0.002854 0.001652
0 0.289467 0.258399 0.002285 0.001084
0 0.296511 0.256287 0.003678 0.001084
0 0.339589 0.258399 0.002285 0.001084
0 0.332544 0.256287 0.003678 0.001084
0 0.306484 0.226991 0.001471 0.003454
0 0.302409 0.231797 0.002854 0.001652
0 0.302287 0.229809 0.002425 0.001367
0 0.320012 0.272092 0.001471 0.003454
0 0.321759 0.268770 0.002854 0.001652
0 0.320482 0.226991 0.001471 0.003454
0 0.324557 0.231797 0.002854 0.001652
0 0.324679 0.229809 0.002425 0.001367
0 0.314525 0.116931 0.054339 0.036298
0 0.314525 0.060096 0.054339 0.020060
0 0.289464 0.102782 0.002285 0.001084
0 0.296508 0.100670 0.003678 0.001084
0 0.339586 0.102782 0.002285 0.001084
0 0.332541 0.100670 0.003678 0.001084
0 0.306481 0.071375 0.001471 0.003454
0 0.302406 0.076180 0.002854 0.001652
0 0.302284 0.074192 0.002425 0.001367
0 0.320479 0.071375 0.001471 0.003454
0 0.324554 0.076180 0.002854 0.001652
0 0.324676 0.074192 0.002425 0.001367
0 0.306045 0.110270 0.003678 0.001084
0 0.321228 0.110270 0.003678 0.001084
0 0.479607 0.461945 0.008360 0.072596
0 0.478237 0.429677 0.003678 0.001219
0 0.486710 0.429600 0.003678 0.001084
0 0.479607 0.351140 0.008360 0.072596
0 0.478237 0.383408 0.003678 0.001219
0 0.486710 0.387085 0.003678 0.001084
0 0.555328 0.461945 0.008360 0.072596
0 0.553610 0.429677 0.002981 0.001219
0 0.561735 0.429600 0.003678 0.001084
0 0.555328 0.351140 0.008360 0.072596
0 0.564741 0.323127 0.002854 0.001652
0 0.553610 0.383408 0.002981 0.001219
0 0.561735 0.386423 0.003678 0.001084
0 0.637886 0.461945 0.008360 0.072596
0 0.647298 0.488646 0.002854 0.001652
0 0.635819 0.429677 0.002285 0.001219
0 0.643596 0.429600 0.003678 0.001084
0 0.637886 0.351140 0.008360 0.072596
0 0.647298 0.324439 0.002854 0.001652
0 0.635819 0.383408 0.002285 0.001219
0 0.643596 0.386792 0.003678 0.001084
0 0.703291 0.461945 0.008360 0.072596
0 0.701225 0.429677 0.002285 0.001219
0 0.709001 0.429600 0.003678 0.001084
0 0.703291 0.351140 0.008360 0.072596
0 0.701225 0.383408 0.002285 0.001219
0 0.709001 0.372952 0.003678 0.001084
0 0.646550 0.495842 0.002854 0.002346
0 0.646550 0.317533 0.002854 0.002346
0 0.060337 0.561095 0.068271 0.068775
0 0.090989 0.531439 0.005573 0.008138
0 0.090989 0.363956 0.005573 0.008138
0 0.091013 0.363956 0.002302 0.008138
0 0.090989 0.364073 0.005573 0.003518
0 0.090989 0.203250 0.005573 0.008138
0 0.091013 0.203250 0.002302 0.008138
0 0.090989 0.203368 0.005573 0.003518
0 0.289464 0.112065 0.002285 0.001084
0 0.339623 0.112065 0.002285 0.001084
0 0.060337 0.725860 0.068271 0.068775
0 0.029092 0.730523 0.003678 0.001084
0 0.087376 0.743036 0.001471 0.003454
0 0.089643 0.743073 0.001471 0.003454
0 0.042372 0.742574 0.001177 0.002763
0 0.044186 0.742603 0.001177 0.002763
0 0.040427 0.738356 0.002283 0.001322
0 0.040427 0.740410 0.002283 0.001322
0 0.086457 0.706497 0.004285 0.002017
0 0.090989 0.696682 0.005573 0.009093
0 0.313733 0.741491 0.055732 0.036298
0 0.313733 0.684656 0.055732 0.020060
0 0.308752 0.740003 0.001471 0.003454
0 0.311019 0.740040 0.001471 0.003454
0 0.307005 0.736681 0.002854 0.001652
0 0.288672 0.727342 0.003678 0.001084
0 0.307005 0.734198 0.002854 0.001652
0 0.295717 0.725230 0.003678 0.001084
0 0.338794 0.727342 0.003678 0.001084
0 0.318810 0.740003 0.001471 0.003454
0 0.316543 0.740040 0.001471 0.003454
0 0.320557 0.736681 0.002854 0.001652
0 0.320557 0.734198 0.002854 0.001652
0 0.331750 0.725230 0.003678 0.001084
0 0.304755 0.695971 0.001471 0.003454
0 0.308237 0.695934 0.001471 0.003454
0 0.303007 0.699293 0.002854 0.001652
0 0.303007 0.703286 0.002854 0.001652
0 0.302885 0.701298 0.002425 0.001367
0 0.288672 0.687095 0.003678 0.001084
0 0.338794 0.687095 0.003678 0.001084
0 0.322712 0.695971 0.001471 0.003454
0 0.319229 0.695934 0.001471 0.003454
0 0.324459 0.699293 0.002854 0.001652
0 0.324459 0.703286 0.002854 0.001652
0 0.324581 0.701298 0.002425 0.001367
0 0.288672 0.736149 0.003678 0.001084
0 0.338831 0.736624 0.003678 0.001084
0 0.187488 0.735053 0.001471 0.003454
0 0.183473 0.726398 0.002854 0.001652
0 0.183473 0.728727 0.002854 0.001652
0 0.183473 0.731131 0.002854 0.001652
0 0.208178 0.731260 0.001471 0.003454
0 0.212193 0.722605 0.002854 0.001652
0 0.212193 0.724934 0.002854 0.001652
0 0.212193 0.727338 0.002854 0.001652
0 0.187488 0.688729 0.001471 0.003454
0 0.183473 0.697385 0.002854 0.001652
0 0.183473 0.695055 0.002854 0.001652
0 0.183473 0.692651 0.002854 0.001652
0 0.208245 0.688729 0.001471 0.003454
0 0.212259 0.697385 0.002854 0.001652
0 0.212259 0.695055 0.002854 0.001652
0 0.212259 0.692651 0.002854 0.001652
0 0.421090 0.490584 0.002854 0.001652
0 0.404764 0.728040 0.008360 0.072596
0 0.394560 0.756429 0.002854 0.001652
0 0.406134 0.695772 0.003678 0.001219
0 0.397661 0.695695 0.003678 0.001084
0 0.404764 0.617236 0.008360 0.072596
0 0.394655 0.588810 0.002854 0.001652
0 0.406134 0.649504 0.003678 0.001219
0 0.397661 0.653181 0.003678 0.001084
0 0.480546 0.728040 0.008360 0.072596
0 0.481916 0.695772 0.003678 0.001219
0 0.473443 0.695695 0.003678 0.001084
0 0.480546 0.617236 0.008360 0.072596
0 0.481916 0.649504 0.003678 0.001219
0 0.473443 0.653181 0.003678 0.001084
0 0.556773 0.728040 0.008360 0.072596
0 0.547360 0.989988 0.002854 0.001652
0 0.558491 0.695772 0.002981 0.001219
0 0.550366 0.695695 0.003678 0.001084
0 0.556773 0.617236 0.008360 0.072596
0 0.547360 0.825782 0.002854 0.001652
0 0.558491 0.649504 0.002981 0.001219
0 0.550366 0.652915 0.003678 0.001084
0 0.636585 0.728040 0.008360 0.072596
0 0.627172 0.754741 0.002854 0.001652
0 0.638651 0.695772 0.002285 0.001219
0 0.630875 0.695695 0.003678 0.001084
0 0.636585 0.617236 0.008360 0.072596
0 0.627172 0.590535 0.002854 0.001652
0 0.638651 0.649504 0.002285 0.001219
0 0.630875 0.652911 0.003678 0.001084
0 0.704394 0.728040 0.008360 0.072596
0 0.706461 0.695772 0.002285 0.001219
0 0.698684 0.695695 0.003678 0.001084
0 0.704394 0.617236 0.008360 0.072596
0 0.706461 0.649504 0.002285 0.001219
0 0.698684 0.639047 0.003678 0.001084
0 0.627920 0.761938 0.002854 0.002346
0 0.627920 0.583629 0.002854 0.002346
0 0.695729 0.583526 0.002854 0.002346
0 0.409612 0.429677 0.003678 0.001219
0 0.418085 0.429600 0.003678 0.001084
0 0.409612 0.383408 0.003678 0.001219
0 0.418085 0.387085 0.003678 0.001084
0 0.478317 0.356315 0.003678 0.001084
0 0.478317 0.458571 0.003678 0.001084
0 0.554039 0.458571 0.003678 0.001084
0 0.554039 0.356315 0.003678 0.001084
0 0.635900 0.354396 0.002285 0.001084
0 0.635900 0.458381 0.002285 0.001084
0 0.701305 0.460402 0.002285 0.001084
0 0.701305 0.350757 0.002285 0.001084
0 0.993650 0.313716 0.002854 0.001652
0 0.982147 0.304210 0.005573 0.003821
0 0.982251 0.281276 0.003678 0.001084
0 0.993650 0.149510 0.002854 0.001652
0 0.982147 0.159017 0.005573 0.003821
0 0.982147 0.260747 0.005573 0.004775
0 0.982171 0.254748 0.003678 0.001219
0 0.990644 0.254671 0.003678 0.001084
0 0.982147 0.202480 0.005573 0.004775
0 0.982171 0.208479 0.003678 0.001219
0 0.990644 0.212156 0.003678 0.001084
0 0.982251 0.232710 0.003678 0.001084
0 0.982251 0.181386 0.003678 0.001084
0 0.409692 0.458571 0.003678 0.001084
0 0.409692 0.356315 0.003678 0.001084
0 0.406054 0.674254 0.003678 0.001084
0 0.406054 0.725832 0.003678 0.001084
0 0.406054 0.619260 0.003678 0.001084
0 0.481836 0.725730 0.003678 0.001084
0 0.481836 0.620521 0.003678 0.001084
0 0.558410 0.725730 0.002982 0.001084
0 0.558410 0.620136 0.002982 0.001084
0 0.638571 0.723812 0.002285 0.001084
0 0.638571 0.621587 0.002285 0.001084
0 0.706380 0.725832 0.002285 0.001084
0 0.706380 0.617871 0.002285 0.001084
0 0.406134 0.703232 0.003678 0.001219
0 0.406134 0.700584 0.003678 0.001219
0 0.406134 0.706032 0.003678 0.001219
0 0.406134 0.642099 0.003678 0.001219
0 0.406134 0.639452 0.003678 0.001219
0 0.406134 0.644900 0.003678 0.001219
0 0.481916 0.703232 0.003678 0.001219
0 0.481916 0.700584 0.003678 0.001219
0 0.481916 0.706032 0.003678 0.001219
0 0.558446 0.703232 0.002892 0.001219
0 0.558446 0.700584 0.002892 0.001219
0 0.558446 0.706032 0.002892 0.001219
0 0.638601 0.703232 0.002183 0.001219
0 0.638601 0.700584 0.002183 0.001219
0 0.638601 0.706032 0.002183 0.001219
0 0.481916 0.642219 0.003678 0.001219
0 0.481916 0.639452 0.003678 0.001219
0 0.481916 0.644900 0.003678 0.001219
0 0.558438 0.642219 0.002876 0.001219
0 0.558438 0.639452 0.002876 0.001219
0 0.558438 0.644900 0.002876 0.001219
0 0.638610 0.642219 0.002202 0.001219
0 0.638610 0.639452 0.002202 0.001219
0 0.638610 0.644900 0.002202 0.001219
0 0.409565 0.437136 0.003678 0.001219
0 0.409565 0.434489 0.003678 0.001219
0 0.409565 0.439937 0.003678 0.001219
0 0.409565 0.375843 0.003678 0.001219
0 0.409565 0.373195 0.003678 0.001219
0 0.409565 0.378643 0.003678 0.001219
0 0.478190 0.437136 0.003678 0.001219
0 0.478190 0.434489 0.003678 0.001219
0 0.478190 0.439937 0.003678 0.001219
0 0.478190 0.375843 0.003678 0.001219
0 0.478190 0.373195 0.003678 0.001219
0 0.478190 0.378643 0.003678 0.001219
0 0.553526 0.437136 0.002906 0.001219
0 0.553526 0.434489 0.002906 0.001219
0 0.553526 0.439937 0.002906 0.001219
0 0.553527 0.375843 0.002908 0.001219
0 0.553527 0.373195 0.002908 0.001219
0 0.553527 0.378643 0.002908 0.001219
0 0.635742 0.437136 0.002225 0.001219
0 0.635742 0.434489 0.002225 0.001219
0 0.635742 0.439937 0.002225 0.001219
0 0.635734 0.375843 0.002208 0.001219
0 0.635734 0.373195 0.002208 0.001219
0 0.635734 0.378643 0.002208 0.001219
0 0.694719 0.584985 0.001711 0.003913
0 0.695729 0.758737 0.002854 0.002346
0 0.694719 0.760195 0.001711 0.003913
0 0.714592 0.495224 0.002854 0.002346
0 0.713582 0.496682 0.001711 0.003913
0 0.714592 0.314020 0.002854 0.002346
0 0.713582 0.315478 0.001711 0.003913
0 0.042372 0.711362 0.001177 0.002763
0 0.044186 0.711332 0.001177 0.002763
0 0.040427 0.715580 0.002283 0.001322
0 0.040427 0.713525 0.002283 0.001322
0 0.029092 0.565757 0.003678 0.001084
0 0.042372 0.577808 0.001177 0.002763
0 0.044186 0.577838 0.001177 0.002763
0 0.040427 0.573590 0.002283 0.001322
0 0.040427 0.575645 0.002283 0.001322
0 0.042372 0.547422 0.001177 0.002763
0 0.044186 0.547392 0.001177 0.002763
0 0.040427 0.551640 0.002283 0.001322
0 0.040427 0.549585 0.002283 0.001322
0 0.042921 0.380677 0.001471 0.003454
0 0.040490 0.384215 0.002854 0.001652
0 0.028716 0.398839 0.003037 0.001084
0 0.028325 0.236992 0.002256 0.001084
0 0.169224 0.716344 0.003678 0.001084
0 0.288672 0.580806 0.003678 0.001084
0 0.338831 0.581281 0.003678 0.001084
0 0.289617 0.425372 0.002982 0.001084
0 0.339780 0.425847 0.002974 0.001084
0 0.289467 0.268586 0.002285 0.001084
0 0.339626 0.267681 0.002285 0.001084
0 0.339626 0.276151 0.002285 0.001084
0 0.289467 0.276943 0.002285 0.001084
0 0.086457 0.540776 0.004285 0.002017
0 0.086457 0.373293 0.004285 0.002017
0 0.086457 0.212587 0.004285 0.002017
0 0.514633 0.172801 0.001820 0.003286
0 0.586717 0.141713 0.001820 0.003286
0 0.587747 0.145716 0.004180 0.003821
0 0.586717 0.172996 0.001820 0.003286
0 0.394436 0.753889 0.003678 0.001084
0 0.394436 0.590886 0.003678 0.001084
0 0.394436 0.592428 0.003678 0.001084
0 0.394436 0.752775 0.003678 0.001084
0 0.470437 0.818505 0.002854 0.001652
0 0.470342 0.756429 0.002854 0.001652
0 0.470437 0.588810 0.002854 0.001652
0 0.546569 0.756429 0.002854 0.001652
0 0.546664 0.588810 0.002854 0.001652
0 0.421090 0.322501 0.002854 0.001652
0 0.489716 0.490584 0.002854 0.001652
0 0.489716 0.322501 0.002854 0.001652
0 0.564741 0.489958 0.002854 0.001652
0 0.319592 0.741092 0.008481 0.001084
0 0.307874 0.741092 0.008481 0.001084
0 0.302290 0.693874 0.008481 0.001084
0 0.325177 0.693874 0.008481 0.001084
0 0.319592 0.585749 0.008481 0.001084
0 0.307874 0.585749 0.008481 0.001084
0 0.302290 0.538531 0.008481 0.001084
0 0.325177 0.538531 0.008481 0.001084
0 0.421090 0.317902 0.002854 0.001652
0 0.421090 0.495710 0.002854 0.001652
0 0.489716 0.495933 0.002854 0.001652
0 0.489716 0.317336 0.002854 0.001652
0 0.564741 0.495749 0.002854 0.001652
0 0.564741 0.317868 0.002854 0.001652
0 0.394560 0.761508 0.002854 0.001652
0 0.394560 0.583352 0.002854 0.001652
0 0.470437 0.583433 0.002854 0.001652
0 0.470437 0.761885 0.002854 0.001652
0 0.546569 0.761973 0.002854 0.001652
0 0.546569 0.583313 0.002854 0.001652
1 0.597305 0.135366 0.001393 0.009409
3 0.440425 0.244085 0.001173 0.007297
3 0.413674 0.244085 0.001173 0.007297
3 0.386922 0.244085 0.001173 0.007297
3 0.472108 0.049451 0.011602 0.015909
3 0.472108 0.031111 0.011602 0.015909
3 0.485483 0.049451 0.011602 0.015909
3 0.485483 0.031111 0.011602 0.015909
4 0.195592 0.584594 0.058518 0.024358
4 0.195592 0.518206 0.058518 0.024358
4 0.313733 0.529313 0.055732 0.020060
4 0.313733 0.684656 0.055732 0.020060
4 0.195244 0.429180 0.057822 0.024358
4 0.195244 0.362793 0.057822 0.024358
4 0.314678 0.373879 0.055035 0.020060
4 0.194896 0.273124 0.057125 0.024358
4 0.194896 0.118075 0.057125 0.024358
4 0.194896 0.051688 0.057125 0.024358
4 0.194896 0.206737 0.057125 0.024358
4 0.314525 0.060096 0.054339 0.020060
4 0.314528 0.215713 0.054339 0.020060
11 0.221898 0.710218 0.011366 0.043269
11 0.313733 0.586148 0.055732 0.036298
11 0.313733 0.741491 0.055732 0.036298
11 0.314678 0.430714 0.055035 0.036298
