0 0.128932 0.468539 0.012638 0.014903
0 0.172522 0.568221 0.013178 0.038642
0 0.172707 0.350607 0.012809 0.046503
0 0.201902 0.568221 0.013178 0.038642
0 0.201902 0.350306 0.013178 0.045939
0 0.091838 0.571312 0.009469 0.033009
0 0.253340 0.445045 0.051389 0.015750
0 0.254127 0.494665 0.049814 0.015750
0 0.260779 0.508497 0.036510 0.033853
0 0.085017 0.573805 0.004930 0.028571
0 0.091838 0.350864 0.009469 0.033009
0 0.085017 0.348370 0.004930 0.028571
0 0.252718 0.400327 0.050142 0.014877
0 0.216366 0.568797 0.031773 0.037474
0 0.216366 0.353379 0.031773 0.037474
0 0.268326 0.494686 0.021346 0.006135
0 0.127355 0.567863 0.006340 0.039400
0 0.124825 0.525569 0.011401 0.123987
0 0.127355 0.354313 0.006340 0.039400
0 0.124825 0.396607 0.011401 0.123987
0 0.061918 0.485228 0.084531 0.045970
0 0.058484 0.453124 0.071506 0.019154
0 0.063493 0.503584 0.087082 0.040440
0 0.063309 0.531940 0.086716 0.032784
0 0.063493 0.418592 0.087082 0.040440
0 0.063309 0.390235 0.086716 0.032784
0 0.143110 0.399125 0.021649 0.128205
0 0.235897 0.936037 0.010874 0.127913
0 0.235701 0.852942 0.011265 0.294101
0 0.170021 0.937049 0.142624 0.125887
0 0.169285 0.851254 0.144096 0.297477
0 0.128932 0.795869 0.012638 0.014903
0 0.172522 0.895551 0.013178 0.038642
0 0.172707 0.677937 0.012809 0.046503
0 0.201902 0.895551 0.013178 0.038642
0 0.201902 0.677636 0.013178 0.045939
0 0.091838 0.898641 0.009469 0.033009
0 0.253340 0.772374 0.051389 0.015750
0 0.254127 0.821995 0.049814 0.015750
0 0.260779 0.835827 0.036510 0.033853
0 0.085017 0.901135 0.004930 0.028571
0 0.091838 0.678194 0.009469 0.033009
0 0.085017 0.675700 0.004930 0.028571
0 0.252718 0.727656 0.050142 0.014877
0 0.216366 0.896126 0.031773 0.037474
0 0.216366 0.680709 0.031773 0.037474
0 0.268326 0.822016 0.021346 0.006135
0 0.127355 0.895192 0.006340 0.039400
0 0.124825 0.852899 0.011401 0.123987
0 0.127355 0.681643 0.006340 0.039400
0 0.124825 0.723936 0.011401 0.123987
0 0.061918 0.812557 0.084531 0.045970
0 0.058484 0.780454 0.071506 0.019154
0 0.063493 0.830914 0.087082 0.040440
0 0.063309 0.859270 0.086716 0.032784
0 0.063493 0.745921 0.087082 0.040440
0 0.063309 0.717565 0.086716 0.032784
0 0.143110 0.726454 0.021649 0.128205
0 0.128932 0.141210 0.012638 0.014903
0 0.172522 0.240892 0.013178 0.038642
0 0.172707 0.023278 0.012809 0.046503
0 0.201902 0.240892 0.013178 0.038642
0 0.201902 0.022977 0.013178 0.045939
0 0.253340 0.117715 0.051389 0.015750
0 0.260779 0.181168 0.036510 0.033853
0 0.252718 0.072997 0.050142 0.014877
0 0.216366 0.241467 0.031773 0.037474
0 0.216366 0.026050 0.031773 0.037474
0 0.268326 0.167357 0.021346 0.006135
0 0.127355 0.240533 0.006340 0.039400
0 0.124825 0.198240 0.011401 0.123987
0 0.127355 0.026984 0.006340 0.039400
0 0.124825 0.069277 0.011401 0.123987
0 0.061918 0.157898 0.084531 0.045970
0 0.058484 0.125795 0.071506 0.019154
0 0.063493 0.176255 0.087082 0.040440
0 0.063309 0.204611 0.086716 0.032784
0 0.063493 0.091262 0.087082 0.040440
0 0.063309 0.062906 0.086716 0.032784
0 0.143110 0.071795 0.021649 0.128205
0 0.182079 0.129055 0.006771 0.014383
0 0.175818 0.129607 0.019292 0.015487
0 0.091838 0.023535 0.009469 0.033009
0 0.254510 0.152752 0.050579 0.013417
0 0.091838 0.243982 0.009469 0.033009
4 0.059562 0.219056 0.031282 0.009951
4 0.174745 0.145608 0.016083 0.007563
11 0.165689 0.373902 0.009819 0.018438
11 0.179688 0.374415 0.007563 0.013317
11 0.165991 0.549395 0.005740 0.010880
11 0.179431 0.548429 0.006706 0.010880
11 0.174745 0.145608 0.016083 0.007563
11 0.122651 0.459786 0.011299 0.024628
11 0.124091 0.549414 0.005303 0.009080
11 0.196451 0.550068 0.005740 0.010880
11 0.197324 0.372247 0.005740 0.010880
11 0.087482 0.556906 0.005740 0.010880
11 0.228074 0.437057 0.005740 0.010880
11 0.228994 0.489301 0.005740 0.010880
11 0.242335 0.488675 0.005740 0.010880
11 0.087482 0.365270 0.005740 0.010880
11 0.227628 0.395799 0.005740 0.010880
11 0.259495 0.497990 0.005740 0.010880
11 0.124091 0.372762 0.005303 0.009080
11 0.103048 0.462705 0.008632 0.008885
11 0.093098 0.460872 0.004534 0.020880
11 0.115224 0.506402 0.018401 0.089918
11 0.106928 0.515814 0.003831 0.006267
11 0.106928 0.483129 0.003831 0.006267
11 0.106928 0.406362 0.003831 0.006267
11 0.106928 0.439046 0.003831 0.006267
11 0.131765 0.465283 0.007194 0.014421
11 0.231885 0.869736 0.017019 0.029957
11 0.231512 0.710968 0.018674 0.032858
11 0.102354 0.871396 0.021862 0.025379
11 0.099875 0.701718 0.016464 0.026095
11 0.165689 0.701232 0.009819 0.018438
11 0.179688 0.701744 0.007563 0.013317
11 0.165991 0.876724 0.005740 0.010880
11 0.179431 0.875759 0.006706 0.010880
11 0.122651 0.787116 0.011299 0.024628
11 0.124091 0.876743 0.005303 0.009080
11 0.196451 0.877398 0.005740 0.010880
11 0.197324 0.699577 0.005740 0.010880
11 0.087482 0.884235 0.005740 0.010880
11 0.228074 0.764386 0.005740 0.010880
11 0.228994 0.816631 0.005740 0.010880
11 0.242335 0.816005 0.005740 0.010880
11 0.087482 0.692599 0.005740 0.010880
11 0.227628 0.723129 0.005740 0.010880
11 0.259495 0.825320 0.005740 0.010880
11 0.124091 0.700092 0.005303 0.009080
11 0.103048 0.790035 0.008632 0.008885
11 0.093098 0.788202 0.004534 0.020880
11 0.115224 0.833732 0.018401 0.089918
11 0.106928 0.843144 0.003831 0.006267
11 0.106928 0.810459 0.003831 0.006267
11 0.106928 0.733691 0.003831 0.006267
11 0.106928 0.766376 0.003831 0.006267
11 0.131765 0.792612 0.007194 0.014421
11 0.165689 0.046573 0.009819 0.018438
11 0.179688 0.047085 0.007563 0.013317
11 0.165991 0.222065 0.005740 0.010880
11 0.179431 0.221100 0.006706 0.010880
11 0.122651 0.132457 0.011299 0.024628
11 0.124091 0.222084 0.005303 0.009080
11 0.196451 0.222739 0.005740 0.010880
11 0.197324 0.044918 0.005740 0.010880
11 0.228074 0.109727 0.005740 0.010880
11 0.242335 0.161346 0.005740 0.010880
11 0.227628 0.068470 0.005740 0.010880
11 0.259495 0.170661 0.005740 0.010880
11 0.124091 0.045433 0.005303 0.009080
11 0.103048 0.135376 0.008632 0.008885
11 0.093098 0.133543 0.004534 0.020880
11 0.106928 0.188485 0.003831 0.006267
11 0.106928 0.155800 0.003831 0.006267
11 0.106928 0.079032 0.003831 0.006267
11 0.106928 0.111717 0.003831 0.006267
11 0.131765 0.137953 0.007194 0.014421
11 0.165709 0.133062 0.007103 0.015948
11 0.179093 0.132343 0.004901 0.015182
11 0.087482 0.037940 0.005740 0.010880
11 0.151682 0.506402 0.041631 0.089918
11 0.193727 0.506402 0.041540 0.089918
11 0.151727 0.415774 0.041540 0.089918
11 0.193543 0.415825 0.041172 0.089816
11 0.099929 0.492008 0.011271 0.061130
11 0.115224 0.415774 0.018401 0.089918
11 0.099929 0.430168 0.011271 0.061130
11 0.151682 0.833732 0.041631 0.089918
11 0.193727 0.833732 0.041540 0.089918
11 0.151727 0.743103 0.041540 0.089918
11 0.193543 0.743154 0.041172 0.089816
11 0.099929 0.819338 0.011271 0.061130
11 0.099929 0.757497 0.011271 0.061130
11 0.115224 0.179073 0.018401 0.089918
11 0.115224 0.088444 0.018401 0.089918
11 0.099929 0.146020 0.011271 0.023812
11 0.099929 0.121497 0.011271 0.023812
11 0.081988 0.146615 0.012651 0.078313
11 0.081298 0.089644 0.011271 0.015016
11 0.189407 0.204195 0.050619 0.039674
11 0.143631 0.058323 0.008050 0.029676
11 0.090613 0.057551 0.029901 0.028133
11 0.048176 0.060355 0.008510 0.007665
11 0.081758 0.209993 0.012191 0.028077
11 0.177365 0.058395 0.008357 0.029532
11 0.059562 0.219056 0.031282 0.009951
11 0.251276 0.178184 0.019091 0.010662
11 0.254841 0.165390 0.011961 0.013505
11 0.245066 0.161731 0.006670 0.006607
11 0.151682 0.833732 0.041631 0.089918
11 0.151682 0.506402 0.041631 0.089918
11 0.193727 0.506402 0.041540 0.089918
11 0.151727 0.743103 0.041540 0.089918
11 0.151727 0.415774 0.041540 0.089918
11 0.193727 0.833732 0.041540 0.089918
11 0.193543 0.415825 0.041172 0.089816
11 0.193543 0.743154 0.041172 0.089816
11 0.189407 0.204195 0.050619 0.039674
11 0.115224 0.506402 0.018401 0.089918
11 0.115224 0.833732 0.018401 0.089918
11 0.115224 0.179073 0.018401 0.089918
11 0.115224 0.415774 0.018401 0.089918
11 0.115224 0.088444 0.018401 0.089918
11 0.081988 0.146615 0.012651 0.078313
11 0.099929 0.492008 0.011271 0.061130
11 0.099929 0.430168 0.011271 0.061130
11 0.099929 0.819338 0.011271 0.061130
11 0.099929 0.757497 0.011271 0.061130
11 0.090613 0.057551 0.029901 0.028133
11 0.231512 0.710968 0.018674 0.032858
11 0.231885 0.869736 0.017019 0.029957
11 0.102354 0.871396 0.021862 0.025379
11 0.081758 0.209993 0.012191 0.028077
11 0.099875 0.701718 0.016464 0.026095
11 0.099929 0.146020 0.011271 0.023812
11 0.099929 0.121497 0.011271 0.023812
11 0.177365 0.058395 0.008357 0.029532
11 0.143631 0.058323 0.008050 0.029676
11 0.122651 0.787116 0.011299 0.024628
11 0.122651 0.132457 0.011299 0.024628
11 0.122651 0.459786 0.011299 0.024628
11 0.251276 0.178184 0.019091 0.010662
11 0.081298 0.089644 0.011271 0.015016
11 0.254841 0.165390 0.011961 0.013505
11 0.165689 0.701232 0.009819 0.018438
11 0.165689 0.373902 0.009819 0.018438
11 0.165689 0.046573 0.009819 0.018438
11 0.165709 0.133062 0.007103 0.015948
11 0.179688 0.047085 0.007563 0.013317
11 0.179688 0.374415 0.007563 0.013317
11 0.179688 0.701744 0.007563 0.013317
11 0.131765 0.792612 0.007194 0.014421
11 0.131765 0.137953 0.007194 0.014421
11 0.131765 0.465283 0.007194 0.014421
11 0.048176 0.060355 0.008510 0.007665
11 0.103048 0.135376 0.008632 0.008885
11 0.103048 0.790035 0.008632 0.008885
11 0.103048 0.462705 0.008632 0.008885
11 0.179431 0.875759 0.006706 0.010880
11 0.179431 0.221100 0.006706 0.010880
11 0.179431 0.548429 0.006706 0.010880
11 0.087482 0.884235 0.005740 0.010880
11 0.228074 0.764386 0.005740 0.010880
11 0.259495 0.825320 0.005740 0.010880
11 0.228074 0.109727 0.005740 0.010880
11 0.197324 0.699577 0.005740 0.010880
11 0.196451 0.222739 0.005740 0.010880
11 0.242335 0.161346 0.005740 0.010880
11 0.227628 0.068470 0.005740 0.010880
11 0.196451 0.550068 0.005740 0.010880
11 0.228994 0.489301 0.005740 0.010880
11 0.259495 0.497990 0.005740 0.010880
11 0.165991 0.222065 0.005740 0.010880
11 0.227628 0.395799 0.005740 0.010880
11 0.228074 0.437057 0.005740 0.010880
11 0.197324 0.372247 0.005740 0.010880
11 0.087482 0.365270 0.005740 0.010880
11 0.165991 0.549395 0.005740 0.010880
11 0.087482 0.556906 0.005740 0.010880
11 0.196451 0.877398 0.005740 0.010880
11 0.242335 0.816005 0.005740 0.010880
11 0.197324 0.044918 0.005740 0.010880
11 0.259495 0.170661 0.005740 0.010880
11 0.242335 0.488675 0.005740 0.010880
11 0.087482 0.037940 0.005740 0.010880
11 0.228994 0.816631 0.005740 0.010880
11 0.087482 0.692599 0.005740 0.010880
11 0.165991 0.876724 0.005740 0.010880
11 0.179093 0.132343 0.004901 0.015182
