2 0.681873 0.094143 0.012605 0.009173
2 0.684491 0.077652 0.012605 0.009173
2 0.630193 0.206011 0.018007 0.013105
2 0.593296 0.093674 0.012605 0.009173
2 0.605382 0.172096 0.018007 0.013105
2 0.638729 0.145087 0.018007 0.013105
2 0.614398 0.120493 0.018007 0.013105
2 0.590256 0.074874 0.012605 0.009173
2 0.048601 0.898123 0.052744 0.139330
2 0.069899 0.971852 0.085170 0.034992
2 0.035125 0.962689 0.018007 0.013105
2 0.077352 0.952164 0.085170 0.034992
2 0.042730 0.943060 0.018007 0.013105
2 0.084513 0.932356 0.084587 0.034753
2 0.052279 0.922554 0.018007 0.013105
2 0.076853 0.915405 0.018007 0.013105
