0 0.593606 0.259539 0.001806 0.007394
0 0.595413 0.259539 0.001806 0.007394
0 0.597219 0.259539 0.001806 0.007394
0 0.599025 0.259539 0.001806 0.007394
0 0.867865 0.264495 0.001806 0.007394
0 0.869672 0.264495 0.001806 0.007394
0 0.871478 0.264495 0.001806 0.007394
0 0.873284 0.264495 0.001806 0.007394
0 0.045088 0.259539 0.001806 0.007394
0 0.046894 0.259539 0.001806 0.007394
0 0.048701 0.259539 0.001806 0.007394
0 0.050507 0.259539 0.001806 0.007394
0 0.319347 0.259539 0.001806 0.007394
0 0.321153 0.259539 0.001806 0.007394
0 0.322960 0.259539 0.001806 0.007394
0 0.324766 0.259539 0.001806 0.007394
