0 0.961077 0.108165 0.077836 0.216308
11 0.465866 0.790535 0.004378 0.006649
11 0.465866 0.740665 0.004378 0.006649
11 0.244483 0.800679 0.004378 0.006649
11 0.328157 0.800679 0.004378 0.006649
11 0.549539 0.790535 0.004378 0.006649
11 0.549539 0.740665 0.004378 0.006649
11 0.685436 0.903574 0.004378 0.006649
11 0.685436 0.853704 0.004378 0.006649
11 0.769110 0.903574 0.004378 0.006649
11 0.424410 0.648683 0.014594 0.033247
11 0.645999 0.643355 0.014594 0.043902
11 0.202820 0.648683 0.014594 0.033247
11 0.645999 0.643355 0.014594 0.043902
11 0.424410 0.648683 0.014594 0.033247
11 0.202820 0.648683 0.014594 0.033247
