0 0.434692 0.692991 0.044344 0.025293
0 0.549359 0.387570 0.012032 0.004497
0 0.320456 0.783465 0.096298 0.016461
0 0.305505 0.016554 0.190793 0.033039
1 0.881251 0.723478 0.004704 0.007245
1 0.223506 0.246564 0.002241 0.016348
3 0.979928 0.730405 0.025626 0.011815
3 0.979928 0.730527 0.025626 0.023630
3 0.977252 0.428502 0.001090 0.001678
3 0.978216 0.429857 0.001006 0.001548
3 0.980299 0.730527 0.012813 0.023630
3 0.966275 0.422028 0.001498 0.002307
3 0.966443 0.428038 0.001826 0.002812
3 0.905714 0.620509 0.001462 0.002251
3 0.934183 0.496454 0.001866 0.002874
3 0.934350 0.489904 0.001528 0.002353
3 0.893961 0.604925 0.001248 0.001922
3 0.905291 0.496435 0.001826 0.002812
3 0.905123 0.489917 0.001498 0.002307
3 0.916981 0.468783 0.001690 0.002603
3 0.922321 0.468651 0.001625 0.002503
3 0.979003 0.620509 0.001462 0.002251
3 0.932866 0.428058 0.001866 0.002874
3 0.933034 0.422014 0.001528 0.002353
3 0.915747 0.429857 0.001006 0.001548
3 0.903807 0.422028 0.001498 0.002307
3 0.903975 0.428038 0.001826 0.002812
3 0.914783 0.428502 0.001090 0.001678
3 0.961131 0.620526 0.001923 0.002961
3 0.977157 0.497550 0.001225 0.001886
3 0.982155 0.468651 0.001625 0.002503
3 0.977142 0.468783 0.001690 0.002603
3 0.963306 0.489917 0.001498 0.002307
3 0.963474 0.495681 0.001826 0.002812
3 0.638258 0.809223 0.005588 0.005738
3 0.637334 0.249610 0.006387 0.006557
3 0.633360 0.453038 0.006387 0.006557
3 0.418106 0.479573 0.004790 0.004918
3 0.054943 0.339756 0.003361 0.003451
4 0.719160 0.487283 0.177121 0.048594
4 0.280493 0.154546 0.152736 0.050653
4 0.727677 0.867830 0.183520 0.038839
4 0.296146 0.273065 0.184042 0.036654
4 0.305617 0.427434 0.181108 0.036238
4 0.280622 0.220334 0.152994 0.036111
4 0.266541 0.345462 0.110304 0.038809
4 0.038354 0.365860 0.076664 0.035731
11 0.979847 0.730426 0.028218 0.027095
11 0.120070 0.908284 0.021986 0.014971
11 0.697497 0.824191 0.039909 0.045331
11 0.507912 0.463355 0.188356 0.193380
11 0.508881 0.668080 0.192721 0.075114
11 0.317748 0.150641 0.078227 0.042844
