0 0.892272 0.523849 0.043152 0.007792
0 0.006161 0.845306 0.008445 0.005219
0 0.004922 0.695058 0.008445 0.005219
0 0.004922 0.660662 0.008445 0.005219
0 0.004922 0.622983 0.008445 0.005219
0 0.004860 0.569607 0.008445 0.005219
0 0.004885 0.500277 0.008445 0.005219
0 0.004265 0.416347 0.008445 0.005219
0 0.004265 0.174559 0.008445 0.005219
0 0.004265 0.109134 0.008445 0.005219
0 0.316851 0.991720 0.008445 0.005219
0 0.316070 0.567595 0.008445 0.005219
0 0.316070 0.532577 0.008445 0.005219
0 0.316070 0.497810 0.008445 0.005219
0 0.004922 0.773784 0.008445 0.005219
0 0.704983 0.508446 0.005806 0.013048
0 0.729137 0.438359 0.013957 0.050404
0 0.722400 0.508446 0.005806 0.013048
0 0.300844 0.127861 0.006927 0.005015
0 0.004265 0.128296 0.008445 0.005219
0 0.093869 0.957691 0.005483 0.009471
0 0.092966 0.954198 0.008445 0.005219
0 0.163585 0.952474 0.008445 0.005219
0 0.052210 0.937147 0.008445 0.005219
0 0.007064 0.848798 0.005483 0.009471
0 0.005826 0.698550 0.005483 0.009471
0 0.005826 0.626476 0.005483 0.009471
0 0.005789 0.503770 0.005483 0.009471
0 0.005789 0.178052 0.005483 0.009471
0 0.005789 0.131788 0.005483 0.009471
0 0.317755 0.995212 0.005483 0.009471
0 0.316698 0.571088 0.005483 0.009471
0 0.316698 0.501302 0.005483 0.009471
0 0.103607 0.831292 0.022873 0.018209
0 0.178084 0.801132 0.294987 0.037755
0 0.976305 0.320274 0.014582 0.023036
0 0.005789 0.112627 0.005483 0.009471
0 0.004265 0.312612 0.008445 0.005219
0 0.004265 0.059947 0.008445 0.005219
0 0.005789 0.316105 0.005483 0.009471
0 0.005789 0.063439 0.005483 0.009471
1 0.469089 0.290792 0.051742 0.063954
1 0.369848 0.291454 0.051742 0.063954
1 0.353184 0.268259 0.005067 0.006263
1 0.374128 0.260905 0.005067 0.006263
1 0.391807 0.276552 0.005067 0.006263
1 0.452425 0.267596 0.005067 0.006263
1 0.473369 0.260243 0.005067 0.006263
1 0.491048 0.275889 0.005067 0.006263
1 0.444044 0.292431 0.005067 0.006263
1 0.344803 0.293094 0.005067 0.006263
1 0.355288 0.316645 0.005067 0.006263
1 0.376697 0.321201 0.005067 0.006263
1 0.392936 0.303383 0.005067 0.006263
1 0.492177 0.302720 0.005067 0.006263
1 0.454529 0.315982 0.005067 0.006263
1 0.475938 0.320538 0.005067 0.006263
1 0.713659 0.474757 0.021910 0.027081
1 0.805638 0.822912 0.007038 0.008699
1 0.805638 0.768105 0.007038 0.008699
1 0.791104 0.753030 0.006004 0.007422
1 0.791123 0.696862 0.006004 0.007422
1 0.948734 0.966163 0.006004 0.007422
1 0.948752 0.909996 0.006004 0.007422
1 0.887289 0.743453 0.006164 0.007619
1 0.879089 0.743453 0.006164 0.007619
1 0.874303 0.741003 0.006164 0.007619
1 0.868505 0.733836 0.006164 0.007619
1 0.866523 0.727921 0.006164 0.007619
1 0.866523 0.717785 0.006164 0.007619
1 0.868505 0.711870 0.006164 0.007619
1 0.874303 0.704704 0.006164 0.007619
1 0.879089 0.702253 0.006164 0.007619
1 0.887289 0.702253 0.006164 0.007619
1 0.892074 0.704704 0.006164 0.007619
1 0.897873 0.711870 0.006164 0.007619
1 0.899855 0.717785 0.006164 0.007619
1 0.899855 0.727921 0.006164 0.007619
1 0.897873 0.733836 0.006164 0.007619
1 0.892074 0.741003 0.006164 0.007619
1 0.947487 0.745480 0.005952 0.007357
1 0.949353 0.826650 0.010444 0.012909
1 0.949353 0.766565 0.010444 0.012909
1 0.952983 0.895778 0.008557 0.010576
1 0.966265 0.871412 0.005815 0.007187
1 0.952983 0.837373 0.008557 0.010576
1 0.732693 0.380681 0.004222 0.063407
2 0.356165 0.265478 0.001583 0.001957
2 0.353196 0.268275 0.003642 0.004501
2 0.377748 0.262037 0.001583 0.001957
2 0.374128 0.260912 0.003642 0.004501
2 0.393381 0.280748 0.001583 0.001957
2 0.391836 0.276548 0.003642 0.004501
2 0.452437 0.267613 0.003642 0.004501
2 0.455406 0.264815 0.001583 0.001957
2 0.476989 0.261374 0.001583 0.001957
2 0.473368 0.260249 0.003642 0.004501
2 0.491077 0.275885 0.003642 0.004501
2 0.444044 0.292431 0.003642 0.004501
2 0.344885 0.288480 0.001583 0.001957
2 0.344803 0.293094 0.003642 0.004501
2 0.352402 0.313722 0.001583 0.001957
2 0.355269 0.316678 0.003642 0.004501
2 0.376713 0.321269 0.003642 0.004501
2 0.373056 0.322197 0.001583 0.001957
2 0.392986 0.303409 0.003642 0.004501
2 0.391293 0.307522 0.001583 0.001957
2 0.490534 0.306859 0.001583 0.001957
2 0.444126 0.287818 0.001583 0.001957
2 0.492227 0.302746 0.003642 0.004501
2 0.492622 0.280085 0.001583 0.001957
2 0.491554 0.290731 0.001204 0.001488
2 0.451643 0.313060 0.001583 0.001957
2 0.454510 0.316015 0.003642 0.004501
2 0.472296 0.321534 0.001583 0.001957
2 0.475953 0.320606 0.003642 0.004501
2 0.496691 0.290731 0.001204 0.001488
2 0.539506 0.283545 0.002209 0.002730
2 0.540045 0.285464 0.001077 0.001331
2 0.539506 0.289749 0.002209 0.002730
2 0.610257 0.283571 0.002837 0.002781
2 0.609634 0.285489 0.001536 0.001382
2 0.610257 0.289749 0.002837 0.002730
2 0.609990 0.285489 0.001161 0.001382
2 0.701295 0.453480 0.001570 0.001940
2 0.697857 0.453246 0.001570 0.001940
2 0.694455 0.453214 0.001570 0.001940
2 0.699594 0.468848 0.001570 0.001940
2 0.696156 0.468880 0.001570 0.001940
2 0.732928 0.453214 0.001570 0.001940
2 0.726088 0.453480 0.001570 0.001940
2 0.729526 0.453246 0.001570 0.001940
2 0.731227 0.468880 0.001570 0.001940
2 0.727789 0.468848 0.001570 0.001940
2 0.802292 0.959733 0.003273 0.004045
2 0.802292 0.910680 0.003273 0.004045
2 0.802342 0.888836 0.004052 0.005008
2 0.802342 0.838936 0.004052 0.005008
3 0.468964 0.290754 0.065280 0.080687
3 0.369724 0.291417 0.065280 0.080687
3 0.883189 0.722974 0.046111 0.056994
4 0.719711 0.052072 0.560494 0.104040
11 0.880449 0.934000 0.032996 0.047093
11 0.954888 0.580694 0.069139 0.028376
11 0.216612 0.834390 0.021717 0.027612
11 0.908112 0.337088 0.043317 0.021183
11 0.187000 0.900301 0.084471 0.024831
11 0.829250 0.841023 0.314501 0.309031
11 0.440233 0.717903 0.211517 0.156733
11 0.882121 0.795193 0.055690 0.071044
