0 0.660735 0.630311 0.008253 0.007109
0 0.575457 0.626045 0.008253 0.005688
0 0.287269 0.222054 0.027593 0.005251
0 0.289424 0.222002 0.012379 0.004266
0 0.294336 0.130802 0.025222 0.005623
0 0.295306 0.136187 0.012379 0.004266
0 0.398408 0.130802 0.025222 0.005623
0 0.393153 0.136187 0.012379 0.004266
0 0.593380 0.565475 0.027593 0.003986
0 0.595535 0.570042 0.012379 0.004266
0 0.642813 0.565475 0.027593 0.003986
0 0.636150 0.570042 0.012379 0.004266
0 0.593380 0.630882 0.027593 0.003986
0 0.595535 0.635449 0.012379 0.004266
0 0.730132 0.666737 0.031506 0.006775
0 0.729740 0.665923 0.012379 0.004266
0 0.641732 0.638968 0.029754 0.004014
0 0.634212 0.639535 0.012379 0.004266
0 0.596093 0.663866 0.033019 0.003986
0 0.595535 0.664468 0.012379 0.004266
0 0.595281 0.649674 0.031396 0.006775
0 0.594945 0.648861 0.012379 0.004266
0 0.405475 0.230585 0.027593 0.005251
0 0.400146 0.230533 0.012379 0.004266
0 0.441026 0.209917 0.027003 0.006775
0 0.442886 0.209103 0.012379 0.004266
0 0.339748 0.234089 0.027003 0.006775
0 0.333603 0.233275 0.012379 0.004266
0 0.697873 0.672257 0.011004 0.004266
0 0.513324 0.667122 0.012379 0.004266
0 0.514149 0.661495 0.012379 0.004266
0 0.514497 0.591430 0.012379 0.004266
0 0.515118 0.585427 0.012379 0.004266
0 0.686276 0.981851 0.010316 0.003555
0 0.922297 0.981851 0.010316 0.003555
0 0.678917 0.997144 0.026909 0.005655
0 0.678917 0.968706 0.026909 0.005655
0 0.672560 0.974108 0.012379 0.004266
0 0.915496 0.997144 0.026909 0.005655
0 0.915496 0.968706 0.026909 0.005655
0 0.909139 0.974108 0.012379 0.004266
