0 0.285894 0.223907 0.027593 0.005239
0 0.288049 0.223856 0.012379 0.004256
0 0.292961 0.132164 0.025222 0.005610
0 0.293931 0.137537 0.012379 0.004256
0 0.398408 0.132164 0.025222 0.005610
0 0.393153 0.137537 0.012379 0.004256
0 0.661423 0.631192 0.006877 0.007093
0 0.592004 0.565801 0.027593 0.003976
0 0.594159 0.570357 0.012379 0.004256
0 0.729843 0.668240 0.030929 0.006759
0 0.729740 0.667429 0.012379 0.004256
0 0.643108 0.639829 0.029754 0.004004
0 0.635587 0.640394 0.012379 0.004256
0 0.644188 0.565801 0.027593 0.003976
0 0.637526 0.570357 0.012379 0.004256
0 0.386219 0.236596 0.027593 0.006813
0 0.380890 0.235757 0.012379 0.004256
0 0.439650 0.211800 0.027003 0.006759
0 0.441510 0.210988 0.012379 0.004256
0 0.339748 0.236623 0.027003 0.006759
0 0.333603 0.235812 0.012379 0.004256
0 0.593768 0.650509 0.031121 0.006759
0 0.593569 0.649697 0.012379 0.004256
0 0.591709 0.627813 0.027003 0.006759
0 0.593569 0.627001 0.012379 0.004256
0 0.594250 0.665376 0.032084 0.003976
0 0.594159 0.665977 0.012379 0.004256
0 0.697873 0.673393 0.011004 0.003546
0 0.686276 0.981695 0.010316 0.003546
0 0.922297 0.981695 0.010316 0.003546
0 0.678917 0.997151 0.026909 0.005642
0 0.678917 0.968781 0.026909 0.005642
0 0.672560 0.974169 0.012379 0.004256
0 0.915496 0.997151 0.026909 0.005642
0 0.915496 0.968781 0.026909 0.005642
0 0.909139 0.974169 0.012379 0.004256
