0 0.162103 0.362670 0.024557 0.007399
0 0.164021 0.362597 0.011017 0.006010
0 0.268530 0.346643 0.024557 0.007399
0 0.263787 0.346570 0.011017 0.006010
0 0.161048 0.228097 0.022448 0.007922
0 0.161911 0.235684 0.011017 0.006010
0 0.269585 0.228097 0.022448 0.007922
0 0.264908 0.235684 0.011017 0.006010
0 0.434541 0.982127 0.024557 0.005616
0 0.436459 0.982976 0.011017 0.006010
0 0.482283 0.989900 0.024557 0.010103
0 0.484201 0.988505 0.011017 0.006010
0 0.268530 0.378696 0.024557 0.007399
0 0.263787 0.378623 0.011017 0.006010
