0 0.014276 0.301443 0.009694 0.073739
0 0.004720 0.301443 0.009417 0.073739
0 0.005093 0.332651 0.004155 0.003072
0 0.005093 0.326492 0.004155 0.003072
0 0.005093 0.320108 0.004155 0.003072
0 0.005093 0.313839 0.004155 0.003072
0 0.005093 0.308079 0.004155 0.003072
0 0.005093 0.302728 0.004155 0.003072
0 0.005093 0.295261 0.004155 0.003072
0 0.005093 0.288371 0.004155 0.003072
0 0.005093 0.281370 0.004155 0.003072
0 0.005093 0.274480 0.004155 0.003072
0 0.005093 0.268334 0.004155 0.003072
0 0.062748 0.301443 0.009694 0.073739
0 0.111220 0.301443 0.009694 0.073739
0 0.014276 0.202234 0.009694 0.073739
0 0.004720 0.202234 0.009417 0.073739
0 0.005093 0.233442 0.004155 0.003072
0 0.005093 0.227282 0.004155 0.003072
0 0.005093 0.220898 0.004155 0.003072
0 0.005093 0.214629 0.004155 0.003072
0 0.005093 0.208870 0.004155 0.003072
0 0.005093 0.203518 0.004155 0.003072
0 0.005093 0.196052 0.004155 0.003072
0 0.005093 0.189161 0.004155 0.003072
0 0.005093 0.182161 0.004155 0.003072
0 0.005093 0.175270 0.004155 0.003072
0 0.005093 0.169125 0.004155 0.003072
0 0.062748 0.202234 0.009694 0.073739
0 0.111220 0.202234 0.009694 0.073739
0 0.208164 0.202234 0.009694 0.073739
0 0.554256 0.301443 0.009694 0.073739
0 0.544700 0.301443 0.009417 0.073739
0 0.545074 0.332651 0.004155 0.003072
0 0.545074 0.326492 0.004155 0.003072
0 0.545074 0.320108 0.004155 0.003072
0 0.545074 0.313839 0.004155 0.003072
0 0.545074 0.308079 0.004155 0.003072
0 0.545074 0.302728 0.004155 0.003072
0 0.545074 0.295261 0.004155 0.003072
0 0.545074 0.288371 0.004155 0.003072
0 0.545074 0.281370 0.004155 0.003072
0 0.545074 0.274480 0.004155 0.003072
0 0.545074 0.268334 0.004155 0.003072
0 0.602728 0.301443 0.009694 0.073739
0 0.651200 0.301443 0.009694 0.073739
0 0.699672 0.301443 0.009694 0.073739
0 0.748145 0.301443 0.009694 0.073739
0 0.580304 0.202234 0.009694 0.073739
0 0.570748 0.202234 0.009417 0.073739
0 0.571121 0.233442 0.004155 0.003072
0 0.571121 0.227282 0.004155 0.003072
0 0.571121 0.220898 0.004155 0.003072
0 0.571121 0.214629 0.004155 0.003072
0 0.571121 0.208870 0.004155 0.003072
0 0.571121 0.203518 0.004155 0.003072
0 0.571121 0.196052 0.004155 0.003072
0 0.571121 0.189161 0.004155 0.003072
0 0.571121 0.182161 0.004155 0.003072
0 0.571121 0.175270 0.004155 0.003072
0 0.571121 0.169125 0.004155 0.003072
0 0.628776 0.202234 0.009694 0.073739
0 0.677248 0.202234 0.009694 0.073739
0 0.037392 0.209140 0.005540 0.005039
0 0.037392 0.217989 0.005540 0.005039
0 0.026789 0.227968 0.006094 0.003072
0 0.024157 0.218382 0.002770 0.002519
0 0.024157 0.222806 0.002770 0.002519
0 0.082515 0.217043 0.004432 0.006145
0 0.092071 0.232867 0.010525 0.003072
0 0.096364 0.230562 0.002770 0.006759
0 0.090271 0.231791 0.002216 0.003072
0 0.140133 0.230931 0.006094 0.003072
0 0.142211 0.233235 0.002770 0.006759
0 0.189397 0.229616 0.002770 0.004301
0 0.232673 0.214801 0.005540 0.004097
0 0.234335 0.230163 0.002770 0.005530
0 0.234889 0.230163 0.002770 0.002048
0 0.305108 0.202234 0.009694 0.073739
0 0.334814 0.229616 0.002770 0.004301
0 0.014276 0.110621 0.009694 0.073739
0 0.004720 0.073752 0.009417 0.147479
0 0.005093 0.107344 0.004155 0.003072
0 0.005093 0.101184 0.004155 0.003072
0 0.005093 0.094800 0.004155 0.003072
0 0.005093 0.088532 0.004155 0.003072
0 0.005093 0.082772 0.004155 0.003072
0 0.005093 0.077421 0.004155 0.003072
0 0.005093 0.069954 0.004155 0.003072
0 0.005093 0.063064 0.004155 0.003072
0 0.005093 0.056063 0.004155 0.003072
0 0.005093 0.049173 0.004155 0.003072
0 0.005093 0.043027 0.004155 0.003072
0 0.062748 0.110621 0.009694 0.073739
0 0.111220 0.110621 0.009694 0.073739
0 0.159692 0.110621 0.009694 0.073739
0 0.208164 0.110621 0.009694 0.073739
0 0.037392 0.117528 0.005540 0.005039
0 0.037392 0.126377 0.005540 0.005039
0 0.026789 0.136356 0.006094 0.003072
0 0.024157 0.126770 0.002770 0.002519
0 0.024157 0.131194 0.002770 0.002519
0 0.082515 0.125431 0.004432 0.006145
0 0.092071 0.141255 0.010525 0.003072
0 0.096364 0.138950 0.002770 0.006759
0 0.090271 0.140179 0.002216 0.003072
0 0.140133 0.139319 0.006094 0.003072
0 0.142211 0.141623 0.002770 0.006759
0 0.189397 0.138004 0.002770 0.004301
0 0.232673 0.123188 0.005540 0.004097
0 0.234335 0.138551 0.002770 0.005530
0 0.234889 0.138551 0.002770 0.002048
0 0.014276 0.036882 0.009694 0.073739
0 0.043981 0.064264 0.002770 0.004301
0 0.305108 0.110621 0.009694 0.073739
0 0.334021 0.139319 0.006094 0.003072
0 0.336099 0.141623 0.002770 0.006759
0 0.043189 0.330141 0.006094 0.003072
0 0.045267 0.332445 0.002770 0.006759
0 0.140925 0.328826 0.002770 0.004301
0 0.087257 0.314010 0.005540 0.004097
0 0.088919 0.329372 0.002770 0.005530
0 0.089473 0.329372 0.002770 0.002048
0 0.575700 0.314435 0.004432 0.028267
0 0.575700 0.321256 0.004432 0.005285
0 0.575700 0.311915 0.004432 0.005285
0 0.565734 0.306681 0.005540 0.002458
0 0.563103 0.316390 0.002216 0.002642
0 0.563103 0.311720 0.002216 0.002642
0 0.588441 0.302759 0.001662 0.008603
0 0.623103 0.317089 0.004432 0.004916
0 0.631828 0.331991 0.009971 0.002458
0 0.636121 0.329687 0.002216 0.006145
0 0.630305 0.330916 0.002216 0.002458
0 0.634736 0.302956 0.007756 0.001843
0 0.678644 0.332618 0.005540 0.002458
0 0.676566 0.330313 0.002216 0.006145
0 0.671858 0.303583 0.007756 0.001843
0 0.684599 0.317716 0.001662 0.008603
0 0.845089 0.301443 0.009694 0.073739
0 0.872532 0.332618 0.005540 0.002458
0 0.870455 0.330313 0.002216 0.006145
0 0.865746 0.303583 0.007756 0.001843
0 0.878487 0.317716 0.001662 0.008603
0 0.728069 0.326448 0.002216 0.004301
0 0.726684 0.304326 0.007756 0.001843
0 0.893561 0.301443 0.009694 0.073739
0 0.921957 0.326448 0.002216 0.004301
0 0.920572 0.304326 0.007756 0.001843
0 0.774923 0.312118 0.004432 0.004097
0 0.776308 0.327481 0.002216 0.005530
0 0.776862 0.327481 0.002216 0.002048
0 0.774923 0.302286 0.007756 0.001843
0 0.601748 0.215225 0.004432 0.028267
0 0.601748 0.222046 0.004432 0.005285
0 0.601748 0.212706 0.004432 0.005285
0 0.591782 0.207472 0.005540 0.002458
0 0.589151 0.217181 0.002216 0.002642
0 0.589151 0.212511 0.002216 0.002642
0 0.614489 0.203550 0.001662 0.008603
0 0.649151 0.217880 0.004432 0.004916
0 0.657876 0.232781 0.009971 0.002458
0 0.662169 0.230477 0.002216 0.006145
0 0.656352 0.231706 0.002216 0.002458
0 0.660784 0.203747 0.007756 0.001843
0 0.704691 0.233408 0.005540 0.002458
0 0.702614 0.231104 0.002216 0.006145
0 0.697905 0.204373 0.007756 0.001843
0 0.710646 0.218507 0.001662 0.008603
0 0.774192 0.202234 0.009694 0.073739
0 0.801635 0.233408 0.005540 0.002458
0 0.799558 0.231104 0.002216 0.006145
0 0.794849 0.204373 0.007756 0.001843
0 0.807590 0.218507 0.001662 0.008603
0 0.725720 0.202234 0.009694 0.073739
0 0.754116 0.227239 0.002216 0.004301
0 0.752731 0.205117 0.007756 0.001843
0 0.822664 0.202234 0.009694 0.073739
0 0.851060 0.227239 0.002216 0.004301
0 0.849675 0.205117 0.007756 0.001843
0 0.580304 0.109863 0.009694 0.073739
0 0.570748 0.109863 0.009417 0.073739
0 0.571121 0.141071 0.004155 0.003072
0 0.571121 0.134912 0.004155 0.003072
0 0.571121 0.128528 0.004155 0.003072
0 0.571121 0.122259 0.004155 0.003072
0 0.571121 0.116499 0.004155 0.003072
0 0.571121 0.111148 0.004155 0.003072
0 0.571121 0.103681 0.004155 0.003072
0 0.571121 0.096791 0.004155 0.003072
0 0.571121 0.089791 0.004155 0.003072
0 0.571121 0.082900 0.004155 0.003072
0 0.571121 0.076754 0.004155 0.003072
0 0.628776 0.109863 0.009694 0.073739
0 0.677248 0.109863 0.009694 0.073739
0 0.601748 0.122855 0.004432 0.028267
0 0.601748 0.129676 0.004432 0.005285
0 0.601748 0.120336 0.004432 0.005285
0 0.591782 0.115101 0.005540 0.002458
0 0.589151 0.124810 0.002216 0.002642
0 0.589151 0.120140 0.002216 0.002642
0 0.614489 0.111180 0.001662 0.008603
0 0.649151 0.125510 0.004432 0.004916
0 0.657876 0.140411 0.009971 0.002458
0 0.662169 0.138107 0.002216 0.006145
0 0.656352 0.139336 0.002216 0.002458
0 0.660784 0.111376 0.007756 0.001843
0 0.704691 0.141038 0.005540 0.002458
0 0.702614 0.138734 0.002216 0.006145
0 0.697905 0.112003 0.007756 0.001843
0 0.710646 0.126136 0.001662 0.008603
0 0.725720 0.109863 0.009694 0.073739
0 0.754116 0.134868 0.002216 0.004301
0 0.752731 0.112747 0.007756 0.001843
0 0.788872 0.109863 0.009694 0.073739
0 0.779316 0.109863 0.009417 0.073739
0 0.779689 0.141071 0.004155 0.003072
0 0.779689 0.134912 0.004155 0.003072
0 0.779689 0.128528 0.004155 0.003072
0 0.779689 0.122259 0.004155 0.003072
0 0.779689 0.116499 0.004155 0.003072
0 0.779689 0.111148 0.004155 0.003072
0 0.779689 0.103681 0.004155 0.003072
0 0.779689 0.096791 0.004155 0.003072
0 0.779689 0.089791 0.004155 0.003072
0 0.779689 0.082900 0.004155 0.003072
0 0.779689 0.076754 0.004155 0.003072
0 0.837344 0.109863 0.009694 0.073739
0 0.885816 0.109863 0.009694 0.073739
0 0.914212 0.134868 0.002216 0.004301
0 0.912827 0.112747 0.007756 0.001843
0 0.856489 0.115222 0.004432 0.004711
0 0.863275 0.140877 0.005540 0.002458
0 0.861198 0.137343 0.002216 0.008603
0 0.860644 0.136268 0.002216 0.002356
0 0.869230 0.123517 0.001662 0.008603
0 0.812521 0.121748 0.004432 0.028267
0 0.812521 0.128661 0.004432 0.005223
0 0.812521 0.119443 0.004432 0.005223
0 0.801414 0.121855 0.002216 0.002612
0 0.801414 0.117246 0.002216 0.002612
0 0.256636 0.202234 0.009694 0.073739
0 0.282475 0.228639 0.003878 0.004301
0 0.256636 0.110621 0.009694 0.073739
0 0.282475 0.137027 0.003878 0.004301
0 0.796617 0.301443 0.009694 0.073739
0 0.822456 0.327849 0.003878 0.004301
1 0.828065 0.174581 0.001108 0.006145
11 0.038512 0.301443 0.038778 0.073739
11 0.086984 0.301443 0.038778 0.073739
11 0.135456 0.301443 0.038778 0.073739
11 0.038512 0.202234 0.038778 0.073739
11 0.086984 0.202234 0.038778 0.073739
11 0.183928 0.202234 0.038778 0.073739
11 0.232400 0.202234 0.038778 0.073739
11 0.578492 0.301443 0.038778 0.073739
11 0.626964 0.301443 0.038778 0.073739
11 0.675436 0.301443 0.038778 0.073739
11 0.723908 0.301443 0.038778 0.073739
11 0.772381 0.301443 0.038778 0.073739
11 0.604540 0.202234 0.038778 0.073739
11 0.653012 0.202234 0.038778 0.073739
11 0.701484 0.202234 0.038778 0.073739
11 0.040716 0.216330 0.013295 0.029496
11 0.086947 0.213357 0.022159 0.014748
11 0.137225 0.212300 0.013295 0.014748
11 0.187736 0.213572 0.006648 0.009832
11 0.232673 0.214801 0.006648 0.012290
11 0.040716 0.227390 0.012187 0.006145
11 0.037392 0.216330 0.005540 0.028267
11 0.024711 0.221977 0.002770 0.014133
11 0.086947 0.217043 0.021051 0.006145
11 0.094702 0.213357 0.005540 0.013519
11 0.137225 0.208613 0.012187 0.006145
11 0.140549 0.212300 0.005540 0.013519
11 0.329344 0.202234 0.038778 0.073739
11 0.333152 0.213572 0.006648 0.009832
11 0.038512 0.110621 0.038778 0.073739
11 0.086984 0.110621 0.038778 0.073739
11 0.135456 0.110621 0.038778 0.073739
11 0.183928 0.110621 0.038778 0.073739
11 0.232400 0.110621 0.038778 0.073739
11 0.040716 0.124717 0.013295 0.029496
11 0.086947 0.121744 0.022159 0.014748
11 0.137225 0.120687 0.013295 0.014748
11 0.187736 0.121959 0.006648 0.009832
11 0.232673 0.123188 0.006648 0.012290
11 0.040716 0.135778 0.012187 0.006145
11 0.037392 0.124717 0.005540 0.028267
11 0.024711 0.130365 0.002770 0.014133
11 0.086947 0.125431 0.021051 0.006145
11 0.094702 0.121744 0.005540 0.013519
11 0.137225 0.117000 0.012187 0.006145
11 0.140549 0.120687 0.005540 0.013519
11 0.038512 0.036882 0.038778 0.073739
11 0.042319 0.048220 0.006648 0.009832
11 0.329344 0.110621 0.038778 0.073739
11 0.331113 0.120687 0.013295 0.014748
11 0.331113 0.117000 0.012187 0.006145
11 0.334437 0.120687 0.005540 0.013519
11 0.040281 0.311509 0.013295 0.014748
11 0.040281 0.307822 0.012187 0.006145
11 0.043605 0.311509 0.005540 0.013519
11 0.139264 0.312781 0.006648 0.009832
11 0.087257 0.314010 0.006648 0.012290
11 0.579024 0.314435 0.012187 0.029496
11 0.626981 0.313402 0.021051 0.013519
11 0.675181 0.314029 0.012187 0.013519
11 0.726684 0.312929 0.005540 0.009832
11 0.774923 0.312118 0.005540 0.012290
11 0.579024 0.302759 0.011079 0.004916
11 0.626981 0.317089 0.019943 0.004916
11 0.634736 0.313402 0.004432 0.012290
11 0.675181 0.317716 0.011079 0.004916
11 0.671858 0.314029 0.004432 0.012290
11 0.869325 0.301443 0.038778 0.073739
11 0.869070 0.314029 0.012187 0.013519
11 0.869070 0.317716 0.011079 0.004916
11 0.865746 0.314029 0.004432 0.012290
11 0.917797 0.301443 0.038778 0.073739
11 0.920572 0.312929 0.005540 0.009832
11 0.605072 0.215225 0.012187 0.029496
11 0.605072 0.203550 0.011079 0.004916
11 0.653028 0.214193 0.021051 0.013519
11 0.653028 0.217880 0.019943 0.004916
11 0.660784 0.214193 0.004432 0.012290
11 0.701229 0.214820 0.012187 0.013519
11 0.701229 0.218507 0.011079 0.004916
11 0.697905 0.214820 0.004432 0.012290
11 0.798428 0.202234 0.038778 0.073739
11 0.798173 0.214820 0.012187 0.013519
11 0.798173 0.218507 0.011079 0.004916
11 0.794849 0.214820 0.004432 0.012290
11 0.749956 0.202234 0.038778 0.073739
11 0.752731 0.213720 0.005540 0.009832
11 0.846900 0.202234 0.038778 0.073739
11 0.849675 0.213720 0.005540 0.009832
11 0.604540 0.109863 0.038778 0.073739
11 0.653012 0.109863 0.038778 0.073739
11 0.701484 0.109863 0.038778 0.073739
11 0.605072 0.122855 0.012187 0.029496
11 0.605072 0.111180 0.011079 0.004916
11 0.653028 0.121823 0.021051 0.013519
11 0.653028 0.125510 0.019943 0.004916
11 0.660784 0.121823 0.004432 0.012290
11 0.701229 0.122449 0.012187 0.013519
11 0.701229 0.126136 0.011079 0.004916
11 0.697905 0.122449 0.004432 0.012290
11 0.749956 0.109863 0.038778 0.073739
11 0.752731 0.121349 0.005540 0.009832
11 0.813108 0.109863 0.038778 0.073739
11 0.861580 0.109863 0.038778 0.073739
11 0.910052 0.109863 0.038778 0.073739
11 0.912827 0.121349 0.005540 0.009832
11 0.859813 0.117372 0.012187 0.018435
11 0.859813 0.123517 0.011079 0.004916
11 0.856489 0.117372 0.004432 0.017206
11 0.812521 0.121748 0.005540 0.029496
11 0.280872 0.202234 0.038778 0.073739
11 0.280259 0.215120 0.008863 0.009832
11 0.280872 0.110621 0.038778 0.073739
11 0.280259 0.123508 0.008863 0.009832
11 0.820853 0.301443 0.038778 0.073739
11 0.820240 0.314330 0.008863 0.009832
11 0.772381 0.301443 0.038778 0.073739
11 0.723908 0.301443 0.038778 0.073739
11 0.869325 0.301443 0.038778 0.073739
11 0.604540 0.202234 0.038778 0.073739
11 0.653012 0.202234 0.038778 0.073739
11 0.086984 0.110621 0.038778 0.073739
11 0.329344 0.110621 0.038778 0.073739
11 0.038512 0.301443 0.038778 0.073739
11 0.086984 0.301443 0.038778 0.073739
11 0.135456 0.301443 0.038778 0.073739
11 0.578492 0.301443 0.038778 0.073739
11 0.626964 0.301443 0.038778 0.073739
11 0.675436 0.301443 0.038778 0.073739
11 0.701484 0.202234 0.038778 0.073739
11 0.183928 0.110621 0.038778 0.073739
11 0.232400 0.110621 0.038778 0.073739
11 0.038512 0.036882 0.038778 0.073739
11 0.917797 0.301443 0.038778 0.073739
11 0.798428 0.202234 0.038778 0.073739
11 0.749956 0.202234 0.038778 0.073739
11 0.846900 0.202234 0.038778 0.073739
11 0.604540 0.109863 0.038778 0.073739
11 0.653012 0.109863 0.038778 0.073739
11 0.701484 0.109863 0.038778 0.073739
11 0.749956 0.109863 0.038778 0.073739
11 0.813108 0.109863 0.038778 0.073739
11 0.861580 0.109863 0.038778 0.073739
11 0.910052 0.109863 0.038778 0.073739
11 0.329344 0.202234 0.038778 0.073739
11 0.038512 0.110621 0.038778 0.073739
11 0.135456 0.110621 0.038778 0.073739
11 0.038512 0.202234 0.038778 0.073739
11 0.086984 0.202234 0.038778 0.073739
11 0.183928 0.202234 0.038778 0.073739
