0 0.834057 0.566146 0.008047 0.062466
0 0.841974 0.627599 0.007066 0.054854
0 0.533273 0.665673 0.129140 0.057541
0 0.519669 0.627632 0.229167 0.102109
0 0.569394 0.597740 0.129717 0.059501
0 0.230838 0.606240 0.109875 0.050660
0 0.124161 0.561839 0.100669 0.047075
0 0.262426 0.625664 0.052533 0.023407
0 0.204523 0.599948 0.063272 0.028026
0 0.175124 0.682799 0.162867 0.068573
0 0.282824 0.728789 0.052533 0.023407
0 0.188690 0.640474 0.209325 0.093268
0 0.113213 0.633893 0.039045 0.017397
0 0.204638 0.669706 0.129140 0.057541
0 0.452796 0.548918 0.100669 0.047075
0 0.533158 0.587026 0.063272 0.028026
0 0.441848 0.629861 0.039045 0.017397
0 0.524232 0.700308 0.203812 0.090812
0 0.594477 0.614265 0.059365 0.026451
0 0.168259 0.089154 0.101744 0.045321
0 0.249158 0.126386 0.063274 0.028028
0 0.229378 0.169203 0.202066 0.102027
0 0.275474 0.132680 0.109875 0.050660
0 0.225625 0.235655 0.216476 0.096455
0 0.307986 0.152515 0.054383 0.024231
0 0.834057 0.911081 0.008047 0.062466
0 0.841974 0.972535 0.007066 0.054854
1 0.125841 0.436578 0.025643 0.003809
3 0.855896 0.519087 0.019233 0.011426
3 0.855896 0.864023 0.019233 0.011426
4 0.977505 0.091677 0.044904 0.183278
11 0.751311 0.111502 0.497293 0.222928
11 0.175875 0.393068 0.350092 0.128915
11 0.885907 0.939905 0.108982 0.120114
11 0.885907 0.594969 0.108982 0.120114
