0 0.158552 0.366162 0.001453 0.004483
0 0.164364 0.375127 0.001453 0.001921
0 0.170176 0.382812 0.001453 0.001921
0 0.167997 0.378650 0.003875 0.006404
0 0.194799 0.378391 0.005812 0.003714
0 0.130519 0.411572 0.001767 0.002676
0 0.186158 0.417332 0.002499 0.003623
0 0.186821 0.411734 0.001902 0.005747
0 0.097068 0.247989 0.005328 0.001729
0 0.097068 0.253304 0.005328 0.001729
0 0.097068 0.220737 0.006103 0.008069
0 0.190061 0.220737 0.006103 0.008069
0 0.190061 0.247989 0.005328 0.001729
0 0.190061 0.253304 0.005328 0.001729
0 0.143564 0.220737 0.006103 0.008069
0 0.143564 0.247989 0.005328 0.001729
0 0.143564 0.253304 0.005328 0.001729
0 0.261380 0.088024 0.204626 0.001281
0 0.249938 0.373356 0.005967 0.007890
0 0.307875 0.374721 0.003584 0.003842
0 0.311460 0.374721 0.003584 0.003842
0 0.292993 0.372392 0.007749 0.010246
0 0.292993 0.369414 0.007071 0.003394
0 0.292993 0.375370 0.007071 0.003394
0 0.391088 0.167022 0.002712 0.004867
0 0.404691 0.105447 0.001540 0.005816
0 0.690317 0.290276 0.221728 0.001773
0 0.690317 0.286433 0.221728 0.001773
0 0.915206 0.153496 0.037779 0.017932
0 0.901137 0.219147 0.097595 0.065718
0 0.248771 0.095468 0.425531 0.087748
0 0.363389 0.380955 0.001453 0.004483
1 0.177845 0.418076 0.002073 0.002740
1 0.184004 0.413784 0.002265 0.002994
1 0.183408 0.414401 0.002404 0.003179
1 0.184218 0.417950 0.003203 0.004234
1 0.768370 0.088015 0.036422 0.048158
1 0.621130 0.105946 0.001937 0.023054
2 0.171134 0.411648 0.001741 0.002160
2 0.175649 0.411667 0.001686 0.002086
2 0.184321 0.416325 0.001631 0.002157
2 0.758683 0.068803 0.063933 0.084533
2 0.768370 0.088015 0.044559 0.058917
11 0.256195 0.179076 0.006296 0.027217
11 0.413600 0.099679 0.007749 0.024591
11 0.414859 0.100832 0.015499 0.026897
11 0.701469 0.152055 0.199425 0.069163
11 0.746574 0.078409 0.022280 0.067883
11 0.746574 0.078409 0.010656 0.032020
11 0.722357 0.078409 0.022280 0.067883
11 0.722357 0.078409 0.010656 0.032020
11 0.698140 0.078409 0.022280 0.067883
11 0.698140 0.078409 0.010656 0.032020
11 0.673923 0.078409 0.022280 0.067883
11 0.673923 0.078409 0.010656 0.032020
11 0.649706 0.078409 0.022280 0.067883
11 0.649706 0.078409 0.010656 0.032020
11 0.625489 0.078409 0.022280 0.067883
11 0.625489 0.078409 0.010656 0.032020
11 0.625489 0.225701 0.022280 0.067883
11 0.625489 0.225701 0.010656 0.032020
11 0.649706 0.225701 0.022280 0.067883
11 0.649706 0.225701 0.010656 0.032020
11 0.673923 0.225701 0.022280 0.067883
11 0.673923 0.225701 0.010656 0.032020
11 0.698140 0.225701 0.022280 0.067883
11 0.698140 0.225701 0.010656 0.032020
11 0.722357 0.225701 0.022280 0.067883
11 0.722357 0.225701 0.010656 0.032020
11 0.746574 0.225701 0.022280 0.067883
11 0.746574 0.225701 0.010656 0.032020
11 0.770792 0.225701 0.022280 0.067883
11 0.770792 0.225701 0.010656 0.032020
11 0.900581 0.185726 0.198800 0.261825
11 0.259305 0.177866 0.006511 0.029637
11 0.900581 0.185726 0.198800 0.261825
11 0.701469 0.152055 0.199425 0.069163
11 0.901137 0.219147 0.097595 0.065718
11 0.698140 0.225701 0.022280 0.067883
11 0.649706 0.078409 0.022280 0.067883
11 0.625489 0.078409 0.022280 0.067883
11 0.673923 0.225701 0.022280 0.067883
11 0.746574 0.225701 0.022280 0.067883
11 0.770792 0.225701 0.022280 0.067883
11 0.649706 0.225701 0.022280 0.067883
11 0.722357 0.225701 0.022280 0.067883
11 0.722357 0.078409 0.022280 0.067883
11 0.698140 0.078409 0.022280 0.067883
11 0.673923 0.078409 0.022280 0.067883
11 0.625489 0.225701 0.022280 0.067883
11 0.746574 0.078409 0.022280 0.067883
