1 0.621062 0.562017 0.007185 0.013170
1 0.584682 0.574526 0.161015 0.025981
1 0.478922 0.438572 0.049004 0.014185
1 0.690441 0.438572 0.049004 0.014185
1 0.673483 0.380537 0.147139 0.021703
1 0.576253 0.468579 0.085120 0.168326
2 0.468014 0.587073 0.005999 0.004052
2 0.477233 0.587419 0.011777 0.007954
2 0.509274 0.586929 0.077395 0.041026
2 0.452094 0.586381 0.037622 0.025411
2 0.469273 0.588026 0.007184 0.004853
2 0.460470 0.588023 0.009925 0.006704
2 0.459000 0.590523 0.015818 0.010684
2 0.493886 0.587419 0.011777 0.007954
2 0.496811 0.588553 0.005977 0.004037
2 0.468085 0.586726 0.014543 0.009823
2 0.485203 0.589032 0.020052 0.013698
2 0.475541 0.588042 0.007184 0.004853
2 0.476060 0.590523 0.015818 0.010684
2 0.486333 0.588026 0.007184 0.004853
2 0.474462 0.586373 0.049051 0.025427
2 0.484668 0.587073 0.005999 0.004052
2 0.501381 0.589032 0.020052 0.013698
2 0.491688 0.588042 0.007184 0.004853
2 0.484263 0.586726 0.014543 0.009823
2 0.498454 0.587430 0.011777 0.007954
2 0.523337 0.586385 0.037622 0.025411
2 0.474708 0.586935 0.060741 0.041026
2 0.493976 0.590309 0.014138 0.009549
2 0.710727 0.587744 0.007467 0.005405
2 0.720680 0.587414 0.011777 0.007954
2 0.744394 0.586924 0.060741 0.041026
2 0.718016 0.590494 0.017023 0.010729
2 0.695541 0.586376 0.037622 0.025411
2 0.701783 0.588018 0.009925 0.006704
2 0.699533 0.589008 0.020052 0.013702
2 0.711056 0.586721 0.014543 0.009823
2 0.728174 0.589027 0.020052 0.013698
2 0.718481 0.588037 0.007184 0.004853
2 0.728892 0.588021 0.007184 0.004853
2 0.666687 0.587047 0.005999 0.004052
2 0.675905 0.587393 0.011777 0.007954
2 0.707687 0.586904 0.076875 0.041026
2 0.650766 0.586355 0.037622 0.025411
2 0.668827 0.588005 0.007184 0.004853
2 0.660024 0.588003 0.009925 0.006704
2 0.658555 0.590502 0.015818 0.010684
2 0.692039 0.587393 0.011777 0.007954
2 0.694964 0.588527 0.005977 0.004037
2 0.666282 0.586700 0.014543 0.009823
2 0.683400 0.589006 0.020052 0.013698
2 0.673707 0.588017 0.007184 0.004853
2 0.673844 0.590497 0.015818 0.010684
2 0.684117 0.588000 0.007184 0.004853
2 0.666900 0.586355 0.037622 0.025411
2 0.682820 0.587047 0.005999 0.004052
2 0.689840 0.588017 0.007184 0.004853
2 0.682415 0.586700 0.014543 0.009823
2 0.696606 0.587404 0.011777 0.007954
2 0.721490 0.586359 0.037622 0.025411
2 0.672860 0.586909 0.060741 0.041026
2 0.692129 0.590283 0.014138 0.009549
2 0.621969 0.555601 0.005394 0.003643
2 0.603892 0.525447 0.007177 0.004847
2 0.592457 0.525447 0.007177 0.004847
2 0.596166 0.525447 0.007177 0.004847
2 0.600060 0.525447 0.007177 0.004847
2 0.588298 0.525447 0.007177 0.004847
2 0.576615 0.525447 0.007177 0.004847
2 0.580377 0.525447 0.007177 0.004847
2 0.584319 0.525447 0.007177 0.004847
2 0.569201 0.525447 0.007177 0.004847
2 0.561641 0.525447 0.007177 0.004847
2 0.565439 0.525447 0.007177 0.004847
2 0.572818 0.525447 0.007177 0.004847
2 0.547476 0.525102 0.003835 0.002590
2 0.558025 0.525447 0.007177 0.004847
2 0.603892 0.460380 0.007177 0.004847
2 0.592457 0.460380 0.007177 0.004847
2 0.596166 0.460380 0.007177 0.004847
2 0.600060 0.460380 0.007177 0.004847
2 0.588298 0.460380 0.007177 0.004847
2 0.576615 0.460380 0.007177 0.004847
2 0.580377 0.460380 0.007177 0.004847
2 0.584319 0.460380 0.007177 0.004847
2 0.569201 0.460380 0.007177 0.004847
2 0.561641 0.460380 0.007177 0.004847
2 0.565439 0.460380 0.007177 0.004847
2 0.572818 0.460380 0.007177 0.004847
2 0.547476 0.460034 0.003835 0.002590
2 0.558025 0.460380 0.007177 0.004847
2 0.580207 0.092663 0.016838 0.011373
2 0.590843 0.092663 0.016838 0.011373
2 0.585525 0.124044 0.049886 0.033694
2 0.585525 0.123852 0.078862 0.051938
2 0.585525 0.105542 0.042176 0.028486
2 0.575291 0.118813 0.002132 0.001440
2 0.595759 0.118813 0.002132 0.001440
2 0.683187 0.113650 0.020400 0.013779
2 0.672462 0.096250 0.003167 0.002139
2 0.683187 0.131699 0.001665 0.001125
2 0.684763 0.131699 0.001665 0.001125
2 0.681610 0.131699 0.001665 0.001125
2 0.693911 0.096250 0.003167 0.002139
2 0.629977 0.092663 0.016838 0.011373
2 0.640613 0.092663 0.016838 0.011373
2 0.635295 0.124044 0.049886 0.033694
2 0.635295 0.123852 0.078862 0.051938
2 0.635295 0.107261 0.042176 0.028486
2 0.620874 0.120369 0.002024 0.001367
2 0.620874 0.115820 0.002024 0.001367
2 0.625061 0.120532 0.002132 0.001440
2 0.624446 0.120369 0.002024 0.001367
2 0.622660 0.120369 0.002024 0.001367
2 0.624446 0.115820 0.002024 0.001367
2 0.622660 0.115820 0.002024 0.001367
2 0.647930 0.120369 0.002024 0.001367
2 0.649716 0.120369 0.002024 0.001367
2 0.645529 0.120532 0.002132 0.001440
2 0.646143 0.120369 0.002024 0.001367
2 0.647930 0.115820 0.002024 0.001367
2 0.649716 0.115820 0.002024 0.001367
2 0.646143 0.115820 0.002024 0.001367
2 0.537633 0.113650 0.020400 0.013779
2 0.526909 0.096250 0.003167 0.002139
2 0.537633 0.131699 0.001665 0.001125
2 0.539210 0.131699 0.001665 0.001125
2 0.536057 0.131699 0.001665 0.001125
2 0.548358 0.096250 0.003167 0.002139
2 0.479402 0.099846 0.023789 0.016067
2 0.471030 0.013996 0.023789 0.016067
2 0.393418 0.009160 0.007819 0.005281
2 0.393158 0.013177 0.007493 0.005061
2 0.388600 0.013177 0.007493 0.005061
2 0.466890 0.016792 0.016652 0.011247
2 0.483542 0.097049 0.016652 0.011247
2 0.497627 0.142730 0.006791 0.004587
2 0.729920 0.142730 0.006791 0.004587
2 0.748145 0.099846 0.023789 0.016067
2 0.756517 0.013996 0.023789 0.016067
2 0.808528 0.009160 0.007819 0.005281
2 0.808787 0.013177 0.007493 0.005061
2 0.813345 0.013177 0.007493 0.005061
2 0.760657 0.016792 0.016652 0.011247
2 0.744005 0.097049 0.016652 0.011247
2 0.516031 0.063143 0.004692 0.003169
2 0.512463 0.063038 0.004496 0.003037
2 0.512463 0.061190 0.004496 0.003037
