0 0.799555 0.641531 0.001273 0.001627
0 0.804628 0.635840 0.001222 0.002797
0 0.809420 0.641827 0.002177 0.003582
0 0.840414 0.635840 0.001222 0.002797
0 0.845206 0.641827 0.002177 0.003582
0 0.828108 0.641531 0.001273 0.001627
0 0.833180 0.635840 0.001222 0.002797
0 0.855988 0.642733 0.001041 0.020904
0 0.743342 0.619477 0.018538 0.028154
0 0.720226 0.637114 0.001222 0.002797
0 0.716737 0.642733 0.001041 0.020904
0 0.725019 0.643100 0.002177 0.003582
0 0.738438 0.638666 0.001273 0.001627
0 0.790324 0.718213 0.031027 0.042290
0 0.216826 0.596020 0.036464 0.016149
0 0.500111 0.322674 0.012201 0.001003
0 0.537475 0.415845 0.012243 0.047953
0 0.511175 0.415507 0.056679 0.021404
0 0.475698 0.209173 0.001551 0.001748
0 0.482381 0.211902 0.001742 0.001748
0 0.530112 0.213527 0.002697 0.001503
0 0.559586 0.213527 0.002697 0.001503
0 0.572237 0.213527 0.001360 0.001993
0 0.232155 0.407161 0.003667 0.004711
0 0.229854 0.410117 0.008268 0.010624
0 0.233305 0.405683 0.001366 0.001755
0 0.258636 0.429363 0.004909 0.006309
0 0.260937 0.429363 0.004909 0.006309
0 0.263237 0.429363 0.004909 0.006309
0 0.249433 0.429363 0.004909 0.006309
0 0.247133 0.429363 0.004909 0.006309
0 0.251734 0.429363 0.004909 0.006309
0 0.240231 0.429363 0.004909 0.006309
0 0.237930 0.429363 0.004909 0.006309
0 0.244832 0.429363 0.004909 0.006309
0 0.242531 0.429363 0.004909 0.006309
0 0.254035 0.429363 0.004909 0.006309
0 0.256335 0.429363 0.004909 0.006309
0 0.511744 0.128290 0.043945 0.038969
0 0.195286 0.217514 0.016560 0.035929
0 0.186406 0.208712 0.017011 0.027335
0 0.211437 0.210211 0.002177 0.001570
0 0.200475 0.202863 0.001521 0.001161
0 0.207008 0.203693 0.001267 0.001636
0 0.205509 0.227670 0.001222 0.001029
0 0.206778 0.216369 0.002788 0.002797
0 0.207008 0.227583 0.001267 0.001636
0 0.205509 0.229532 0.001222 0.001029
0 0.206072 0.232087 0.016268 0.001338
0 0.201464 0.405683 0.001366 0.001755
0 0.204834 0.422047 0.016297 0.020941
0 0.206881 0.414981 0.012201 0.018635
0 0.206065 0.411595 0.010568 0.013580
0 0.203764 0.408639 0.005967 0.007668
0 0.202614 0.407161 0.003667 0.004711
0 0.211736 0.430916 0.002493 0.003203
0 0.210643 0.429363 0.004909 0.006309
0 0.208285 0.426481 0.009395 0.012072
0 0.189292 0.429363 0.004909 0.006309
0 0.192589 0.429363 0.006902 0.006309
0 0.195366 0.429363 0.007855 0.006309
0 0.182390 0.429363 0.004909 0.006309
0 0.184691 0.429363 0.004909 0.006309
0 0.186991 0.429363 0.004909 0.006309
0 0.156664 0.429363 0.004909 0.006309
0 0.161266 0.429363 0.004909 0.006309
0 0.158965 0.429363 0.004909 0.006309
0 0.170468 0.429363 0.004909 0.006309
0 0.172769 0.429363 0.004909 0.006309
0 0.168167 0.429363 0.004909 0.006309
0 0.179671 0.429363 0.004909 0.006309
0 0.175069 0.429363 0.004909 0.006309
0 0.177370 0.429363 0.004909 0.006309
0 0.165867 0.429363 0.004909 0.006309
0 0.163566 0.429363 0.004909 0.006309
0 0.135285 0.429363 0.004909 0.006309
0 0.142605 0.429363 0.004909 0.006309
0 0.140305 0.429363 0.004909 0.006309
0 0.151808 0.429363 0.004909 0.006309
0 0.154108 0.429363 0.004909 0.006309
0 0.149507 0.429363 0.004909 0.006309
0 0.147206 0.429363 0.004909 0.006309
0 0.144906 0.429363 0.004909 0.006309
0 0.138004 0.429363 0.004909 0.006309
0 0.206072 0.097272 0.016268 0.001338
0 0.224171 0.131459 0.021910 0.023821
0 0.223479 0.344135 0.012181 0.033162
0 0.227888 0.413073 0.012201 0.016537
0 0.227888 0.416459 0.012201 0.015678
0 0.229936 0.422047 0.016297 0.020941
0 0.226485 0.426481 0.009395 0.012072
0 0.224126 0.429363 0.004909 0.006309
0 0.223034 0.430916 0.002493 0.003203
1 0.790369 0.304637 0.021071 0.003484
2 0.813217 0.851112 0.001336 0.001716
2 0.819112 0.859892 0.006162 0.007919
2 0.679962 0.861506 0.001872 0.002405
2 0.433676 0.866025 0.002169 0.022677
2 0.237231 0.839846 0.001252 0.001609
4 0.222910 0.384768 0.173190 0.065158
11 0.769421 0.645071 0.036874 0.036728
