0 0.340649 0.804532 0.011033 0.008943
0 0.555419 0.823221 0.007916 0.008943
0 0.537736 0.822897 0.007697 0.008943
0 0.574302 0.805545 0.011111 0.008943
1 0.249124 0.362686 0.017101 0.021975
1 0.245275 0.371754 0.017101 0.021975
1 0.249462 0.380571 0.017101 0.021975
1 0.257498 0.380321 0.017101 0.021975
1 0.261347 0.371252 0.017101 0.021975
1 0.257160 0.362435 0.017101 0.021975
1 0.253311 0.371503 0.021878 0.028113
1 0.755659 0.358005 0.021878 0.028113
1 0.759508 0.348937 0.017101 0.021975
1 0.763695 0.357755 0.017101 0.021975
1 0.759846 0.366823 0.017101 0.021975
1 0.751810 0.367074 0.017101 0.021975
1 0.747622 0.358256 0.017101 0.021975
1 0.751471 0.349188 0.017101 0.021975
1 0.484366 0.838237 0.021878 0.028113
1 0.488215 0.829169 0.017101 0.021975
1 0.480517 0.847305 0.017101 0.021975
1 0.476330 0.838488 0.017101 0.021975
1 0.480179 0.829420 0.017101 0.021975
1 0.492402 0.837986 0.017101 0.021975
1 0.488553 0.847054 0.017101 0.021975
1 0.418709 0.358005 0.021878 0.028113
1 0.422558 0.348937 0.017101 0.021975
1 0.426745 0.357755 0.017101 0.021975
1 0.422896 0.366823 0.017101 0.021975
1 0.414860 0.367074 0.017101 0.021975
1 0.410673 0.358256 0.017101 0.021975
1 0.414522 0.349188 0.017101 0.021975
1 0.586074 0.362686 0.017101 0.021975
1 0.582225 0.371754 0.017101 0.021975
1 0.586412 0.380571 0.017101 0.021975
1 0.594448 0.380321 0.017101 0.021975
1 0.598297 0.371252 0.017101 0.021975
1 0.594110 0.362435 0.017101 0.021975
1 0.590261 0.371503 0.021878 0.028113
1 0.341846 0.810363 0.002711 0.020606
2 0.556678 0.839770 0.001805 0.002320
2 0.556678 0.834434 0.001805 0.002320
2 0.554331 0.831766 0.001805 0.002320
2 0.554331 0.837102 0.001805 0.002320
2 0.556678 0.845106 0.001805 0.002320
2 0.554331 0.842438 0.001805 0.002320
3 0.358604 0.078649 0.008134 0.006968
11 0.229296 0.272035 0.014746 0.016410
11 0.271898 0.272035 0.014746 0.016410
11 0.245982 0.272035 0.014746 0.016410
11 0.258763 0.272482 0.014746 0.016410
11 0.284679 0.272482 0.014746 0.016410
11 0.752734 0.249626 0.141361 0.412081
11 0.247309 0.249626 0.141361 0.412081
11 0.774246 0.258537 0.014746 0.016410
11 0.731644 0.258537 0.014746 0.016410
11 0.748330 0.258537 0.014746 0.016410
11 0.761110 0.258984 0.014746 0.016410
11 0.495245 0.739216 0.014746 0.016410
11 0.508381 0.738769 0.014746 0.016410
11 0.290233 0.737308 0.014746 0.016410
11 0.303014 0.737756 0.014746 0.016410
11 0.340490 0.737756 0.014746 0.016410
11 0.465779 0.738769 0.014746 0.016410
11 0.482465 0.738769 0.014746 0.016410
11 0.537736 0.738445 0.014746 0.016410
11 0.555419 0.738769 0.014746 0.016410
11 0.573966 0.738769 0.014746 0.016410
11 0.415784 0.249626 0.141361 0.412081
11 0.437296 0.258537 0.014746 0.016410
11 0.394694 0.258537 0.014746 0.016410
11 0.411380 0.258537 0.014746 0.016410
11 0.424161 0.258984 0.014746 0.016410
11 0.452016 0.258984 0.014746 0.016410
11 0.566246 0.272035 0.014746 0.016410
11 0.608848 0.272035 0.014746 0.016410
11 0.582932 0.272035 0.014746 0.016410
11 0.595712 0.272482 0.014746 0.016410
11 0.621629 0.272482 0.014746 0.016410
11 0.584259 0.249626 0.141361 0.412081
11 0.752734 0.249626 0.141361 0.412081
11 0.415784 0.249626 0.141361 0.412081
11 0.584259 0.249626 0.141361 0.412081
11 0.247309 0.249626 0.141361 0.412081
