0 0.229400 0.911082 0.007809 0.006020
0 0.224715 0.912587 0.001562 0.003010
0 0.221982 0.909928 0.003904 0.002308
0 0.217687 0.909577 0.003123 0.003010
0 0.215345 0.740502 0.003123 0.002007
0 0.220420 0.739749 0.007028 0.003512
0 0.229986 0.740502 0.002733 0.002007
0 0.225496 0.738746 0.003123 0.001505
0 0.227839 0.740502 0.001562 0.002007
0 0.647795 0.378849 0.029339 0.017460
0 0.886793 0.949485 0.004000 0.012776
0 0.608713 0.949485 0.004000 0.012776
0 0.642707 0.884749 0.014970 0.029635
0 0.360561 0.447292 0.034036 0.017808
1 0.311107 0.487629 0.002711 0.018156
2 0.232329 0.740502 0.001952 0.002007
4 0.747920 0.916419 0.268594 0.053357
11 0.228471 0.519747 0.027638 0.009970
11 0.291527 0.101864 0.528773 0.133976
