1 0.630417 0.518853 0.004957 0.001850
1 0.628469 0.510143 0.004957 0.001850
1 0.836805 0.444963 0.010272 0.003484
4 0.812255 0.443219 0.012511 0.261293
11 0.093281 0.542189 0.009997 0.027580
11 0.211464 0.694210 0.015632 0.020265
11 0.685069 0.588137 0.015632 0.020265
11 0.799081 0.588254 0.015632 0.020265
11 0.613225 0.247652 0.012203 0.014770
11 0.093281 0.332201 0.009997 0.036287
11 0.034197 0.265135 0.014392 0.048277
11 0.226202 0.659513 0.273505 0.189649
11 0.226202 0.421690 0.273505 0.142684
11 0.731878 0.443219 0.079434 0.261293
11 0.226202 0.599304 0.273505 0.161036
11 0.381721 0.493032 0.031277 0.522612
11 0.070684 0.518303 0.031277 0.472070
11 0.856339 0.440221 0.028797 0.237876
11 0.731878 0.440221 0.038828 0.237876
11 0.070684 0.263730 0.031277 0.064009
11 0.063991 0.303242 0.017891 0.076791
