0 0.879365 0.883049 0.006478 0.049949
0 0.872411 0.891250 0.014853 0.050418
0 0.866874 0.897458 0.022863 0.056411
0 0.863019 0.498094 0.045054 0.064489
0 0.882262 0.481681 0.019166 0.042657
0 0.835805 0.448884 0.014360 0.009447
0 0.841363 0.456332 0.003243 0.006320
0 0.805108 0.887449 0.010804 0.039129
0 0.802095 0.892853 0.015971 0.045648
0 0.796599 0.897474 0.024626 0.051886
0 0.604263 0.860141 0.001169 0.003465
0 0.609682 0.837302 0.001169 0.003465
0 0.618148 0.847308 0.001169 0.003465
0 0.599113 0.847824 0.001169 0.034841
0 0.660140 0.847308 0.001169 0.003465
0 0.651674 0.837302 0.001169 0.003465
0 0.646255 0.860141 0.001169 0.003465
0 0.668280 0.847824 0.001169 0.034841
0 0.649268 0.888057 0.015800 0.030363
0 0.615385 0.884146 0.017571 0.028717
0 0.799958 0.464812 0.047569 0.052085
0 0.792814 0.502089 0.036486 0.056498
0 0.815080 0.455896 0.003229 0.005449
0 0.639755 0.622815 0.015446 0.032458
0 0.633804 0.605661 0.013875 0.037899
0 0.820631 0.451826 0.014360 0.015331
0 0.838878 0.729494 0.039048 0.015429
0 0.841183 0.748371 0.046680 0.036904
0 0.843349 0.758737 0.032624 0.038371
0 0.837634 0.694845 0.030377 0.016177
0 0.889126 0.417362 0.040534 0.034023
0 0.776219 0.374596 0.028313 0.022892
0 0.451884 0.534293 0.001742 0.001748
0 0.411536 0.817748 0.023629 0.020303
0 0.410388 0.888933 0.023578 0.031302
0 0.410988 0.864356 0.025450 0.025810
0 0.380225 0.793318 0.027113 0.001503
0 0.364974 0.793196 0.003389 0.001257
0 0.389811 0.821619 0.002697 0.001503
0 0.372037 0.814657 0.002697 0.001503
0 0.379824 0.803778 0.002697 0.001503
0 0.380225 0.882197 0.027113 0.001503
0 0.364974 0.882074 0.003389 0.001257
0 0.379824 0.857737 0.002697 0.001503
0 0.372037 0.868616 0.002697 0.001503
0 0.389811 0.875579 0.002697 0.001503
0 0.264838 0.848567 0.001751 0.003148
0 0.258886 0.844631 0.001751 0.002923
0 0.255653 0.842028 0.004715 0.002284
0 0.404968 0.869728 0.034419 0.039239
0 0.395728 0.534293 0.001742 0.001748
0 0.248173 0.587503 0.001742 0.001748
0 0.338029 0.589128 0.001360 0.001993
0 0.295904 0.589128 0.002697 0.001503
0 0.325378 0.589128 0.002697 0.001503
0 0.181727 0.787972 0.002642 0.002871
0 0.185466 0.790661 0.001016 0.001984
0 0.195443 0.798178 0.001219 0.002297
0 0.230722 0.823404 0.003803 0.001263
0 0.224886 0.819319 0.001049 0.002527
0 0.222528 0.817378 0.003666 0.001356
0 0.173678 0.781745 0.001005 0.001721
0 0.171054 0.779880 0.004242 0.002008
0 0.168431 0.777658 0.001005 0.002438
0 0.165863 0.775722 0.004131 0.001434
0 0.162904 0.774001 0.001786 0.002008
0 0.160616 0.772424 0.002791 0.001147
0 0.158662 0.770488 0.001116 0.002725
0 0.155648 0.768121 0.004912 0.002008
0 0.152299 0.765827 0.001786 0.002581
0 0.149563 0.764034 0.003684 0.001004
0 0.146783 0.762350 0.001878 0.002365
0 0.145220 0.762207 0.001248 0.002078
0 0.141414 0.764393 0.001005 0.002868
0 0.137451 0.767261 0.001116 0.002868
0 0.133822 0.770057 0.001005 0.001864
0 0.178992 0.848124 0.017110 0.044176
0 0.182977 0.856089 0.018952 0.042181
0 0.161890 0.904769 0.033217 0.032316
0 0.150435 0.914312 0.037651 0.028128
0 0.138445 0.894342 0.013672 0.011462
0 0.153943 0.589128 0.002697 0.001503
0 0.124469 0.589128 0.002697 0.001503
0 0.166594 0.589128 0.001360 0.001993
0 0.144482 0.677002 0.001056 0.001414
0 0.146279 0.696855 0.001056 0.001414
0 0.076737 0.587503 0.001742 0.001748
0 0.112733 0.389399 0.023909 0.020707
0 0.130096 0.375352 0.058635 0.046697
0 0.124126 0.351155 0.046695 0.046981
0 0.118213 0.324780 0.034870 0.058848
0 0.117535 0.291615 0.033514 0.024795
0 0.124497 0.250931 0.047438 0.022588
0 0.221857 0.366368 0.036885 0.016049
1 0.235129 0.364657 0.010341 0.003484
2 0.217066 0.837601 0.001629 0.001208
4 0.113404 0.558242 0.118869 0.038450
11 0.150469 0.070432 0.255982 0.109748
11 0.458456 0.054754 0.229082 0.078392
11 0.608023 0.306211 0.085131 0.039879
