0 0.741196 0.246368 0.006991 0.078930
0 0.796634 0.245755 0.006991 0.078930
0 0.857214 0.249915 0.005576 0.087553
1 0.177773 0.581155 0.010818 0.030764
1 0.230699 0.485645 0.002704 0.005127
1 0.834002 0.923008 0.007212 0.020509
1 0.871081 0.859334 0.001803 0.003418
1 0.685336 0.841612 0.001325 0.003769
1 0.722585 0.841612 0.001325 0.003769
1 0.814023 0.389519 0.001442 0.002734
1 0.690672 0.455335 0.001325 0.003769
1 0.733779 0.463439 0.001035 0.028182
4 0.323091 0.658759 0.084842 0.030763
4 0.887484 0.254937 0.060330 0.041076
4 0.947682 0.526398 0.040199 0.035311
11 0.177773 0.565770 0.010818 0.030771
11 0.834002 0.912751 0.007212 0.020514
11 0.841282 0.432253 0.005769 0.016411
11 0.744595 0.226363 0.013790 0.038921
11 0.800034 0.225750 0.013790 0.038921
11 0.863319 0.230153 0.017786 0.048028
11 0.338754 0.775330 0.116168 0.202379
11 0.938800 0.780377 0.057963 0.291080
11 0.257779 0.837841 0.045781 0.077358
11 0.257779 0.604698 0.045781 0.077358
11 0.681324 0.271812 0.011686 0.083654
11 0.389644 0.691810 0.014386 0.096865
11 0.373981 0.658759 0.016940 0.030763
