1 0.823877 0.750854 0.016880 0.003484
2 0.505846 0.831771 0.047927 0.079140
4 0.437757 0.783952 0.126597 0.069682
4 0.437757 0.836213 0.126597 0.034841
4 0.437757 0.731691 0.126597 0.034841
11 0.753194 0.226500 0.147696 0.278726
11 0.267906 0.156818 0.189895 0.139363
11 0.352304 0.290084 0.147696 0.127169
11 0.489450 0.287471 0.126597 0.121943
11 0.628707 0.731691 0.052749 0.243885
11 0.560134 0.662010 0.084398 0.104522
11 0.394503 0.156818 0.063298 0.139363
11 0.647696 0.156818 0.063298 0.139363
11 0.457801 0.153334 0.063298 0.132395
11 0.647696 0.287471 0.063298 0.121943
11 0.521100 0.148108 0.063298 0.121943
11 0.584398 0.148108 0.063298 0.121943
11 0.199332 0.296181 0.052749 0.139363
11 0.252081 0.290084 0.052749 0.127169
11 0.676181 0.783952 0.042199 0.139363
11 0.895616 0.644589 0.042199 0.139363
11 0.592838 0.284858 0.046419 0.116717
11 0.488395 0.653299 0.059079 0.087102
11 0.266323 0.801373 0.047474 0.104522
11 0.752139 0.801373 0.042199 0.104522
11 0.157133 0.662010 0.042199 0.104522
11 0.794338 0.662010 0.042199 0.104522
11 0.199332 0.662010 0.042199 0.104522
11 0.104384 0.662010 0.042199 0.104522
11 0.794338 0.801373 0.042199 0.104522
11 0.853417 0.801373 0.042199 0.104522
11 0.268961 0.662010 0.042199 0.104522
11 0.353359 0.662010 0.042199 0.104522
11 0.853417 0.662010 0.042199 0.104522
11 0.311160 0.662010 0.042199 0.104522
11 0.538770 0.801373 0.041672 0.104522
11 0.437756 0.653299 0.042199 0.087102
11 0.395558 0.653299 0.042199 0.087102
11 0.580969 0.783952 0.042726 0.069682
11 0.353359 0.783952 0.042199 0.069682
11 0.311160 0.783952 0.042199 0.069682
11 0.266323 0.731691 0.047474 0.034841
11 0.580969 0.836213 0.042726 0.034841
11 0.580969 0.731691 0.042726 0.034841
11 0.353359 0.836213 0.042199 0.034841
11 0.752139 0.731691 0.042199 0.034841
11 0.353359 0.731691 0.042199 0.034841
11 0.853417 0.731691 0.042199 0.034841
11 0.794338 0.731691 0.042199 0.034841
11 0.311160 0.731691 0.042199 0.034841
11 0.538770 0.731691 0.041672 0.034841
