0 0.719486 0.246708 0.031824 0.023102
0 0.720359 0.239383 0.030079 0.008452
0 0.672364 0.288140 0.024254 0.034562
0 0.670488 0.493857 0.020502 0.026564
0 0.671300 0.457173 0.022125 0.053090
0 0.673507 0.276116 0.026539 0.011769
0 0.674436 0.254682 0.028397 0.007794
0 0.717311 0.034950 0.036175 0.069890
0 0.717012 0.102905 0.036772 0.028415
0 0.717012 0.097052 0.036772 0.006723
0 0.718319 0.085976 0.034158 0.015429
0 0.718652 0.077118 0.033492 0.013697
0 0.670728 0.234413 0.020982 0.001489
0 0.676355 0.387580 0.032235 0.041940
0 0.675143 0.079313 0.029811 0.018088
0 0.927710 0.475112 0.044459 0.110898
0 0.887644 0.261434 0.025732 0.041132
0 0.926482 0.261061 0.046913 0.041877
0 0.928411 0.281575 0.043057 0.047693
0 0.674855 0.423691 0.029235 0.026368
0 0.677685 0.434746 0.034896 0.051101
0 0.716395 0.447454 0.038005 0.072528
0 0.718359 0.408485 0.034078 0.009937
0 0.718323 0.420840 0.034149 0.032071
0 0.717182 0.389326 0.036432 0.001412
0 0.719128 0.377639 0.032540 0.022057
0 0.719378 0.365401 0.032040 0.044424
0 0.715047 0.479456 0.040701 0.102211
0 0.674855 0.219603 0.029235 0.015734
0 0.716395 0.229475 0.038005 0.035479
0 0.716360 0.189906 0.038077 0.096871
0 0.672373 0.412900 0.024271 0.001107
0 0.716360 0.256111 0.038077 0.004935
0 0.719146 0.209522 0.032505 0.042416
0 0.677057 0.194559 0.033639 0.059332
0 0.719128 0.287890 0.032540 0.157440
0 0.677183 0.067812 0.033891 0.041928
0 0.677369 0.126302 0.034263 0.028463
0 0.678116 0.109483 0.035757 0.015258
0 0.886507 0.485883 0.011879 0.031073
11 0.701573 0.442262 0.008504 0.016137
11 0.701573 0.427216 0.008504 0.013252
11 0.699467 0.415883 0.004291 0.007893
11 0.703772 0.415883 0.004106 0.007893
11 0.693429 0.430515 0.002285 0.004216
11 0.693429 0.435247 0.002285 0.004545
11 0.703537 0.407843 0.004577 0.007483
11 0.699231 0.406643 0.003820 0.009884
11 0.703537 0.399804 0.004577 0.007893
11 0.704324 0.391354 0.003004 0.007483
11 0.701499 0.389768 0.002431 0.004333
11 0.699535 0.389774 0.001282 0.004321
11 0.698054 0.391354 0.001466 0.007483
11 0.687187 0.416088 0.004714 0.007483
11 0.682881 0.416088 0.003683 0.007483
11 0.685292 0.399599 0.008504 0.023972
11 0.695894 0.406561 0.002639 0.004919
11 0.693377 0.406561 0.002181 0.004919
11 0.696183 0.395506 0.013063 0.016489
11 0.693370 0.427026 0.007437 0.046610
11 0.685920 0.229044 0.003397 0.006090
11 0.682577 0.229044 0.003075 0.006090
11 0.685292 0.220103 0.008504 0.023972
11 0.693429 0.254755 0.002285 0.002554
11 0.693429 0.251019 0.002285 0.004216
11 0.701573 0.259024 0.008504 0.023621
11 0.701573 0.239856 0.008504 0.014013
11 0.704324 0.224225 0.003004 0.015728
11 0.704324 0.211858 0.003004 0.007483
11 0.701499 0.210271 0.002431 0.004333
11 0.700805 0.224225 0.003820 0.015728
11 0.684148 0.236591 0.006216 0.007483
11 0.693602 0.251456 0.006973 0.038758
11 0.695039 0.224225 0.015352 0.032216
11 0.693429 0.124184 0.002285 0.010369
11 0.693429 0.115565 0.002285 0.006168
11 0.693429 0.109787 0.002285 0.004684
11 0.693433 0.216009 0.007348 0.015785
11 0.701111 0.088901 0.004103 0.015039
11 0.620680 0.236205 0.004155 0.008256
11 0.905374 0.420405 0.001680 0.001997
11 0.900988 0.240955 0.001680 0.001997
11 0.902421 0.240955 0.001680 0.001997
11 0.906691 0.257123 0.001680 0.001997
11 0.892548 0.467987 0.001650 0.005596
11 0.685292 0.399599 0.008504 0.023972
11 0.701573 0.259024 0.008504 0.023621
11 0.693370 0.427041 0.007437 0.046581
11 0.685292 0.220103 0.008504 0.023972
11 0.696183 0.395506 0.013063 0.016489
11 0.701573 0.442262 0.008504 0.016137
11 0.693602 0.251456 0.006973 0.038758
11 0.701573 0.239856 0.008504 0.014013
11 0.693433 0.216009 0.007348 0.015785
11 0.701573 0.427216 0.008504 0.013252
11 0.701111 0.088901 0.004103 0.015039
11 0.700805 0.224225 0.003820 0.015728
11 0.678072 0.382577 0.005721 0.009369
11 0.678072 0.203081 0.005721 0.009369
11 0.678072 0.061615 0.005721 0.009369
11 0.892613 0.382577 0.005721 0.009369
11 0.892613 0.203081 0.005721 0.009369
11 0.704324 0.224225 0.003004 0.015728
11 0.684148 0.236591 0.006216 0.007483
11 0.622990 0.413470 0.004648 0.008198
11 0.623072 0.236176 0.004648 0.008198
11 0.623269 0.219803 0.004648 0.008198
11 0.699231 0.406643 0.003820 0.009884
11 0.703537 0.399804 0.004577 0.007893
11 0.687187 0.416088 0.004714 0.007483
11 0.703537 0.407843 0.004577 0.007483
11 0.699467 0.415883 0.004291 0.007893
11 0.613778 0.391934 0.004648 0.007026
11 0.703772 0.415883 0.004106 0.007893
11 0.682881 0.416088 0.003683 0.007483
11 0.693429 0.124184 0.002285 0.010369
11 0.685920 0.229044 0.003397 0.006090
11 0.704324 0.391354 0.003004 0.007483
11 0.704324 0.211858 0.003004 0.007483
11 0.682577 0.229044 0.003075 0.006090
11 0.693429 0.115565 0.002285 0.006168
11 0.695894 0.406561 0.002639 0.004919
11 0.698054 0.391354 0.001466 0.007483
11 0.693377 0.406561 0.002181 0.004919
11 0.693429 0.109787 0.002285 0.004684
11 0.690942 0.090934 0.001788 0.005153
11 0.892548 0.467987 0.001650 0.005596
