0 0.748245 0.919798 0.005079 0.026137
0 0.756880 0.919798 0.005079 0.026137
0 0.764985 0.886057 0.016211 0.041345
0 0.613582 0.919798 0.005079 0.026137
0 0.622217 0.919798 0.005079 0.026137
0 0.610904 0.886057 0.022624 0.041345
1 0.613042 0.867710 0.026899 0.004651
2 0.216782 0.670310 0.002948 0.004141
2 0.297847 0.670310 0.002948 0.004141
2 0.574104 0.670310 0.002948 0.004141
2 0.574104 0.680775 0.002948 0.004141
11 0.631229 0.133628 0.035041 0.017598
11 0.654121 0.210233 0.035041 0.017598
11 0.654347 0.189284 0.035041 0.017598
11 0.655164 0.817790 0.057347 0.060036
11 0.547322 0.190531 0.035041 0.017598
11 0.913052 0.500000 0.124164 0.930146
