0 0.326880 0.987402 0.010825 0.003713
0 0.313556 0.837475 0.010825 0.003713
0 0.501210 0.073492 0.179140 0.003394
0 0.568204 0.098016 0.003712 0.001697
0 0.424905 0.920392 0.007423 0.001980
0 0.423118 0.920392 0.002887 0.001485
0 0.426692 0.920392 0.002887 0.001485
0 0.542062 0.920392 0.007423 0.001980
0 0.540275 0.920392 0.002887 0.001485
0 0.543849 0.920392 0.002887 0.001485
0 0.363575 0.255490 0.003605 0.001019
0 0.359876 0.127228 0.003605 0.001019
0 0.455038 0.208759 0.008495 0.002843
0 0.455038 0.204399 0.008495 0.005707
0 0.463698 0.204399 0.008495 0.005707
0 0.463698 0.208759 0.008495 0.002843
0 0.446378 0.208759 0.008495 0.002843
0 0.446378 0.204399 0.008495 0.005707
0 0.437717 0.205863 0.008495 0.008634
0 0.455038 0.205884 0.043466 0.008762
0 0.472359 0.205863 0.008495 0.008634
0 0.439717 0.146133 0.002959 0.001124
0 0.435227 0.147331 0.011939 0.001273
0 0.439717 0.147331 0.002629 0.001103
0 0.430737 0.147331 0.002629 0.001103
0 0.436762 0.147331 0.002950 0.001103
0 0.433669 0.147331 0.002906 0.001103
0 0.461486 0.142134 0.006186 0.005304
0 0.462970 0.142081 0.002804 0.005198
0 0.460001 0.142081 0.002804 0.005198
0 0.421786 0.341035 0.009278 0.003607
0 0.491418 0.738249 0.008606 0.004572
0 0.436864 0.729218 0.001237 0.002546
0 0.430678 0.729218 0.001237 0.002546
0 0.545197 0.723349 0.001237 0.002546
0 0.551383 0.723349 0.001237 0.002546
0 0.514674 0.751971 0.004130 0.001909
0 0.514674 0.749876 0.004130 0.001909
0 0.515705 0.737394 0.004130 0.001909
0 0.515705 0.735299 0.004130 0.001909
0 0.440285 0.686337 0.030930 0.002758
0 0.434347 0.689731 0.019053 0.002758
0 0.430796 0.688140 0.026154 0.006364
0 0.457193 0.690580 0.002887 0.005304
0 0.540085 0.686549 0.030930 0.002758
0 0.546023 0.689731 0.019053 0.002758
0 0.543651 0.688140 0.038062 0.006364
0 0.523176 0.690580 0.002887 0.005304
0 0.450842 0.690898 0.013939 0.005091
0 0.529527 0.690898 0.013939 0.005091
0 0.491418 0.575668 0.008606 0.004572
0 0.420575 0.549867 0.001650 0.013628
0 0.563342 0.283286 0.009278 0.003607
0 0.415523 0.550993 0.002268 0.019046
0 0.420282 0.098016 0.003712 0.001697
0 0.449072 0.030634 0.008248 0.004243
0 0.448042 0.031552 0.002062 0.001837
0 0.502765 0.015826 0.193018 0.003394
0 0.562133 0.029541 0.001443 0.003034
0 0.563865 0.037465 0.002268 0.004201
0 0.552930 0.480522 0.139944 0.019485
0 0.552930 0.452894 0.139944 0.019485
0 0.664706 0.735723 0.182587 0.028626
0 0.589040 0.733598 0.333921 0.041605
0 0.631509 0.653143 0.388878 0.190315
0 0.536924 0.746721 0.056633 0.002620
0 0.536924 0.726348 0.056633 0.002620
0 0.532888 0.548589 0.028940 0.002884
0 0.481407 0.747735 0.001521 0.001202
0 0.481957 0.740625 0.002621 0.008021
0 0.480441 0.587322 0.003453 0.005539
0 0.481407 0.578044 0.001521 0.008021
0 0.477592 0.454993 0.009425 0.002425
0 0.525470 0.703595 0.006778 0.009000
0 0.602658 0.136989 0.096304 0.003713
0 0.589140 0.157760 0.013856 0.005654
0 0.607245 0.152787 0.012128 0.005484
0 0.587476 0.210478 0.001320 0.021979
0 0.606884 0.198162 0.083955 0.002652
0 0.628239 0.161672 0.003712 0.001697
0 0.627105 0.140225 0.001443 0.002758
0 0.637820 0.708802 0.240938 0.005009
0 0.335975 0.576150 0.090908 0.009342
0 0.340135 0.655491 0.099227 0.149339
0 0.333026 0.511953 0.085011 0.137737
0 0.607401 0.758026 0.220060 0.018550
0 0.704343 0.690665 0.285384 0.043882
0 0.593592 0.964211 0.176412 0.071569
0 0.654560 0.743373 0.167673 0.018956
0 0.656584 0.588533 0.325801 0.007822
0 0.540464 0.576980 0.061307 0.002927
0 0.750437 0.559132 0.394205 0.038623
0 0.366797 0.717750 0.117983 0.018881
0 0.680787 0.785598 0.220126 0.138796
0 0.680192 0.878241 0.221315 0.046492
0 0.658764 0.576679 0.334369 0.019182
0 0.722440 0.610810 0.341849 0.030949
0 0.331090 0.655176 0.356766 0.149793
0 0.566261 0.570801 0.006402 0.001683
0 0.339524 0.433204 0.373633 0.294151
0 0.357147 0.585672 0.408879 0.010785
0 0.356986 0.574429 0.408558 0.011702
0 0.482566 0.657821 0.003093 0.001061
0 0.482566 0.656320 0.003093 0.001061
0 0.482566 0.510660 0.003093 0.001061
0 0.482566 0.383742 0.003093 0.001061
0 0.568593 0.701733 0.003161 0.002265
0 0.567607 0.569924 0.016196 0.045460
0 0.693060 0.630718 0.551775 0.130903
0 0.363932 0.700327 0.093303 0.014522
0 0.428511 0.485015 0.222460 0.416102
0 0.735318 0.230445 0.199515 0.024575
0 0.658295 0.414166 0.353561 0.342867
0 0.658621 0.494933 0.352908 0.504401
0 0.558781 0.277237 0.057577 0.004159
0 0.353262 0.448611 0.071962 0.488911
0 0.654615 0.196885 0.320423 0.036520
0 0.385751 0.208086 0.016850 0.001498
0 0.393468 0.208270 0.032286 0.001131
0 0.425931 0.018445 0.007328 0.001912
0 0.697334 0.545102 0.384207 0.080442
0 0.500316 0.458157 0.005787 0.002330
0 0.500290 0.455652 0.005838 0.007339
0 0.505930 0.455364 0.017118 0.007893
1 0.431618 0.155584 0.002062 0.001867
1 0.433680 0.155584 0.002062 0.001867
1 0.436773 0.155584 0.002062 0.001867
1 0.438835 0.155584 0.002062 0.001867
1 0.626261 0.205004 0.002474 0.002970
1 0.626261 0.213872 0.002474 0.002970
2 0.394191 0.205217 0.004124 0.002122
2 0.409759 0.205217 0.004124 0.002122
2 0.482204 0.215145 0.004536 0.004243
2 0.482204 0.214094 0.004206 0.001973
2 0.482204 0.216173 0.004206 0.002015
2 0.445140 0.213554 0.004124 0.002122
2 0.455038 0.213554 0.004124 0.002122
2 0.464935 0.213554 0.004124 0.002122
2 0.489760 0.215145 0.004536 0.004243
2 0.489760 0.214094 0.004206 0.001973
2 0.489760 0.216173 0.004206 0.002015
2 0.394191 0.214084 0.004124 0.002122
2 0.409759 0.214084 0.004124 0.002122
2 0.437804 0.154502 0.004536 0.004243
2 0.432649 0.154502 0.004536 0.004243
2 0.437804 0.153515 0.004206 0.002100
2 0.432649 0.153515 0.004206 0.002100
2 0.490185 0.732773 0.144169 0.057444
2 0.450529 0.747682 0.064857 0.027628
2 0.551218 0.762821 0.029526 0.001167
2 0.490185 0.570192 0.144169 0.057444
2 0.450529 0.585100 0.064857 0.027628
2 0.535021 0.594214 0.054496 0.009400
2 0.551218 0.600240 0.029526 0.001167
2 0.449808 0.457707 0.063416 0.027629
2 0.490185 0.442057 0.151592 0.061263
2 0.489959 0.468922 0.016886 0.005199
2 0.489959 0.452137 0.016886 0.018925
2 0.534256 0.274843 0.003547 0.002376
2 0.545391 0.274843 0.003547 0.002376
2 0.507863 0.283711 0.004206 0.002376
2 0.557081 0.031694 0.006186 0.005091
2 0.555637 0.032914 0.002887 0.002440
2 0.555637 0.030474 0.002887 0.002440
2 0.558524 0.032914 0.002887 0.002440
2 0.558524 0.030474 0.002887 0.002440
2 0.556668 0.022827 0.006186 0.005091
2 0.555225 0.024046 0.002887 0.002440
2 0.555225 0.021607 0.002887 0.002440
2 0.558112 0.024046 0.002887 0.002440
2 0.558112 0.021607 0.002887 0.002440
2 0.532877 0.031906 0.003712 0.005091
2 0.532877 0.033126 0.003299 0.002440
2 0.532877 0.030687 0.003299 0.002440
2 0.524873 0.031906 0.004124 0.005091
2 0.524873 0.033126 0.003712 0.002440
2 0.524873 0.030687 0.003712 0.002440
2 0.532877 0.023039 0.003712 0.005091
2 0.532877 0.024259 0.003299 0.002440
2 0.532877 0.021819 0.003299 0.002440
2 0.524873 0.023039 0.004124 0.005091
2 0.524873 0.024259 0.003712 0.002440
2 0.524873 0.021819 0.003712 0.002440
2 0.500447 0.022827 0.006186 0.005091
2 0.499003 0.024046 0.002887 0.002440
2 0.499003 0.021607 0.002887 0.002440
2 0.501890 0.024046 0.002887 0.002440
2 0.501890 0.021607 0.002887 0.002440
2 0.500447 0.031694 0.006186 0.005091
2 0.499003 0.032914 0.002887 0.002440
2 0.499003 0.030474 0.002887 0.002440
2 0.501890 0.032914 0.002887 0.002440
2 0.501890 0.030474 0.002887 0.002440
2 0.456898 0.022084 0.006186 0.005091
2 0.455454 0.023304 0.002887 0.002440
2 0.455454 0.020864 0.002887 0.002440
2 0.458341 0.023304 0.002887 0.002440
2 0.458341 0.020864 0.002887 0.002440
2 0.536795 0.031906 0.002887 0.005091
2 0.536795 0.033126 0.002474 0.002440
2 0.536795 0.030687 0.002474 0.002440
2 0.536795 0.023039 0.002887 0.005091
2 0.536795 0.024259 0.002474 0.002440
2 0.536795 0.021819 0.002474 0.002440
2 0.629903 0.484101 0.016886 0.013812
2 0.629903 0.476583 0.016886 0.028847
2 0.571156 0.145634 0.004536 0.004243
2 0.571156 0.144584 0.004206 0.001973
2 0.571156 0.146663 0.004206 0.002015
2 0.565555 0.145634 0.004536 0.004243
2 0.565555 0.144584 0.004206 0.001973
2 0.565555 0.146663 0.004206 0.002015
2 0.571156 0.154502 0.004536 0.004243
2 0.571156 0.153452 0.004206 0.001973
2 0.571156 0.155531 0.004206 0.002015
2 0.565555 0.154502 0.004536 0.004243
2 0.565555 0.153452 0.004206 0.001973
2 0.565555 0.155531 0.004206 0.002015
2 0.585383 0.154502 0.004536 0.004243
2 0.585383 0.153452 0.004206 0.001973
2 0.585383 0.155531 0.004206 0.002015
2 0.579738 0.154502 0.003555 0.004243
2 0.579820 0.153452 0.003390 0.001973
2 0.579820 0.155531 0.003390 0.002015
2 0.622260 0.153017 0.004536 0.005091
2 0.622157 0.154290 0.004330 0.002546
2 0.622157 0.151744 0.004330 0.002546
2 0.592383 0.205747 0.004536 0.003182
2 0.592383 0.214296 0.004536 0.002546
2 0.497422 0.930461 0.003505 0.002100
2 0.473482 0.208027 0.002083 0.001379
2 0.475565 0.208027 0.002083 0.001379
2 0.394191 0.207233 0.003794 0.001740
2 0.409759 0.207233 0.003794 0.001740
3 0.446196 0.142821 0.007423 0.002232
3 0.559512 0.330576 0.022218 0.002334
3 0.439034 0.328031 0.011135 0.002758
3 0.523987 0.328031 0.020372 0.002758
3 0.439652 0.329940 0.009897 0.002757
3 0.529225 0.329940 0.009897 0.002757
3 0.491010 0.792853 0.149943 0.058897
3 0.490185 0.537280 0.064907 0.006895
3 0.505548 0.601884 0.020618 0.004455
3 0.453773 0.587503 0.044126 0.022821
3 0.453773 0.459313 0.044126 0.022933
3 0.425616 0.272828 0.022218 0.002334
3 0.531578 0.270282 0.011135 0.002758
3 0.530959 0.272191 0.009897 0.002757
3 0.424638 0.020736 0.007629 0.002207
3 0.641439 0.473748 0.006186 0.008168
3 0.641439 0.484563 0.006186 0.003819
3 0.490164 0.757348 0.013176 0.006778
3 0.490164 0.753280 0.013176 0.006778
3 0.607290 0.155177 0.012619 0.004947
3 0.589103 0.160277 0.013032 0.005338
3 0.567012 0.570415 0.005774 0.043252
3 0.413358 0.563846 0.005774 0.014934
4 0.567607 0.569924 0.016196 0.045460
4 0.490185 0.537280 0.064907 0.006895
4 0.512692 0.580198 0.011290 0.020508
4 0.469301 0.725628 0.009231 0.018732
4 0.399270 0.206800 0.031380 0.004780
11 0.424905 0.920003 0.007423 0.003182
11 0.542062 0.920003 0.007423 0.003182
11 0.445140 0.218041 0.004124 0.006852
11 0.455038 0.218041 0.004124 0.006852
11 0.464935 0.218041 0.004124 0.006852
11 0.482204 0.219366 0.004536 0.004200
11 0.455038 0.205884 0.043466 0.008762
11 0.515885 0.205884 0.004124 0.008762
11 0.500317 0.205884 0.004124 0.008762
11 0.489760 0.205884 0.004536 0.008762
11 0.409759 0.205884 0.004124 0.008762
11 0.394191 0.205884 0.004124 0.008762
11 0.420316 0.205884 0.004536 0.008762
11 0.503910 0.144552 0.004124 0.010140
11 0.484776 0.144552 0.004124 0.010140
11 0.414669 0.146780 0.004124 0.005685
11 0.395535 0.146780 0.004124 0.005685
11 0.395535 0.156072 0.004124 0.009504
11 0.414669 0.156072 0.004124 0.009504
11 0.484776 0.156072 0.004124 0.009504
11 0.503910 0.156072 0.004124 0.009504
11 0.539949 0.343878 0.004536 0.009504
11 0.532113 0.343878 0.004536 0.009504
11 0.524278 0.343878 0.004536 0.009504
11 0.516442 0.343878 0.004536 0.009504
11 0.508607 0.343878 0.004536 0.009504
11 0.500771 0.343878 0.004536 0.009504
11 0.492936 0.343878 0.004536 0.009504
11 0.485100 0.343878 0.004536 0.009504
11 0.477265 0.343878 0.004536 0.009504
11 0.469429 0.343878 0.004536 0.009504
11 0.498451 0.810996 0.009691 0.012852
11 0.490185 0.548778 0.042374 0.014616
11 0.490185 0.421425 0.047322 0.015545
11 0.445179 0.286129 0.004536 0.009504
11 0.453014 0.286129 0.004536 0.009504
11 0.460850 0.286129 0.004536 0.009504
11 0.468685 0.286129 0.004536 0.009504
11 0.476521 0.286129 0.004536 0.009504
11 0.484356 0.286129 0.004536 0.009504
11 0.492192 0.286129 0.004536 0.009504
11 0.500027 0.286129 0.004536 0.009504
11 0.507863 0.286129 0.004536 0.009504
11 0.515698 0.286129 0.004536 0.009504
11 0.482344 0.759433 0.007071 0.003652
11 0.564150 0.750458 0.018948 0.012560
11 0.563603 0.739287 0.018948 0.012560
11 0.491715 0.754926 0.022296 0.008345
11 0.537044 0.711158 0.024889 0.002620
11 0.469301 0.725628 0.009231 0.018732
11 0.506283 0.562389 0.034137 0.006733
11 0.437263 0.560757 0.044294 0.011370
11 0.490185 0.899626 0.037301 0.014329
11 0.443240 0.715226 0.049042 0.021713
11 0.517095 0.710890 0.014423 0.004448
11 0.391489 0.571220 0.031915 0.004017
11 0.395825 0.733160 0.031915 0.004017
11 0.562480 0.736528 0.008288 0.004664
11 0.391489 0.443085 0.031915 0.004017
11 0.490798 0.747678 0.021489 0.007234
11 0.494982 0.455461 0.021585 0.008736
11 0.562329 0.713593 0.011859 0.005961
11 0.506046 0.711519 0.075332 0.014935
11 0.456184 0.211033 0.047053 0.009639
11 0.497620 0.929102 0.015532 0.007925
11 0.420050 0.909448 0.023804 0.012734
11 0.494233 0.944043 0.023820 0.012704
11 0.427585 0.560743 0.017733 0.005516
11 0.446865 0.560743 0.019589 0.005516
11 0.443240 0.552644 0.049042 0.021713
11 0.552991 0.556378 0.017321 0.014245
11 0.532697 0.556378 0.022030 0.014245
11 0.537130 0.587899 0.049042 0.021395
11 0.537130 0.570537 0.049042 0.012693
11 0.523624 0.721606 0.022030 0.008952
11 0.548454 0.722693 0.026393 0.006778
11 0.429338 0.730161 0.021238 0.006778
11 0.454168 0.730161 0.027185 0.006778
11 0.524981 0.730161 0.024744 0.006778
11 0.549811 0.730161 0.023680 0.006778
11 0.537130 0.740241 0.049042 0.012003
11 0.489865 0.721532 0.012578 0.004455
11 0.504330 0.721532 0.015114 0.004455
11 0.458261 0.331863 0.029429 0.008178
11 0.505132 0.332843 0.043163 0.007562
11 0.564936 0.736148 0.012602 0.009578
11 0.417871 0.716175 0.012310 0.005814
11 0.490695 0.593456 0.017574 0.011620
11 0.535395 0.579984 0.027765 0.004484
11 0.433698 0.729199 0.015821 0.004018
11 0.568118 0.900676 0.027945 0.010950
11 0.565142 0.715258 0.015446 0.007070
11 0.512692 0.580198 0.011290 0.020508
11 0.489793 0.584067 0.010318 0.004591
11 0.536436 0.594087 0.030160 0.005280
11 0.511702 0.730600 0.012302 0.010541
11 0.486073 0.343827 0.009377 0.006333
11 0.524498 0.344226 0.009377 0.006333
11 0.566820 0.589582 0.014297 0.005944
11 0.566820 0.570088 0.014297 0.005944
11 0.415454 0.589582 0.014297 0.005944
11 0.415351 0.570440 0.014297 0.005944
11 0.461201 0.286159 0.009377 0.006333
11 0.499939 0.286407 0.009377 0.006333
11 0.512771 0.581177 0.007037 0.008031
11 0.413161 0.563236 0.014626 0.019592
11 0.416926 0.714627 0.015726 0.022317
11 0.467920 0.588036 0.035560 0.008325
11 0.469037 0.747242 0.036302 0.005434
11 0.630788 0.214807 0.030070 0.031898
11 0.483706 0.455015 0.009088 0.005882
11 0.399270 0.206800 0.031380 0.004780
11 0.491587 0.216041 0.013712 0.005501
11 0.500372 0.585249 0.008753 0.004389
11 0.510531 0.574215 0.008753 0.004389
11 0.545708 0.455738 0.037325 0.004303
11 0.524285 0.449322 0.085343 0.025254
11 0.443240 0.715226 0.049042 0.021713
11 0.537130 0.587899 0.049042 0.021395
11 0.453773 0.459313 0.044126 0.022933
11 0.453773 0.587503 0.044126 0.022821
11 0.428497 0.791103 0.030278 0.059215
11 0.450426 0.748053 0.062177 0.026886
11 0.443240 0.552644 0.049042 0.021713
11 0.506046 0.711519 0.075332 0.014935
11 0.630788 0.214807 0.030070 0.031898
11 0.490185 0.421425 0.047322 0.015545
11 0.490185 0.548778 0.042374 0.014616
11 0.537130 0.570537 0.049042 0.012693
11 0.537130 0.740241 0.049042 0.012003
11 0.490185 0.420630 0.041136 0.013954
11 0.437263 0.560757 0.044294 0.011370
11 0.456184 0.211033 0.047053 0.009639
11 0.629903 0.476583 0.016886 0.028847
11 0.532697 0.556378 0.022030 0.014245
11 0.416926 0.714627 0.015726 0.022317
11 0.505132 0.332843 0.043163 0.007562
11 0.420050 0.909448 0.023804 0.012734
11 0.552991 0.556378 0.017321 0.014245
11 0.413161 0.563236 0.014626 0.019592
11 0.568118 0.900676 0.027945 0.010950
11 0.494233 0.944043 0.023820 0.012704
11 0.489959 0.452137 0.016886 0.018925
11 0.455038 0.205884 0.043466 0.008762
11 0.467920 0.588036 0.035560 0.008325
11 0.523624 0.721606 0.022030 0.008952
11 0.458261 0.331863 0.029429 0.008178
11 0.564150 0.750458 0.018948 0.012560
11 0.563603 0.739287 0.018948 0.012560
11 0.454168 0.730161 0.027185 0.006778
11 0.548454 0.722693 0.026393 0.006778
11 0.524981 0.730161 0.024744 0.006778
11 0.494982 0.455461 0.021585 0.008736
11 0.506283 0.562389 0.034137 0.006733
11 0.549811 0.730161 0.023680 0.006778
11 0.490695 0.593456 0.017574 0.011620
11 0.491715 0.754926 0.022296 0.008345
11 0.429338 0.730161 0.021238 0.006778
11 0.498451 0.810996 0.009691 0.012852
11 0.490798 0.747916 0.021489 0.006331
11 0.511702 0.730600 0.012302 0.010541
11 0.497620 0.929102 0.015532 0.007925
11 0.505548 0.601884 0.020618 0.004455
11 0.565142 0.715258 0.015446 0.007070
11 0.437717 0.205863 0.008495 0.008634
11 0.566820 0.589582 0.014297 0.005944
11 0.566820 0.570088 0.014297 0.005944
11 0.415351 0.570440 0.014297 0.005944
11 0.415454 0.589582 0.014297 0.005944
11 0.504330 0.721532 0.015114 0.004455
11 0.417871 0.716175 0.012310 0.005814
11 0.489865 0.721532 0.012578 0.004455
11 0.491587 0.216041 0.013712 0.005501
11 0.562329 0.713593 0.011859 0.005961
11 0.455038 0.204399 0.008495 0.005707
11 0.463698 0.204399 0.008495 0.005707
11 0.446378 0.204399 0.008495 0.005707
11 0.517095 0.710890 0.014423 0.004448
11 0.499939 0.286407 0.009377 0.006333
11 0.461201 0.286159 0.009377 0.006333
11 0.486073 0.343827 0.009377 0.006333
11 0.524498 0.344226 0.009377 0.006333
