0 0.358308 0.487066 0.697129 0.722331
0 0.383341 0.651364 0.090511 0.141059
0 0.418337 0.701550 0.175524 0.188893
0 0.391134 0.713693 0.001649 0.001239
0 0.372838 0.699841 0.001649 0.001239
0 0.404614 0.727376 0.001649 0.001239
0 0.411889 0.730705 0.001649 0.001239
0 0.483104 0.670228 0.003298 0.002478
0 0.434563 0.764742 0.003298 0.002478
0 0.456382 0.682466 0.003298 0.002478
0 0.471015 0.645491 0.003298 0.002478
0 0.440549 0.769258 0.024161 0.030337
0 0.394773 0.703895 0.001649 0.001239
0 0.380614 0.703400 0.001649 0.001239
0 0.400507 0.629190 0.001654 0.004592
0 0.406203 0.629668 0.014479 0.008703
0 0.403425 0.631958 0.007490 0.005208
0 0.401759 0.630155 0.009287 0.009143
0 0.411759 0.636303 0.001477 0.004566
0 0.442780 0.647980 0.014506 0.011860
0 0.446630 0.650298 0.001654 0.004592
0 0.442826 0.649990 0.007490 0.005208
0 0.441263 0.647555 0.010971 0.005158
0 0.434529 0.646724 0.002495 0.004100
0 0.422714 0.641779 0.023970 0.014257
0 0.409600 0.635524 0.004977 0.006187
0 0.436681 0.647137 0.006336 0.004003
0 0.449001 0.651383 0.001654 0.004592
0 0.448281 0.655735 0.004903 0.013613
0 0.398136 0.628105 0.001654 0.004592
0 0.395962 0.631790 0.004903 0.013613
0 0.416002 0.692368 0.003298 0.002478
0 0.414417 0.697608 0.003298 0.002478
0 0.417592 0.688369 0.003298 0.002478
0 0.386199 0.684587 0.003298 0.002478
0 0.394769 0.733149 0.001649 0.001239
1 0.092981 0.021308 0.179680 0.035536
1 0.049505 0.279546 0.015655 0.069583
1 0.446062 0.194531 0.008029 0.004920
1 0.396042 0.382928 0.017577 0.049513
1 0.361577 0.463619 0.017998 0.079034
1 0.665186 0.239051 0.042223 0.018352
1 0.363738 0.701825 0.016900 0.064534
1 0.392276 0.736059 0.006180 0.010578
1 0.392810 0.679072 0.030200 0.011488
1 0.398896 0.757696 0.032217 0.007590
2 0.438526 0.246389 0.028266 0.031862
2 0.461072 0.188505 0.006281 0.007080
2 0.407052 0.740170 0.040829 0.046023
2 0.374203 0.725136 0.040829 0.046023
2 0.405367 0.633906 0.037688 0.042483
2 0.441126 0.650271 0.037688 0.042483
2 0.490562 0.584670 0.037688 0.042483
2 0.389381 0.584210 0.037688 0.042483
3 0.362681 0.730308 0.002796 0.001691
3 0.401425 0.632619 0.009718 0.004543
3 0.395096 0.634505 0.003026 0.008316
3 0.443852 0.652036 0.009777 0.004476
3 0.447212 0.658366 0.003056 0.008282
3 0.411781 0.709961 0.018077 0.008273
3 0.375026 0.738346 0.010476 0.004794
3 0.403496 0.703733 0.001506 0.004182
3 0.395818 0.718859 0.069879 0.063503
3 0.420229 0.715738 0.001181 0.003280
3 0.377956 0.678252 0.002619 0.001199
3 0.378133 0.677760 0.002619 0.001199
3 0.375703 0.680272 0.002242 0.006224
3 0.375892 0.683984 0.002619 0.001199
