0 0.050968 0.357056 0.006921 0.007918
0 0.050968 0.474558 0.006921 0.007918
0 0.050968 0.595575 0.006921 0.007918
0 0.063272 0.401769 0.006921 0.007918
0 0.063272 0.547499 0.006921 0.007918
0 0.051738 0.631602 0.006921 0.007918
0 0.042616 0.377907 0.006921 0.007918
0 0.037233 0.377907 0.006921 0.007918
0 0.031850 0.377907 0.006921 0.007918
0 0.165578 0.274074 0.006921 0.007918
0 0.163245 0.477834 0.006921 0.007918
0 0.163245 0.570616 0.006921 0.007918
0 0.176011 0.634406 0.006921 0.007918
0 0.175550 0.348122 0.006921 0.007918
0 0.180933 0.346797 0.006921 0.007918
0 0.180862 0.629589 0.006921 0.007918
0 0.191834 0.377907 0.006921 0.007918
0 0.186450 0.377907 0.006921 0.007918
0 0.181067 0.377907 0.006921 0.007918
0 0.273985 0.273959 0.006921 0.007918
0 0.273985 0.478557 0.006921 0.007918
0 0.273985 0.591460 0.006921 0.007918
0 0.286289 0.235715 0.006921 0.007918
0 0.291672 0.228787 0.006921 0.007918
0 0.286289 0.345903 0.006921 0.007918
0 0.296177 0.343311 0.006921 0.007918
0 0.286289 0.537286 0.006921 0.007918
0 0.291708 0.530984 0.006921 0.007918
0 0.267289 0.377907 0.006921 0.007918
0 0.261906 0.377907 0.006921 0.007918
0 0.256522 0.377907 0.006921 0.007918
0 0.489676 0.377907 0.006921 0.007918
0 0.625083 0.377907 0.006921 0.007918
0 0.707900 0.377907 0.006921 0.007918
0 0.827682 0.442978 0.006921 0.007918
0 0.827682 0.590704 0.006921 0.007918
0 0.838090 0.341350 0.006921 0.007918
0 0.839986 0.537031 0.006921 0.007918
0 0.845369 0.530103 0.006921 0.007918
0 0.819398 0.377907 0.006921 0.007918
0 0.814015 0.377907 0.006921 0.007918
0 0.808632 0.377907 0.006921 0.007918
0 0.059107 0.272651 0.006921 0.007918
0 0.170662 0.272558 0.006921 0.007918
0 0.281664 0.276224 0.006921 0.007918
0 0.369744 0.274856 0.006921 0.007918
0 0.613688 0.274856 0.006921 0.007918
0 0.705644 0.274856 0.006921 0.007918
0 0.812835 0.274856 0.006921 0.007918
0 0.854344 0.274523 0.006921 0.007918
0 0.103737 0.252857 0.006921 0.007918
0 0.093184 0.243619 0.006921 0.007918
0 0.216769 0.253421 0.006921 0.007918
0 0.319970 0.256429 0.006921 0.007918
0 0.447004 0.255062 0.006921 0.007918
0 0.541921 0.255062 0.006921 0.007918
0 0.854954 0.257587 0.006921 0.007918
0 0.853186 0.248350 0.006921 0.007918
0 0.565523 0.286274 0.006921 0.007918
0 0.565523 0.295511 0.006921 0.007918
0 0.565523 0.304749 0.006921 0.007918
0 0.869209 0.442978 0.006921 0.007918
0 0.869209 0.593811 0.006921 0.007918
0 0.881513 0.537031 0.006921 0.007918
0 0.886896 0.530103 0.006921 0.007918
0 0.896811 0.377907 0.006921 0.007918
0 0.891428 0.377907 0.006921 0.007918
0 0.902194 0.377907 0.006921 0.007918
0 0.886044 0.377907 0.006921 0.007918
0 0.280867 0.421320 0.006921 0.007918
0 0.392186 0.421320 0.006921 0.007918
0 0.485088 0.421320 0.006921 0.007918
0 0.613663 0.421320 0.006921 0.007918
0 0.706905 0.421320 0.006921 0.007918
0 0.779095 0.402845 0.006921 0.007918
0 0.843512 0.402845 0.006921 0.007918
0 0.565523 0.379714 0.006921 0.007918
0 0.565523 0.388951 0.006921 0.007918
0 0.565523 0.398188 0.006921 0.007918
0 0.058869 0.475424 0.006921 0.007918
0 0.172078 0.475424 0.006921 0.007918
0 0.282625 0.475424 0.006921 0.007918
0 0.373085 0.475424 0.006921 0.007918
0 0.483769 0.475424 0.006921 0.007918
0 0.615326 0.475424 0.006921 0.007918
0 0.705612 0.475424 0.006921 0.007918
0 0.800881 0.475424 0.006921 0.007918
0 0.858298 0.475424 0.006921 0.007918
0 0.095258 0.454310 0.006921 0.007918
0 0.336681 0.454310 0.006921 0.007918
0 0.446500 0.454310 0.006921 0.007918
0 0.541945 0.454310 0.006921 0.007918
0 0.668268 0.454310 0.006921 0.007918
0 0.778467 0.454310 0.006921 0.007918
0 0.845833 0.454310 0.006921 0.007918
0 0.565523 0.433848 0.006921 0.007918
0 0.565523 0.443085 0.006921 0.007918
0 0.565523 0.452323 0.006921 0.007918
0 0.060621 0.620934 0.006921 0.007918
0 0.138179 0.621809 0.006921 0.007918
0 0.266226 0.626977 0.006921 0.007918
0 0.393152 0.621809 0.006921 0.007918
0 0.481580 0.621809 0.006921 0.007918
0 0.615345 0.621809 0.006921 0.007918
0 0.725656 0.621809 0.006921 0.007918
0 0.815694 0.621809 0.006921 0.007918
0 0.859100 0.629314 0.006921 0.007918
0 0.336900 0.602015 0.006921 0.007918
0 0.446873 0.603023 0.006921 0.007918
0 0.541297 0.603023 0.006921 0.007918
0 0.652037 0.602730 0.006921 0.007918
0 0.778397 0.602145 0.006921 0.007918
0 0.845254 0.610026 0.006921 0.007918
0 0.838525 0.602198 0.006921 0.007918
0 0.565523 0.570523 0.006921 0.007918
0 0.565523 0.587484 0.006921 0.007918
0 0.565523 0.596721 0.006921 0.007918
0 0.128688 0.445617 0.006921 0.007918
0 0.122268 0.377907 0.006921 0.007918
0 0.116885 0.377907 0.006921 0.007918
0 0.111502 0.377907 0.006921 0.007918
0 0.058879 0.356939 0.006921 0.007918
0 0.113480 0.336620 0.006921 0.007918
0 0.073839 0.316198 0.006921 0.007918
0 0.073126 0.325435 0.006921 0.007918
0 0.073839 0.306960 0.006921 0.007918
0 0.073839 0.334673 0.006921 0.007918
0 0.146134 0.225953 0.006921 0.007918
0 0.146134 0.235190 0.006921 0.007918
0 0.146134 0.244428 0.006921 0.007918
0 0.330123 0.444544 0.006921 0.007918
0 0.340890 0.237364 0.006921 0.007918
0 0.340890 0.537912 0.006921 0.007918
0 0.340890 0.629952 0.006921 0.007918
0 0.319145 0.377907 0.006921 0.007918
0 0.314150 0.377907 0.006921 0.007918
0 0.308767 0.377907 0.006921 0.007918
0 0.565523 0.196984 0.006921 0.007918
0 0.565523 0.206221 0.006921 0.007918
0 0.565523 0.215458 0.006921 0.007918
0 0.152027 0.656212 0.006921 0.007918
0 0.372127 0.656212 0.006921 0.007918
0 0.565523 0.663402 0.006921 0.007918
0 0.565523 0.672640 0.006921 0.007918
0 0.565523 0.681877 0.006921 0.007918
0 0.119411 0.537361 0.006921 0.007918
0 0.102289 0.539264 0.006921 0.007918
0 0.096906 0.539264 0.006921 0.007918
0 0.091523 0.539264 0.006921 0.007918
0 0.230150 0.342783 0.006921 0.007918
0 0.230150 0.621460 0.006921 0.007918
0 0.243076 0.377907 0.006921 0.007918
0 0.237693 0.377907 0.006921 0.007918
0 0.232309 0.377907 0.006921 0.007918
0 0.455151 0.377908 0.006921 0.007918
0 0.548581 0.377907 0.006921 0.007918
0 0.655715 0.377907 0.006921 0.007918
0 0.766010 0.377907 0.006921 0.007918
0 0.027848 0.319963 0.006921 0.007918
0 0.096340 0.377907 0.006921 0.007918
0 0.090957 0.377907 0.006921 0.007918
0 0.085574 0.377907 0.006921 0.007918
0 0.874116 0.177929 0.006921 0.007918
0 0.868733 0.177929 0.006921 0.007918
0 0.863350 0.177929 0.006921 0.007918
0 0.116912 0.602015 0.006921 0.007918
0 0.206490 0.602015 0.006921 0.007918
0 0.565523 0.579050 0.006921 0.007918
0 0.565523 0.426060 0.006921 0.007918
0 0.224735 0.454310 0.006921 0.007918
0 0.565523 0.278437 0.006921 0.007918
0 0.670144 0.255062 0.006921 0.007918
0 0.780548 0.255062 0.006921 0.007918
0 0.838950 0.238917 0.006921 0.007918
0 0.067952 0.543480 0.006921 0.007918
0 0.291512 0.317934 0.006921 0.007918
0 0.507768 0.235715 0.006921 0.007918
0 0.513151 0.228787 0.006921 0.007918
0 0.397028 0.537286 0.006921 0.007918
0 0.402447 0.530984 0.006921 0.007918
0 0.397028 0.632677 0.006921 0.007918
0 0.401706 0.631764 0.006921 0.007918
0 0.840355 0.635691 0.006921 0.007918
0 0.845097 0.632442 0.006921 0.007918
0 0.823724 0.377907 0.006921 0.007918
0 0.330123 0.591167 0.006921 0.007918
0 0.374536 0.363243 0.006921 0.007918
0 0.485783 0.363243 0.006921 0.007918
0 0.614230 0.363243 0.006921 0.007918
0 0.706437 0.363243 0.006921 0.007918
0 0.565523 0.323634 0.006921 0.007918
0 0.565523 0.332871 0.006921 0.007918
0 0.565523 0.342108 0.006921 0.007918
0 0.154060 0.529516 0.006921 0.007918
0 0.264305 0.529516 0.006921 0.007918
0 0.375044 0.529516 0.006921 0.007918
0 0.485783 0.529516 0.006921 0.007918
0 0.614566 0.529516 0.006921 0.007918
0 0.707203 0.529516 0.006921 0.007918
0 0.565523 0.487167 0.006921 0.007918
0 0.565523 0.496404 0.006921 0.007918
0 0.565523 0.505641 0.006921 0.007918
0 0.175550 0.555482 0.006921 0.007918
0 0.180933 0.534468 0.006921 0.007918
0 0.186316 0.548324 0.006921 0.007918
0 0.230150 0.542168 0.006921 0.007918
0 0.340890 0.337452 0.006921 0.007918
0 0.844345 0.325828 0.006921 0.007918
0 0.844345 0.335065 0.006921 0.007918
0 0.844345 0.344303 0.006921 0.007918
0 0.881513 0.351222 0.006921 0.007918
0 0.086733 0.217476 0.006921 0.007918
0 0.081350 0.217476 0.006921 0.007918
0 0.075967 0.217476 0.006921 0.007918
0 0.869209 0.276397 0.006921 0.007918
0 0.827682 0.275656 0.006921 0.007918
0 0.844345 0.486721 0.006921 0.007918
0 0.844345 0.495958 0.006921 0.007918
0 0.844345 0.505195 0.006921 0.007918
0 0.063272 0.632574 0.006921 0.007918
0 0.067925 0.632340 0.006921 0.007918
0 0.119411 0.625256 0.006921 0.007918
0 0.108645 0.624192 0.006921 0.007918
0 0.163245 0.629572 0.006921 0.007918
0 0.273985 0.236668 0.006921 0.007918
0 0.329593 0.276447 0.006921 0.007918
0 0.479827 0.274856 0.006921 0.007918
0 0.827682 0.241845 0.006921 0.007918
0 0.219384 0.476216 0.006921 0.007918
0 0.118071 0.665904 0.006921 0.007918
0 0.118071 0.675142 0.006921 0.007918
0 0.118071 0.684379 0.006921 0.007918
0 0.223710 0.656212 0.006921 0.007918
0 0.308349 0.656212 0.006921 0.007918
0 0.127099 0.289380 0.006921 0.007918
0 0.384724 0.273959 0.006921 0.007918
0 0.384724 0.484038 0.006921 0.007918
0 0.384724 0.591215 0.006921 0.007918
0 0.385626 0.236668 0.006921 0.007918
0 0.376855 0.377907 0.006921 0.007918
0 0.371472 0.377907 0.006921 0.007918
0 0.366089 0.377907 0.006921 0.007918
0 0.397028 0.330459 0.006921 0.007918
0 0.402251 0.309589 0.006921 0.007918
0 0.406917 0.329162 0.006921 0.007918
0 0.037933 0.226903 0.006921 0.007918
0 0.037675 0.235288 0.006921 0.007918
0 0.036780 0.217785 0.006921 0.007918
0 0.038130 0.243443 0.006921 0.007918
0 0.038130 0.301184 0.006921 0.007918
0 0.219384 0.625367 0.006921 0.007918
0 0.329593 0.239574 0.006921 0.007918
0 0.329593 0.623973 0.006921 0.007918
0 0.384724 0.629987 0.006921 0.007918
0 0.827682 0.629231 0.006921 0.007918
0 0.850229 0.535456 0.006921 0.007918
0 0.139568 0.425717 0.006921 0.007918
0 0.139568 0.434954 0.006921 0.007918
0 0.139568 0.444191 0.006921 0.007918
0 0.402412 0.228787 0.006921 0.007918
0 0.397028 0.235715 0.006921 0.007918
0 0.234778 0.336080 0.006921 0.007918
0 0.018872 0.285918 0.006921 0.007918
0 0.013489 0.285918 0.006921 0.007918
0 0.008106 0.285918 0.006921 0.007918
0 0.023477 0.285918 0.006921 0.007918
0 0.219384 0.274493 0.006921 0.007918
0 0.219384 0.584208 0.006921 0.007918
0 0.283536 0.637870 0.006921 0.007918
0 0.278153 0.637870 0.006921 0.007918
0 0.272770 0.637870 0.006921 0.007918
0 0.300455 0.637870 0.006921 0.007918
0 0.841401 0.594800 0.006921 0.007918
0 0.842582 0.446120 0.006921 0.007918
0 0.853186 0.240206 0.006921 0.007918
0 0.050968 0.328014 0.006921 0.007918
0 0.050968 0.273539 0.006921 0.007918
0 0.067652 0.398141 0.006921 0.007918
0 0.109378 0.475907 0.006921 0.007918
0 0.108645 0.592453 0.006921 0.007918
0 0.860204 0.382170 0.006921 0.007918
