0 0.855671 0.913341 0.002486 0.002940
0 0.862133 0.913341 0.002486 0.002940
0 0.862133 0.906285 0.002486 0.002940
0 0.855671 0.906285 0.002486 0.002940
0 0.539482 0.983371 0.001094 0.027516
0 0.869165 0.984703 0.001094 0.030456
0 0.880585 0.998226 0.001118 0.001764
0 0.255036 0.992886 0.012998 0.001293
0 0.249233 0.981497 0.001094 0.026176
0 0.523900 0.826490 0.003480 0.007055
0 0.523900 0.816495 0.033803 0.001176
0 0.530753 0.821746 0.002531 0.009147
0 0.579873 0.826490 0.003480 0.007055
0 0.579873 0.816495 0.039769 0.001176
0 0.586726 0.821746 0.002531 0.009147
0 0.325536 0.976067 0.001094 0.015316
0 0.288226 0.976067 0.001094 0.015316
0 0.236992 0.412637 0.001491 0.001764
0 0.249619 0.400789 0.006363 0.001508
0 0.249619 0.399889 0.006363 0.001508
0 0.256206 0.400811 0.003331 0.001508
0 0.256206 0.399867 0.003331 0.001508
0 0.261326 0.400820 0.002933 0.001508
0 0.261326 0.399858 0.002933 0.001508
0 0.268922 0.400845 0.002257 0.001508
0 0.268922 0.399832 0.002257 0.001508
0 0.244411 0.398336 0.001243 0.003162
0 0.245233 0.398336 0.001243 0.003162
0 0.273377 0.423455 0.003671 0.002422
0 0.273377 0.422445 0.003671 0.002422
0 0.244444 0.406939 0.001243 0.009340
0 0.315868 0.333126 0.015535 0.002940
0 0.244511 0.333126 0.015535 0.002940
0 0.245199 0.406939 0.001243 0.009340
0 0.273377 0.410080 0.003671 0.001887
0 0.273377 0.409118 0.003671 0.001887
0 0.261066 0.300147 0.003728 0.002940
0 0.288537 0.299559 0.002237 0.001764
0 0.109903 0.250715 0.002738 0.002085
0 0.109903 0.248363 0.002738 0.002085
0 0.109903 0.246011 0.002738 0.002085
0 0.109903 0.243660 0.002738 0.002085
0 0.109903 0.241308 0.002738 0.002085
0 0.170823 0.262638 0.002661 0.001518
0 0.012321 0.374868 0.008052 0.001764
0 0.004156 0.344083 0.001094 0.012817
0 0.530635 0.549044 0.002657 0.002134
0 0.541944 0.549044 0.002657 0.002134
0 0.553253 0.549044 0.002657 0.002134
0 0.553253 0.532140 0.002657 0.002134
0 0.530635 0.532140 0.002657 0.002134
0 0.541944 0.532140 0.002657 0.002134
0 0.530635 0.515237 0.002657 0.002134
0 0.541944 0.515237 0.002657 0.002134
0 0.553253 0.515237 0.002657 0.002134
0 0.534404 0.474589 0.004971 0.005880
0 0.534404 0.474589 0.001682 0.005203
0 0.534404 0.474589 0.004399 0.001989
0 0.615605 0.510789 0.005965 0.004410
0 0.632011 0.510789 0.005965 0.004410
0 0.637479 0.542391 0.003728 0.008819
0 0.610138 0.542391 0.003728 0.008819
0 0.642212 0.465051 0.002983 0.006467
0 0.642709 0.471319 0.001524 0.015959
0 0.619929 0.474038 0.001273 0.005065
0 0.884635 0.137974 0.006013 0.007112
0 0.881814 0.137974 0.006013 0.007112
0 0.885631 0.141092 0.003704 0.005798
0 0.881814 0.134638 0.006013 0.007112
0 0.884635 0.134638 0.006013 0.007112
0 0.931214 0.156596 0.002889 0.008364
0 0.931140 0.152443 0.004668 0.002047
0 0.911873 0.155124 0.008080 0.001648
0 0.848726 0.155533 0.052196 0.006174
0 0.853893 0.548438 0.002657 0.002134
0 0.869179 0.548438 0.002657 0.002134
0 0.884465 0.548438 0.002657 0.002134
0 0.853893 0.532563 0.002657 0.002134
0 0.869179 0.532563 0.002657 0.002134
0 0.884465 0.532563 0.002657 0.002134
0 0.853893 0.516248 0.002657 0.002134
0 0.869179 0.516248 0.002657 0.002134
0 0.884465 0.516248 0.002657 0.002134
0 0.853893 0.499932 0.002657 0.002134
0 0.869179 0.499932 0.002657 0.002134
0 0.884465 0.499932 0.002657 0.002134
0 0.853893 0.484056 0.002657 0.002134
0 0.869179 0.484056 0.002657 0.002134
0 0.884465 0.484056 0.002657 0.002134
0 0.846740 0.436518 0.006214 0.007349
0 0.936975 0.548438 0.002657 0.002134
0 0.952261 0.548438 0.002657 0.002134
0 0.967547 0.548438 0.002657 0.002134
0 0.936975 0.532563 0.002657 0.002134
0 0.952261 0.532563 0.002657 0.002134
0 0.967547 0.532563 0.002657 0.002134
0 0.936975 0.516248 0.002657 0.002134
0 0.952261 0.516248 0.002657 0.002134
0 0.967547 0.516248 0.002657 0.002134
0 0.936975 0.499932 0.002657 0.002134
0 0.952261 0.499932 0.002657 0.002134
0 0.967547 0.499932 0.002657 0.002134
0 0.936975 0.484056 0.002657 0.002134
0 0.952261 0.484056 0.002657 0.002134
0 0.967548 0.484056 0.002657 0.002134
0 0.964211 0.436518 0.006214 0.007349
0 0.947204 0.380833 0.005965 0.004410
0 0.932540 0.322918 0.003728 0.007055
0 0.971287 0.261744 0.002983 0.006467
0 0.971784 0.268012 0.001524 0.015959
0 0.949004 0.270730 0.001273 0.005065
0 0.834709 0.294790 0.005646 0.008127
0 0.835046 0.297658 0.001243 0.002390
0 0.242754 0.428689 0.002078 0.003357
0 0.242292 0.429435 0.002078 0.003357
0 0.326618 0.387156 0.004723 0.048633
0 0.109903 0.238956 0.002738 0.002085
0 0.218182 0.158004 0.012303 0.011245
0 0.240169 0.160098 0.012303 0.015434
0 0.264860 0.158004 0.018704 0.011245
0 0.293140 0.160098 0.018704 0.015434
0 0.317129 0.158261 0.009942 0.011759
0 0.219052 0.121590 0.010564 0.014552
0 0.241716 0.121590 0.008202 0.014552
0 0.241716 0.124289 0.007631 0.003081
0 0.241716 0.118891 0.007631 0.003081
0 0.262634 0.119458 0.008699 0.010289
0 0.284623 0.118724 0.007457 0.008819
0 0.310250 0.120193 0.015535 0.011759
0 0.299378 0.490041 0.041557 0.051553
0 0.240829 0.355102 0.004492 0.002134
0 0.239912 0.365450 0.002657 0.002134
0 0.239912 0.375798 0.002657 0.002134
0 0.239912 0.386146 0.002657 0.002134
0 0.239912 0.391273 0.002657 0.002134
0 0.262966 0.355102 0.004484 0.002134
0 0.262968 0.365448 0.004480 0.002134
0 0.263168 0.375796 0.004081 0.002134
0 0.263041 0.386147 0.004335 0.002134
0 0.262995 0.391273 0.004425 0.002134
0 0.280073 0.396494 0.004799 0.002134
0 0.297430 0.375796 0.004517 0.002134
0 0.297334 0.365450 0.004326 0.002134
0 0.297391 0.355102 0.004440 0.002134
0 0.297341 0.386149 0.004339 0.002134
0 0.288671 0.396494 0.004496 0.002134
0 0.297386 0.403735 0.004430 0.002134
0 0.297353 0.414082 0.004364 0.002134
0 0.297338 0.424430 0.004333 0.002134
0 0.319863 0.355102 0.003868 0.002134
0 0.319698 0.365450 0.004198 0.002134
0 0.320468 0.414082 0.002657 0.002134
0 0.319510 0.429557 0.004572 0.002134
0 0.280038 0.429013 0.004729 0.003224
0 0.287852 0.413065 0.004487 0.002134
0 0.286937 0.424261 0.002657 0.002134
0 0.288703 0.428993 0.004584 0.003263
0 0.297323 0.428993 0.004302 0.003263
0 0.279136 0.424261 0.004542 0.002134
0 0.279146 0.413065 0.004562 0.002134
0 0.279849 0.407853 0.005968 0.003899
0 0.246134 0.397459 0.002127 0.001407
0 0.251753 0.397459 0.002127 0.001407
0 0.265596 0.397459 0.002127 0.001407
0 0.265596 0.401317 0.002127 0.001407
0 0.268857 0.401625 0.002127 0.002034
0 0.251753 0.401317 0.002127 0.001407
0 0.243275 0.421053 0.002127 0.001407
0 0.246134 0.421053 0.002127 0.001407
0 0.243275 0.410905 0.002127 0.001407
0 0.246134 0.410905 0.002127 0.001407
0 0.247630 0.403941 0.002384 0.003356
0 0.247630 0.418097 0.002384 0.001407
0 0.261051 0.418097 0.002384 0.001407
0 0.273231 0.418097 0.002384 0.001407
0 0.261051 0.403941 0.002384 0.003356
0 0.273231 0.403941 0.002384 0.003356
0 0.261051 0.433428 0.002384 0.001407
0 0.273231 0.433428 0.002384 0.001407
0 0.247630 0.433428 0.002384 0.001407
0 0.243108 0.451833 0.002127 0.001945
0 0.234643 0.451833 0.002127 0.001945
0 0.234643 0.469765 0.002127 0.001945
0 0.243108 0.469765 0.002127 0.001945
0 0.270455 0.475604 0.002127 0.001945
0 0.279601 0.475604 0.002127 0.001945
0 0.270455 0.460960 0.002127 0.001945
0 0.279601 0.460960 0.002127 0.001945
0 0.270455 0.446314 0.002127 0.001945
0 0.279601 0.446314 0.002127 0.001945
0 0.287107 0.447803 0.002127 0.001945
0 0.295141 0.447803 0.002127 0.001945
0 0.306565 0.447803 0.002127 0.001945
0 0.317988 0.453682 0.002127 0.001945
0 0.326066 0.453682 0.002127 0.001945
0 0.284309 0.511191 0.002127 0.001945
0 0.288659 0.511191 0.002127 0.001945
0 0.295121 0.511191 0.002127 0.001945
0 0.302081 0.511191 0.002127 0.001945
0 0.307549 0.511191 0.002127 0.001945
0 0.314508 0.511191 0.002127 0.001945
0 0.295121 0.503242 0.002127 0.001945
0 0.302081 0.503242 0.002127 0.001945
0 0.307549 0.503242 0.002127 0.001945
0 0.314508 0.503242 0.002127 0.001945
0 0.284309 0.495146 0.002127 0.001945
0 0.288659 0.495146 0.002127 0.001945
0 0.295121 0.496775 0.002127 0.001945
0 0.302081 0.496775 0.002127 0.001945
0 0.307549 0.496775 0.002127 0.001945
0 0.314508 0.496775 0.002127 0.001945
0 0.295121 0.490307 0.002127 0.001945
0 0.302081 0.490307 0.002127 0.001945
0 0.307549 0.490307 0.002127 0.001945
0 0.314508 0.490307 0.002127 0.001945
0 0.295121 0.486003 0.002127 0.001945
0 0.302081 0.486003 0.002127 0.001945
0 0.307549 0.486003 0.002127 0.001945
0 0.314508 0.486003 0.002127 0.001945
0 0.295121 0.472092 0.002127 0.001945
0 0.302081 0.472092 0.002127 0.001945
0 0.307549 0.472092 0.002127 0.001945
0 0.314508 0.472092 0.002127 0.001945
0 0.238100 0.340856 0.002215 0.003102
0 0.247192 0.466056 0.002127 0.001945
0 0.255657 0.466056 0.002127 0.001945
0 0.247192 0.448124 0.002127 0.001945
0 0.255657 0.448124 0.002127 0.001945
0 0.287815 0.406965 0.004874 0.002134
0 0.239050 0.410905 0.002127 0.001407
0 0.239050 0.428460 0.002127 0.001407
0 0.242778 0.428460 0.002127 0.001407
0 0.239050 0.433422 0.002127 0.001407
0 0.319698 0.375798 0.004198 0.002134
0 0.319698 0.386146 0.004198 0.002134
0 0.319698 0.396494 0.004198 0.002134
0 0.319698 0.403735 0.004198 0.002134
0 0.320468 0.424430 0.002657 0.002134
0 0.284782 0.401190 0.001156 0.002322
0 0.287581 0.405136 0.001305 0.001029
0 0.287797 0.403418 0.004874 0.002134
0 0.238100 0.333507 0.002215 0.003102
0 0.262283 0.340856 0.002215 0.003102
0 0.262283 0.333507 0.002215 0.003102
0 0.282043 0.340856 0.002215 0.003102
0 0.282043 0.333507 0.002215 0.003102
0 0.301803 0.340850 0.002215 0.003102
0 0.301803 0.333501 0.002215 0.003102
0 0.325986 0.340856 0.002215 0.003102
0 0.325986 0.333507 0.002215 0.003102
0 0.343621 0.322484 0.001094 0.012229
0 0.331624 0.322484 0.001094 0.012229
0 0.340313 0.328581 0.001755 0.001022
0 0.331013 0.313229 0.002237 0.001764
0 0.344523 0.312935 0.001491 0.001176
1 0.883397 0.136295 0.003452 0.003696
2 0.851943 0.933847 0.001243 0.001470
2 0.867229 0.933847 0.001243 0.001470
2 0.882515 0.933847 0.001243 0.001470
2 0.851943 0.869465 0.001243 0.001470
2 0.867229 0.869465 0.001243 0.001470
2 0.882515 0.869465 0.001243 0.001470
2 0.851943 0.885341 0.001243 0.001470
2 0.867229 0.885341 0.001243 0.001470
2 0.882515 0.885341 0.001243 0.001470
2 0.851943 0.901656 0.001243 0.001470
2 0.867229 0.901656 0.001243 0.001470
2 0.882515 0.901656 0.001243 0.001470
2 0.851943 0.917972 0.001243 0.001470
2 0.867229 0.917972 0.001243 0.001470
2 0.882515 0.917972 0.001243 0.001470
2 0.851943 0.546636 0.001243 0.001470
2 0.867229 0.546636 0.001243 0.001470
2 0.882515 0.546636 0.001243 0.001470
2 0.851943 0.482254 0.001243 0.001470
2 0.867229 0.482254 0.001243 0.001470
2 0.882515 0.482254 0.001243 0.001470
2 0.851943 0.498130 0.001243 0.001470
2 0.867229 0.498130 0.001243 0.001470
2 0.882515 0.498130 0.001243 0.001470
2 0.851943 0.514446 0.001243 0.001470
2 0.867229 0.514446 0.001243 0.001470
2 0.882515 0.514446 0.001243 0.001470
2 0.851943 0.530761 0.001243 0.001470
2 0.867229 0.530761 0.001243 0.001470
2 0.882515 0.530761 0.001243 0.001470
2 0.935025 0.546636 0.001243 0.001470
2 0.950311 0.546636 0.001243 0.001470
2 0.965598 0.546636 0.001243 0.001470
2 0.935025 0.482254 0.001243 0.001470
2 0.950311 0.482254 0.001243 0.001470
2 0.965598 0.482254 0.001243 0.001470
2 0.935025 0.498130 0.001243 0.001470
2 0.950311 0.498130 0.001243 0.001470
2 0.965598 0.498130 0.001243 0.001470
2 0.935025 0.514446 0.001243 0.001470
2 0.950311 0.514446 0.001243 0.001470
2 0.965598 0.514446 0.001243 0.001470
2 0.935025 0.530761 0.001243 0.001470
2 0.950311 0.530761 0.001243 0.001470
2 0.965598 0.530761 0.001243 0.001470
2 0.851943 0.377893 0.001243 0.001470
2 0.867229 0.377893 0.001243 0.001470
2 0.882515 0.377893 0.001243 0.001470
2 0.851943 0.313511 0.001243 0.001470
2 0.867229 0.313511 0.001243 0.001470
2 0.882515 0.313511 0.001243 0.001470
2 0.851943 0.329387 0.001243 0.001470
2 0.867229 0.329387 0.001243 0.001470
2 0.882515 0.329387 0.001243 0.001470
2 0.851943 0.345703 0.001243 0.001470
2 0.867229 0.345703 0.001243 0.001470
2 0.882515 0.345703 0.001243 0.001470
2 0.851943 0.362019 0.001243 0.001470
2 0.867229 0.362019 0.001243 0.001470
2 0.882515 0.362019 0.001243 0.001470
2 0.935025 0.377893 0.001243 0.001470
2 0.950311 0.377893 0.001243 0.001470
2 0.965598 0.377893 0.001243 0.001470
2 0.935025 0.313511 0.001243 0.001470
2 0.950311 0.313511 0.001243 0.001470
2 0.965598 0.313511 0.001243 0.001470
2 0.935025 0.329387 0.001243 0.001470
2 0.950311 0.329387 0.001243 0.001470
2 0.965598 0.329387 0.001243 0.001470
2 0.935025 0.345703 0.001243 0.001470
2 0.950311 0.345703 0.001243 0.001470
2 0.965598 0.345703 0.001243 0.001470
2 0.935025 0.362019 0.001243 0.001470
2 0.950311 0.362019 0.001243 0.001470
2 0.965598 0.362019 0.001243 0.001470
4 0.579873 0.821787 0.037780 0.009407
4 0.523900 0.821787 0.031815 0.009407
4 0.901456 0.212312 0.021127 0.006174
11 0.618296 0.897017 0.004350 0.008819
11 0.550964 0.978961 0.007954 0.002352
11 0.542783 0.978756 0.003458 0.002383
11 0.523900 0.821787 0.031815 0.009407
11 0.523900 0.826490 0.003480 0.007055
11 0.523900 0.840165 0.009544 0.005174
11 0.527327 0.828804 0.004262 0.003665
11 0.533619 0.821840 0.012415 0.008959
11 0.579873 0.821787 0.037780 0.009407
11 0.579873 0.826490 0.003480 0.007055
11 0.579873 0.840165 0.009544 0.005174
11 0.583300 0.828804 0.004262 0.003665
11 0.589595 0.821840 0.012423 0.008959
11 0.240845 0.777165 0.004474 0.004410
11 0.311457 0.777165 0.004474 0.004410
11 0.336397 0.978934 0.007954 0.002352
11 0.299086 0.976141 0.007954 0.002352
11 0.221455 0.903191 0.004350 0.008819
11 0.221416 0.865648 0.004767 0.003160
11 0.297483 0.877252 0.041557 0.051553
11 0.187010 0.592574 0.018830 0.015602
11 0.305958 0.442350 0.042812 0.020718
11 0.273219 0.459104 0.010637 0.031054
11 0.251424 0.458944 0.006338 0.019696
11 0.238875 0.458944 0.006338 0.019696
11 0.280190 0.361714 0.022482 0.019857
11 0.280190 0.340986 0.089377 0.021600
11 0.253306 0.413657 0.043813 0.038136
11 0.623808 0.530485 0.023613 0.034983
11 0.639467 0.551146 0.016235 0.006926
11 0.642212 0.465051 0.002983 0.006467
11 0.607682 0.474960 0.013388 0.003774
11 0.621366 0.474961 0.002954 0.002872
11 0.898401 0.157616 0.002796 0.007349
11 0.911873 0.153316 0.008080 0.002740
11 0.929612 0.139316 0.004912 0.001863
11 0.932938 0.130288 0.001575 0.005632
11 0.901456 0.212312 0.021127 0.006174
11 0.828093 0.105346 0.005841 0.006614
11 0.866127 0.105346 0.005841 0.006614
11 0.828093 0.032614 0.005841 0.006614
11 0.866127 0.032614 0.005841 0.006614
11 0.950311 0.345702 0.031815 0.065852
11 0.958682 0.381012 0.010791 0.005355
11 0.971287 0.261744 0.002983 0.006467
11 0.936757 0.271653 0.013388 0.003774
11 0.950441 0.271654 0.002954 0.002872
11 0.853185 0.370147 0.002237 0.004498
11 0.853185 0.364848 0.002237 0.004336
11 0.853185 0.332217 0.002237 0.004336
11 0.853185 0.337545 0.002237 0.004557
11 0.853185 0.342873 0.002237 0.004336
11 0.828571 0.293395 0.003353 0.004070
11 0.233761 0.383888 0.004723 0.021402
11 0.299378 0.490041 0.041557 0.051553
11 0.297483 0.877252 0.041557 0.051553
11 0.187010 0.592574 0.018830 0.015602
11 0.293140 0.160098 0.018704 0.015434
11 0.264860 0.158004 0.018704 0.011245
11 0.240169 0.160098 0.012303 0.015434
11 0.310250 0.120193 0.015535 0.011759
11 0.219052 0.121590 0.010564 0.014552
11 0.218182 0.158004 0.012303 0.011245
11 0.241716 0.121590 0.008202 0.014552
11 0.317129 0.158261 0.009942 0.011759
11 0.262634 0.119458 0.008699 0.010289
11 0.284623 0.118724 0.007457 0.008819
11 0.846740 0.436518 0.006214 0.007349
11 0.964211 0.436518 0.006214 0.007349
