0 0.399234 0.549759 0.009513 0.831767
0 0.497241 0.519974 0.251382 0.011416
0 0.497241 0.513785 0.251382 0.011416
0 0.191399 0.391206 0.011518 0.013816
0 0.152410 0.400140 0.007775 0.021180
0 0.191399 0.570607 0.011518 0.013816
0 0.152502 0.579758 0.008025 0.021614
0 0.191399 0.750008 0.011518 0.013816
0 0.462555 0.379318 0.024522 0.011967
0 0.482024 0.379309 0.022341 0.005750
0 0.504572 0.389544 0.011518 0.013816
0 0.434498 0.411515 0.011518 0.013816
0 0.516741 0.400330 0.006380 0.021559
0 0.491434 0.568945 0.011518 0.013816
0 0.436130 0.590916 0.011518 0.013816
0 0.516586 0.580006 0.006535 0.022109
0 0.491434 0.750520 0.011518 0.012729
0 0.436130 0.770317 0.011518 0.013816
0 0.846527 0.594707 0.015365 0.046789
0 0.846527 0.401810 0.015365 0.019428
0 0.775668 0.572207 0.011518 0.012729
0 0.775668 0.392806 0.011518 0.012729
0 0.464484 0.978689 0.013590 0.026095
1 0.318918 0.586726 0.105263 0.010873
11 0.174035 0.447302 0.184503 0.632214
