0 0.178873 0.016903 0.038593 0.033781
0 0.061399 0.630312 0.087008 0.126462
0 0.158205 0.879363 0.006633 0.006248
0 0.021701 0.620724 0.002653 0.002499
0 0.037557 0.584766 0.002653 0.002499
0 0.036754 0.666798 0.002985 0.002812
0 0.036762 0.689041 0.004422 0.004166
0 0.072098 0.689133 0.004422 0.004166
0 0.076584 0.793143 0.117063 0.193632
0 0.159192 0.846431 0.004422 0.004166
0 0.191536 0.846522 0.004422 0.004166
0 0.185008 0.709007 0.078753 0.283851
0 0.148516 0.705391 0.002653 0.002499
0 0.155446 0.691651 0.002653 0.002499
0 0.157978 0.686782 0.002985 0.002812
0 0.148584 0.816125 0.002653 0.002499
0 0.156615 0.816445 0.002653 0.002499
0 0.155598 0.728138 0.002653 0.002499
0 0.157633 0.770730 0.002653 0.002499
0 0.148319 0.757425 0.002653 0.002499
0 0.157903 0.705375 0.002653 0.002499
0 0.148516 0.656385 0.002653 0.002499
0 0.237901 0.846431 0.004422 0.004166
0 0.270244 0.846522 0.004422 0.004166
0 0.265795 0.709007 0.082909 0.283851
0 0.227386 0.717100 0.002653 0.002499
0 0.239727 0.833272 0.002653 0.002499
0 0.237074 0.826289 0.001990 0.001875
0 0.239590 0.803139 0.002653 0.002499
0 0.240690 0.773910 0.002653 0.002499
0 0.227043 0.614088 0.002653 0.002499
0 0.236865 0.584818 0.002653 0.002499
0 0.163087 0.720280 0.326155 0.358662
0 0.034603 0.610725 0.002653 0.002499
0 0.036454 0.604859 0.002985 0.002812
0 0.160355 0.701418 0.002985 0.002812
0 0.160486 0.681529 0.002985 0.002812
0 0.238864 0.579970 0.002985 0.002812
0 0.238690 0.819666 0.002985 0.002812
0 0.237951 0.786401 0.002985 0.002812
0 0.238873 0.608638 0.002985 0.002812
0 0.239899 0.790630 0.001990 0.001875
0 0.235392 0.766430 0.002985 0.002812
0 0.238237 0.612593 0.002985 0.002812
0 0.227510 0.582227 0.002653 0.002499
0 0.239383 0.618325 0.002653 0.002499
0 0.236615 0.816430 0.001990 0.001875
0 0.237216 0.781702 0.001990 0.001875
0 0.241816 0.766422 0.001990 0.001875
0 0.237408 0.604437 0.001990 0.001875
0 0.237249 0.575413 0.001990 0.001875
0 0.034550 0.631458 0.002985 0.002812
0 0.034487 0.626943 0.002985 0.002812
0 0.033372 0.672189 0.002653 0.002499
0 0.033456 0.636440 0.002653 0.002499
0 0.148169 0.752572 0.002653 0.002499
0 0.164496 0.327376 0.326155 0.358662
0 0.132242 0.495590 0.006633 0.006248
0 0.007686 0.468068 0.006633 0.006248
0 0.240690 0.750191 0.002653 0.002499
0 0.235392 0.742711 0.002985 0.002812
0 0.241816 0.742703 0.001990 0.001875
0 0.237763 0.736709 0.001990 0.001875
0 0.281095 0.748344 0.001658 0.001562
0 0.239590 0.714351 0.002653 0.002499
0 0.237951 0.697613 0.002985 0.002812
0 0.239899 0.701842 0.001990 0.001875
0 0.237216 0.692914 0.001990 0.001875
0 0.238757 0.688139 0.001990 0.001875
0 0.156868 0.336041 0.006230 0.005249
0 0.156868 0.310791 0.006230 0.005249
0 0.156648 0.311053 0.003316 0.003124
0 0.156068 0.336047 0.003316 0.003124
0 0.136796 0.264250 0.006230 0.005249
0 0.136796 0.241324 0.006230 0.005249
0 0.136831 0.264240 0.003316 0.003124
0 0.135998 0.241313 0.003316 0.003124
0 0.272911 0.213247 0.006230 0.005249
0 0.251300 0.213009 0.006230 0.005249
0 0.273037 0.213381 0.003316 0.003124
0 0.251426 0.213143 0.003316 0.003124
0 0.011504 0.159230 0.002786 0.003937
0 0.012164 0.159230 0.002164 0.002039
0 0.014796 0.159123 0.003487 0.003285
0 0.168764 0.281596 0.002786 0.003937
0 0.169424 0.281596 0.002164 0.002039
0 0.172055 0.281489 0.003487 0.003285
0 0.136018 0.223291 0.002786 0.003937
0 0.136678 0.223291 0.002164 0.002039
0 0.139309 0.223184 0.003487 0.003285
0 0.182768 0.223291 0.002786 0.003937
0 0.183428 0.223291 0.002164 0.002039
0 0.186059 0.223184 0.003487 0.003285
0 0.260176 0.161892 0.003487 0.003285
0 0.256724 0.161999 0.002786 0.003937
0 0.257384 0.161999 0.002164 0.002039
0 0.159584 0.161892 0.003487 0.003285
0 0.156132 0.161999 0.002786 0.003937
0 0.156792 0.161999 0.002164 0.002039
0 0.255001 0.281596 0.002786 0.003937
0 0.255661 0.281596 0.002164 0.002039
0 0.258292 0.281489 0.003487 0.003285
0 0.132366 0.358961 0.006633 0.006248
0 0.007417 0.244803 0.006633 0.006248
0 0.152477 0.264805 0.002653 0.003749
0 0.152477 0.251433 0.002653 0.004849
0 0.153167 0.251433 0.001273 0.004399
0 0.155572 0.264805 0.002653 0.003749
0 0.155572 0.251433 0.002653 0.004849
0 0.154882 0.251433 0.001273 0.004399
0 0.253793 0.331196 0.001326 0.003133
0 0.184755 0.264250 0.006230 0.005249
0 0.184755 0.241324 0.006230 0.005249
0 0.184790 0.264240 0.003316 0.003124
0 0.183957 0.241313 0.003316 0.003124
0 0.200436 0.264805 0.002653 0.003749
0 0.200436 0.251433 0.002653 0.004849
0 0.201126 0.251433 0.001273 0.004399
0 0.203531 0.264805 0.002653 0.003749
0 0.203531 0.251433 0.002653 0.004849
0 0.202842 0.251433 0.001273 0.004399
0 0.022667 0.274530 0.002786 0.003937
0 0.023307 0.274530 0.002144 0.002020
0 0.025959 0.274423 0.003487 0.003285
0 0.081286 0.274474 0.002786 0.003937
0 0.081946 0.274474 0.002164 0.002039
0 0.084577 0.274367 0.003487 0.003285
0 0.086372 0.318612 0.003316 0.003124
0 0.094295 0.318612 0.003316 0.003124
0 0.100486 0.318612 0.003316 0.003124
0 0.111094 0.319393 0.001658 0.001562
0 0.112340 0.318612 0.003316 0.003124
0 0.030380 0.312679 0.003316 0.003124
0 0.037893 0.312679 0.003316 0.003124
0 0.029884 0.326279 0.003316 0.003124
0 0.037212 0.326279 0.003316 0.003124
0 0.030030 0.316940 0.003316 0.003124
0 0.037953 0.316940 0.003316 0.003124
0 0.044143 0.316940 0.003316 0.003124
0 0.054413 0.317721 0.001658 0.001562
0 0.055659 0.316940 0.003316 0.003124
0 0.029884 0.321735 0.003316 0.003124
0 0.036617 0.321735 0.003316 0.003124
0 0.086318 0.309935 0.003316 0.003124
0 0.093645 0.309935 0.003316 0.003124
0 0.007417 0.359074 0.006633 0.006248
0 0.239590 0.681685 0.002653 0.002499
0 0.237951 0.664947 0.002985 0.002812
0 0.239899 0.669176 0.001990 0.001875
0 0.237216 0.660248 0.001990 0.001875
0 0.293251 0.702540 0.001658 0.001562
0 0.236982 0.655529 0.001990 0.001875
0 0.256666 0.649019 0.003316 0.003124
0 0.259651 0.649019 0.003316 0.003124
0 0.263814 0.649019 0.003316 0.003124
0 0.274058 0.649019 0.003316 0.003124
0 0.278613 0.649019 0.003316 0.003124
0 0.256967 0.642573 0.003316 0.003124
0 0.263700 0.642573 0.003316 0.003124
0 0.256867 0.655563 0.003316 0.003124
0 0.266312 0.655563 0.003316 0.003124
0 0.256082 0.681677 0.003316 0.003124
0 0.256408 0.675162 0.003316 0.003124
0 0.256631 0.668489 0.003316 0.003124
0 0.256717 0.629629 0.003316 0.003124
0 0.264045 0.629629 0.003316 0.003124
0 0.256801 0.636115 0.003316 0.003124
0 0.263534 0.636115 0.003316 0.003124
0 0.286403 0.649612 0.001658 0.001562
0 0.256689 0.662115 0.003316 0.003124
0 0.238106 0.823409 0.001990 0.001875
0 0.003199 0.924131 0.017436 0.016425
0 0.513108 0.900915 0.017436 0.016425
0 0.158960 0.659429 0.002653 0.002499
0 0.160439 0.655876 0.002985 0.002812
0 0.160491 0.652272 0.001990 0.001875
0 0.177683 0.661318 0.003316 0.003124
0 0.177477 0.668262 0.003316 0.003124
0 0.158960 0.633296 0.002653 0.002499
0 0.160439 0.629742 0.002985 0.002812
0 0.158344 0.626154 0.001990 0.001875
0 0.177683 0.635185 0.003316 0.003124
0 0.177477 0.642129 0.003316 0.003124
0 0.614834 0.751897 0.154583 0.168468
0 0.670034 0.678621 0.044183 0.021917
0 0.615225 0.475186 0.154583 0.168899
0 0.671586 0.401695 0.041862 0.021917
0 0.591105 0.733535 0.006582 0.053605
0 0.657902 0.411960 0.030761 0.008142
0 0.686760 0.842104 0.040428 0.294996
0 0.659269 0.853302 0.095410 0.272601
0 0.649707 0.723007 0.114535 0.533191
0 0.682438 0.702817 0.049073 0.573572
0 0.672716 0.690919 0.041446 0.004043
0 0.665992 0.493285 0.065638 0.008926
0 0.717133 0.716163 0.088835 0.454682
0 0.705831 0.819669 0.111439 0.247671
0 0.670395 0.413409 0.054059 0.011941
0 0.832982 0.701890 0.279087 0.576962
0 0.669805 0.690616 0.054059 0.011941
2 0.170053 0.327225 0.001061 0.001500
2 0.177990 0.320508 0.001769 0.002499
2 0.185927 0.327225 0.001061 0.001500
3 0.035248 0.833262 0.003316 0.003124
3 0.037001 0.762930 0.003316 0.003124
4 0.662504 0.793197 0.057472 0.018980
4 0.662504 0.734680 0.057472 0.018980
11 0.246585 0.312713 0.003537 0.009667
11 0.250565 0.312696 0.004422 0.009634
11 0.246585 0.349825 0.003537 0.009379
11 0.250565 0.349698 0.004422 0.009634
11 0.244051 0.324829 0.007545 0.004863
11 0.244051 0.319972 0.007545 0.004851
11 0.251139 0.338820 0.006633 0.012122
11 0.252864 0.338820 0.003184 0.010997
11 0.251139 0.323574 0.006633 0.012122
11 0.252864 0.323574 0.003184 0.010997
11 0.662504 0.793197 0.057472 0.018980
11 0.662504 0.734680 0.057472 0.018980
11 0.666546 0.689431 0.030906 0.010351
11 0.592239 0.446736 0.009770 0.037291
11 0.622574 0.716748 0.041825 0.032571
11 0.643066 0.691213 0.014090 0.009241
11 0.557856 0.447439 0.051389 0.028435
11 0.557856 0.447439 0.051389 0.028435
11 0.622574 0.716748 0.041825 0.032571
11 0.592239 0.446736 0.009770 0.037291
