0 0.399767 0.395552 0.063506 0.100933
0 0.419216 0.395552 0.007938 0.013922
0 0.843723 0.732479 0.003681 0.018133
0 0.849796 0.726209 0.003681 0.005595
0 0.125463 0.423975 0.001250 0.004277
0 0.419216 0.409474 0.007938 0.013922
0 0.160481 0.341562 0.022891 0.034282
0 0.419216 0.423396 0.007938 0.013922
1 0.123829 0.201120 0.003969 0.026103
1 0.122935 0.201120 0.001786 0.024363
1 0.124722 0.201120 0.001786 0.024363
1 0.145063 0.201120 0.003969 0.026103
1 0.144170 0.201120 0.001786 0.024363
1 0.145957 0.201120 0.001786 0.024363
3 0.211437 0.305425 0.002381 0.006961
3 0.212120 0.152285 0.002381 0.006961
3 0.151790 0.703724 0.002337 0.006832
3 0.151790 0.692012 0.002337 0.006832
3 0.115799 0.468949 0.002381 0.006961
3 0.108404 0.400071 0.002381 0.006961
3 0.117976 0.285159 0.002381 0.006961
3 0.132974 0.469609 0.002381 0.006961
3 0.152732 0.438044 0.002381 0.006961
3 0.155667 0.469609 0.002381 0.006961
3 0.559424 0.724915 0.002977 0.008701
3 0.846326 0.516857 0.002977 0.008701
3 0.107411 0.553956 0.002977 0.008701
3 0.106674 0.538294 0.002977 0.008701
3 0.121750 0.538294 0.002977 0.008701
3 0.138733 0.538294 0.002977 0.008701
3 0.106674 0.506448 0.002977 0.008701
3 0.106674 0.490786 0.002977 0.008701
3 0.205913 0.804548 0.002977 0.008701
3 0.205913 0.665852 0.002977 0.008701
3 0.207313 0.524895 0.002977 0.008701
4 0.501090 0.422570 0.076892 0.055339
5 0.557195 0.818887 0.002977 0.008701
5 0.609504 0.818887 0.002977 0.008701
5 0.558024 0.803225 0.002977 0.008701
5 0.568897 0.803225 0.002977 0.008701
5 0.558024 0.787563 0.002977 0.008701
5 0.558024 0.771901 0.002977 0.008701
5 0.371449 0.140132 0.002977 0.008701
5 0.018082 0.411815 0.002977 0.008701
5 0.253297 0.757562 0.002977 0.008701
5 0.250153 0.741900 0.002977 0.008701
5 0.205902 0.712838 0.002977 0.008701
5 0.205913 0.697176 0.002977 0.008701
5 0.205913 0.681514 0.002977 0.008701
5 0.205913 0.650190 0.002977 0.008701
5 0.264469 0.650190 0.002977 0.008701
5 0.215499 0.415261 0.002977 0.008701
5 0.205913 0.727630 0.002977 0.008701
6 0.142067 0.843034 0.002977 0.008701
6 0.105655 0.587717 0.002977 0.008701
6 0.207313 0.509233 0.002977 0.008701
9 0.105641 0.116291 0.002977 0.008701
11 0.579370 0.305840 0.042784 0.113923
11 0.581206 0.176272 0.047904 0.088377
11 0.830129 0.743751 0.003681 0.040678
11 0.836692 0.738626 0.003681 0.030428
11 0.235119 0.250871 0.058877 0.254072
11 0.850678 0.566009 0.045645 0.281916
11 0.579345 0.305840 0.042835 0.113923
11 0.581206 0.176272 0.047904 0.088377
