2 0.022882 0.963726 0.008514 0.017006
2 0.011621 0.973894 0.008994 0.043539
2 0.020728 0.942055 0.008514 0.017006
2 0.020718 0.921709 0.008514 0.017006
2 0.020691 0.903939 0.008514 0.017006
2 0.125053 0.963726 0.008514 0.017006
2 0.113791 0.973894 0.008994 0.043539
2 0.227223 0.963726 0.008514 0.017006
2 0.215962 0.973894 0.008994 0.043539
2 0.329394 0.963726 0.008514 0.017006
2 0.318132 0.973894 0.008994 0.043539
2 0.431564 0.963726 0.008514 0.017006
2 0.420303 0.973894 0.008994 0.043539
2 0.533735 0.963726 0.008514 0.017006
2 0.522473 0.973894 0.008994 0.043539
2 0.635906 0.963726 0.008514 0.017006
2 0.624644 0.973894 0.008994 0.043539
2 0.697612 0.963726 0.008514 0.017006
2 0.708597 0.973894 0.008994 0.043539
2 0.697444 0.394024 0.008514 0.017006
2 0.708597 0.404193 0.008994 0.043539
2 0.635906 0.394024 0.008514 0.017006
2 0.624644 0.404193 0.008994 0.043539
2 0.533735 0.394024 0.008514 0.017006
2 0.522473 0.404193 0.008994 0.043539
2 0.431564 0.394024 0.008514 0.017006
2 0.420303 0.404193 0.008994 0.043539
2 0.329394 0.394024 0.008514 0.017006
2 0.318132 0.404193 0.008994 0.043539
2 0.227223 0.394024 0.008514 0.017006
2 0.215962 0.404193 0.008994 0.043539
2 0.774971 0.967977 0.008514 0.017006
2 0.763709 0.978146 0.008994 0.043539
2 0.772816 0.946306 0.008514 0.017006
2 0.774971 0.729893 0.008514 0.017006
2 0.763709 0.740061 0.008994 0.043539
2 0.774971 0.394024 0.008514 0.017006
2 0.763709 0.404193 0.008994 0.043539
2 0.889913 0.967977 0.008514 0.017006
2 0.878651 0.978146 0.008994 0.043539
2 0.887758 0.946306 0.008514 0.017006
2 0.994921 0.967977 0.008514 0.017006
2 0.983660 0.978146 0.008994 0.043539
2 0.994921 0.729893 0.008514 0.017006
2 0.983660 0.740061 0.008994 0.043539
2 0.994921 0.457797 0.008514 0.017006
2 0.983660 0.467965 0.008994 0.043539
2 0.889913 0.457797 0.008514 0.017006
2 0.878651 0.467965 0.008994 0.043539
2 0.889913 0.729893 0.008514 0.017006
2 0.878651 0.740061 0.008994 0.043539
2 0.022882 0.729893 0.008514 0.017006
2 0.011621 0.740061 0.008994 0.043539
2 0.125053 0.729893 0.008514 0.017006
2 0.113791 0.740061 0.008994 0.043539
2 0.122888 0.668118 0.008514 0.017006
2 0.122861 0.650348 0.008514 0.017006
2 0.122898 0.705946 0.008514 0.017006
2 0.227223 0.729893 0.008514 0.017006
2 0.215962 0.740061 0.008994 0.043539
2 0.225069 0.705445 0.008514 0.017006
2 0.329394 0.729892 0.008514 0.017006
2 0.318132 0.740060 0.008994 0.043539
2 0.431564 0.729893 0.008514 0.017006
2 0.420303 0.740061 0.008994 0.043539
2 0.533735 0.729893 0.008514 0.017006
2 0.522473 0.740061 0.008994 0.043539
2 0.698099 0.729893 0.008514 0.017006
2 0.710016 0.740061 0.008994 0.043539
2 0.635906 0.729893 0.008514 0.017006
2 0.624644 0.740061 0.008994 0.043539
2 0.021151 0.389773 0.008514 0.017006
2 0.011621 0.397815 0.008994 0.039287
2 0.123273 0.389773 0.008514 0.017006
2 0.113791 0.397815 0.008994 0.039287
2 0.022882 0.538576 0.008514 0.017006
2 0.011621 0.548744 0.008994 0.043539
2 0.225069 0.942055 0.008514 0.017006
2 0.225059 0.921709 0.008514 0.017006
2 0.225032 0.903939 0.008514 0.017006
2 0.327239 0.705443 0.008514 0.017006
2 0.020728 0.368903 0.008514 0.017006
2 0.020691 0.350773 0.008514 0.017006
2 0.020728 0.496820 0.008514 0.017006
2 0.020718 0.476474 0.008514 0.017006
2 0.020691 0.458704 0.008514 0.017006
2 0.020728 0.514628 0.008514 0.017006
2 0.772816 0.708222 0.008514 0.017006
2 0.772816 0.928226 0.008514 0.017006
2 0.122888 0.685857 0.008514 0.017006
2 0.225147 0.667930 0.008514 0.017006
2 0.225120 0.650160 0.008514 0.017006
2 0.225147 0.685670 0.008514 0.017006
2 0.327700 0.667946 0.008514 0.017006
2 0.327674 0.650177 0.008514 0.017006
2 0.327700 0.685686 0.008514 0.017006
