1 0.092418 0.767801 0.002646 0.005713
1 0.172182 0.122238 0.003739 0.010339
1 0.153766 0.136502 0.004974 0.013752
1 0.146145 0.079837 0.002673 0.007391
1 0.010404 0.931484 0.003444 0.009523
1 0.603864 0.767799 0.002646 0.005713
1 0.683628 0.122235 0.003739 0.010339
1 0.665212 0.136499 0.004974 0.013752
1 0.657592 0.079834 0.002673 0.007391
1 0.521850 0.931481 0.003444 0.009523
2 0.164160 0.119810 0.001440 0.003983
2 0.171263 0.119738 0.001455 0.004023
2 0.090964 0.897719 0.001722 0.004761
2 0.675606 0.119807 0.001440 0.003983
2 0.682709 0.119736 0.001455 0.004023
2 0.602410 0.897716 0.001722 0.004761
3 0.076218 0.251875 0.018081 0.049994
3 0.099560 0.251875 0.018081 0.049994
3 0.587664 0.251873 0.018081 0.049994
3 0.611006 0.251873 0.018081 0.049994
11 0.099568 0.251781 0.010646 0.029437
11 0.611015 0.251778 0.010646 0.029437
