0 0.485987 0.909593 0.005325 0.002939
0 0.451942 0.788320 0.005325 0.002939
0 0.346081 0.830515 0.005325 0.002939
0 0.757873 0.918285 0.005275 0.002795
0 0.763148 0.915490 0.005275 0.002795
0 0.768423 0.912695 0.005275 0.002795
0 0.773697 0.909899 0.005275 0.002795
0 0.778972 0.907104 0.005275 0.002795
0 0.784247 0.904308 0.005275 0.002795
0 0.789522 0.901513 0.005275 0.002795
0 0.794796 0.898718 0.005275 0.002795
0 0.800071 0.895922 0.005275 0.002795
0 0.805346 0.893127 0.005275 0.002795
0 0.810621 0.890331 0.005275 0.002795
0 0.815895 0.887536 0.005275 0.002795
0 0.821170 0.884741 0.005275 0.002795
0 0.826445 0.881945 0.005275 0.002795
0 0.844298 0.879150 0.030431 0.002795
0 0.862151 0.876354 0.005275 0.002795
0 0.867426 0.873559 0.005275 0.002795
0 0.872700 0.870764 0.005275 0.002795
0 0.877975 0.867968 0.005275 0.002795
0 0.883250 0.865173 0.005275 0.002795
0 0.888525 0.862377 0.005275 0.002795
0 0.893799 0.859582 0.005275 0.002795
0 0.899074 0.856787 0.005275 0.002795
0 0.904349 0.853991 0.005275 0.002795
0 0.909624 0.851196 0.005275 0.002795
0 0.914898 0.848400 0.005275 0.002795
0 0.920173 0.845605 0.005275 0.002795
0 0.925448 0.842810 0.005275 0.002795
0 0.930723 0.840014 0.005275 0.002795
0 0.935997 0.837219 0.005275 0.002795
0 0.830100 0.877194 0.231385 0.088338
0 0.792060 0.894185 0.074043 0.039240
0 0.895970 0.852449 0.073306 0.038849
0 0.734091 0.705118 0.005275 0.003224
0 0.739366 0.701893 0.005275 0.003224
0 0.744640 0.698669 0.005275 0.003224
0 0.749915 0.695444 0.005275 0.003224
0 0.755190 0.692220 0.005275 0.003224
0 0.760465 0.688995 0.005275 0.003224
0 0.765739 0.685771 0.005275 0.003224
0 0.771014 0.682546 0.005275 0.003224
0 0.776289 0.679322 0.005275 0.003224
0 0.781564 0.676097 0.005275 0.003224
0 0.786838 0.672873 0.005275 0.003224
0 0.792113 0.669648 0.005275 0.003224
0 0.809966 0.666424 0.030431 0.003224
0 0.827819 0.663199 0.005275 0.003224
0 0.833094 0.659975 0.005275 0.003224
0 0.838369 0.656750 0.005275 0.003224
0 0.843643 0.653526 0.005275 0.003224
0 0.848918 0.650301 0.005275 0.003224
0 0.854193 0.647077 0.005275 0.003224
0 0.859468 0.643852 0.005275 0.003224
0 0.864742 0.640628 0.005275 0.003224
0 0.870017 0.637403 0.005275 0.003224
0 0.875292 0.634179 0.005275 0.003224
0 0.880567 0.630954 0.005275 0.003224
0 0.915664 0.627730 0.064920 0.003224
0 0.764904 0.684153 0.068162 0.044761
0 0.853974 0.644785 0.059665 0.043412
0 0.947110 0.626957 0.002029 0.001679
0 0.376616 0.816056 0.005325 0.002939
0 0.782624 0.939745 0.063297 0.041832
0 0.859919 0.957344 0.093323 0.003275
0 0.780534 0.949867 0.005325 0.002939
0 0.738174 0.975524 0.033332 0.006886
0 0.879769 0.094908 0.036923 0.020573
0 0.844063 0.106664 0.034489 0.002939
0 0.862220 0.096126 0.070803 0.023008
0 0.879769 0.143234 0.036923 0.023176
0 0.897673 0.142940 0.074151 0.023764
0 0.146224 0.341780 0.292368 0.155561
0 0.165319 0.107581 0.294413 0.029962
0 0.247131 0.258721 0.458038 0.272320
0 0.291824 0.178073 0.547423 0.111024
1 0.758848 0.155351 0.004058 0.016577
2 0.432142 0.637281 0.209661 0.058696
2 0.427365 0.747722 0.211599 0.024343
2 0.466645 0.626834 0.004527 0.002498
2 0.466950 0.630529 0.005137 0.002835
2 0.466645 0.632425 0.004527 0.002498
2 0.406614 0.344783 0.043517 0.036024
2 0.415643 0.331648 0.004527 0.002498
2 0.415948 0.335344 0.005137 0.002835
2 0.415643 0.337239 0.004527 0.002498
2 0.844063 0.174975 0.030431 0.040306
2 0.836962 0.184422 0.014201 0.019733
2 0.836962 0.164688 0.014201 0.019733
2 0.851164 0.184422 0.014201 0.019733
2 0.851164 0.164688 0.014201 0.019733
2 0.468510 0.869079 0.299974 0.224090
2 0.403205 0.163157 0.043517 0.036024
2 0.412235 0.150023 0.004527 0.002498
2 0.412540 0.153718 0.005137 0.002835
2 0.412235 0.155613 0.004527 0.002498
2 0.798359 0.441567 0.004527 0.002498
2 0.798664 0.445262 0.005137 0.002835
2 0.798359 0.447157 0.004527 0.002498
2 0.966881 0.383291 0.004527 0.002498
2 0.967186 0.386986 0.005137 0.002835
2 0.966881 0.388881 0.004527 0.002498
3 0.516880 0.100827 0.003043 0.002519
3 0.513837 0.100827 0.003043 0.002519
3 0.506641 0.104217 0.004527 0.002498
3 0.499743 0.104217 0.004527 0.002498
3 0.516880 0.171027 0.003043 0.002519
3 0.513837 0.171027 0.003043 0.002519
3 0.507047 0.174417 0.004527 0.002498
3 0.499337 0.174417 0.004527 0.002498
3 0.516880 0.058841 0.003043 0.002519
3 0.513837 0.058841 0.003043 0.002519
3 0.506641 0.062232 0.004527 0.002498
3 0.696271 0.171027 0.003043 0.002519
3 0.699314 0.171027 0.003043 0.002519
3 0.696271 0.100827 0.003043 0.002519
3 0.699314 0.100827 0.003043 0.002519
3 0.700142 0.104217 0.004527 0.002498
3 0.712619 0.104217 0.004527 0.002498
3 0.702779 0.174417 0.004527 0.002498
3 0.712619 0.174417 0.004527 0.002498
3 0.897035 0.319014 0.010651 0.005878
3 0.978385 0.085881 0.003043 0.002519
3 0.981428 0.085881 0.003043 0.002519
3 0.982256 0.089272 0.004527 0.002498
3 0.994733 0.089272 0.004527 0.002498
3 0.978385 0.156081 0.003043 0.002519
3 0.981428 0.156081 0.003043 0.002519
3 0.983271 0.159472 0.004527 0.002498
3 0.994733 0.159472 0.004527 0.002498
3 0.978385 0.226281 0.003043 0.002519
3 0.981428 0.226281 0.003043 0.002519
3 0.983676 0.229672 0.004527 0.002498
3 0.994733 0.229672 0.004527 0.002498
3 0.849045 0.043195 0.010651 0.005878
3 0.860112 0.251473 0.003043 0.002519
3 0.863155 0.251473 0.003043 0.002519
3 0.867419 0.254863 0.004527 0.002498
3 0.877090 0.254538 0.005325 0.002939
3 0.954577 0.212006 0.003043 0.002519
3 0.957620 0.212006 0.003043 0.002519
3 0.962303 0.215397 0.004527 0.002498
3 0.971007 0.215617 0.005325 0.002939
3 0.761150 0.432572 0.064819 0.053658
3 0.761150 0.400372 0.064819 0.053658
3 0.736437 0.319014 0.010651 0.005878
3 0.880285 0.161303 0.040999 0.023977
3 0.026713 0.833961 0.106509 0.058780
3 0.792159 0.917023 0.077904 0.042267
3 0.899074 0.873413 0.083179 0.045626
3 0.854193 0.663703 0.062080 0.039164
3 0.764725 0.704076 0.064109 0.042254
3 0.784247 0.957638 0.062080 0.039634
3 0.593837 0.256677 0.003043 0.002519
3 0.596880 0.256677 0.003043 0.002519
3 0.600345 0.260068 0.004527 0.002498
3 0.696271 0.241227 0.003043 0.002519
3 0.699314 0.241227 0.003043 0.002519
3 0.702779 0.244617 0.004527 0.002498
3 0.712619 0.244617 0.004527 0.002498
3 0.551031 0.266414 0.003043 0.002519
3 0.547988 0.266414 0.003043 0.002519
3 0.540529 0.269804 0.004527 0.002498
3 0.696254 0.058841 0.003043 0.002519
3 0.699297 0.058841 0.003043 0.002519
3 0.700125 0.062232 0.004527 0.002498
3 0.609311 0.321839 0.003043 0.002519
3 0.612354 0.321839 0.003043 0.002519
3 0.615819 0.325229 0.004527 0.002498
3 0.919439 0.115274 0.010144 0.008397
3 0.918612 0.116937 0.002816 0.001554
3 0.918577 0.113616 0.002786 0.001538
3 0.906103 0.117626 0.005325 0.002939
3 0.893534 0.112923 0.005325 0.002939
3 0.898505 0.112923 0.005325 0.002939
3 0.887353 0.113591 0.004939 0.003367
3 0.857060 0.158639 0.006426 0.005956
3 0.850403 0.163968 0.005325 0.002939
3 0.848100 0.163968 0.005325 0.002939
3 0.835505 0.163968 0.005325 0.002939
3 0.837605 0.163968 0.005325 0.002939
3 0.924600 0.429283 0.064819 0.053658
3 0.924600 0.400372 0.064819 0.053658
3 0.880410 0.118010 0.039017 0.023506
3 0.874957 0.093570 0.031179 0.017373
3 0.878023 0.098947 0.032977 0.018374
3 0.893606 0.130185 0.016084 0.008834
3 0.880114 0.144649 0.037045 0.020346
3 0.879414 0.137748 0.042502 0.023806
3 0.879696 0.114257 0.042176 0.023848
3 0.494010 0.890351 0.217076 0.181546
3 0.556771 0.336219 0.003043 0.002519
3 0.559814 0.336219 0.003043 0.002519
3 0.563016 0.339609 0.004527 0.002498
3 0.572856 0.339609 0.004527 0.002498
3 0.556771 0.395419 0.003043 0.002519
3 0.559814 0.395419 0.003043 0.002519
3 0.563016 0.398809 0.004527 0.002498
3 0.345059 0.096022 0.020288 0.002519
3 0.335516 0.095657 0.001201 0.001789
3 0.567057 0.233585 0.003043 0.008397
3 0.567410 0.237044 0.002338 0.001479
3 0.735976 0.408965 0.014470 0.006916
3 0.744592 0.413161 0.004180 0.002904
3 0.753076 0.417138 0.014119 0.006748
11 0.762448 0.418397 0.130772 0.144054
11 0.925898 0.418397 0.130772 0.144054
11 0.485987 0.396275 0.047958 0.025401
11 0.342498 0.090989 0.057804 0.030538
11 0.573786 0.231106 0.050535 0.027225
11 0.494010 0.890351 0.217076 0.181546
11 0.925898 0.418397 0.130772 0.144054
11 0.762448 0.418397 0.130772 0.144054
11 0.762448 0.418397 0.114542 0.130619
11 0.925898 0.418397 0.114542 0.130619
11 0.432142 0.637281 0.209661 0.058696
