0 0.833503 0.613050 0.066589 0.017415
0 0.904626 0.647788 0.087223 0.017415
0 0.828230 0.684605 0.056042 0.017415
0 0.879121 0.260930 0.169383 0.028887
0 0.879180 0.376448 0.021322 0.016637
1 0.241284 0.199231 0.002895 0.040735
11 0.904626 0.502533 0.040658 0.017415
11 0.979245 0.537926 0.040658 0.017415
11 0.904626 0.537926 0.040658 0.017415
11 0.820538 0.573049 0.040658 0.017415
11 0.966677 0.598777 0.066589 0.046035
11 0.904626 0.613050 0.033294 0.017415
11 0.979387 0.684605 0.040658 0.017415
11 0.820538 0.724705 0.040658 0.017415
11 0.979245 0.724705 0.040658 0.017415
11 0.904626 0.767806 0.040658 0.017415
11 0.904626 0.573268 0.040658 0.017415
11 0.942146 0.306183 0.043747 0.021646
11 0.879217 0.306183 0.032752 0.021646
11 0.816215 0.306183 0.043747 0.021646
11 0.941080 0.067006 0.030260 0.022924
11 0.879406 0.156558 0.030260 0.022924
11 0.817281 0.132933 0.030260 0.022924
11 0.879180 0.067006 0.030260 0.022924
11 0.817281 0.066709 0.030260 0.022924
11 0.879180 0.110966 0.030260 0.022924
11 0.816177 0.209973 0.043487 0.042704
11 0.941999 0.209973 0.043487 0.042704
11 0.879180 0.209973 0.043487 0.042704
11 0.942146 0.344759 0.043747 0.021646
11 0.816215 0.344759 0.043747 0.021646
11 0.185320 0.309126 0.370582 0.179056
11 0.580397 0.949847 0.129923 0.100206
