0 0.644413 0.969594 0.001178 0.001009
0 0.636660 0.969594 0.001178 0.001009
0 0.615310 0.969594 0.001178 0.001009
0 0.599968 0.969594 0.001178 0.001009
0 0.592201 0.969594 0.001178 0.001009
0 0.638367 0.967842 0.001222 0.006038
0 0.597332 0.967842 0.001222 0.006038
0 0.552933 0.966751 0.001044 0.005162
0 0.520932 0.966751 0.001044 0.005162
0 0.534886 0.954283 0.002950 0.018297
0 0.649890 0.875148 0.001133 0.004486
0 0.678324 0.558430 0.015966 0.018543
0 0.696064 0.550309 0.001508 0.007359
0 0.661883 0.558442 0.015393 0.018521
0 0.857388 0.968319 0.001748 0.002212
0 0.854842 0.968319 0.001748 0.002212
0 0.844662 0.968319 0.001748 0.002212
0 0.847207 0.968319 0.001748 0.002212
0 0.849752 0.968319 0.001748 0.002212
0 0.852297 0.968319 0.001748 0.002212
0 0.842117 0.968319 0.001748 0.002212
0 0.824420 0.949090 0.003930 0.003992
0 0.822702 0.949090 0.003122 0.003992
0 0.818164 0.949090 0.006149 0.003992
0 0.816244 0.949090 0.004937 0.003992
0 0.814034 0.948427 0.003145 0.002667
0 0.826298 0.949090 0.005057 0.003992
0 0.627430 0.948124 0.002262 0.001113
0 0.625168 0.948124 0.002262 0.001113
0 0.830618 0.946537 0.002666 0.001113
0 0.484341 0.351621 0.001398 0.001011
0 0.479967 0.351621 0.001398 0.001011
0 0.474952 0.351621 0.001398 0.001011
0 0.469938 0.351621 0.001398 0.001011
0 0.465564 0.351621 0.001398 0.001011
0 0.822360 0.944982 0.004340 0.004225
0 0.813679 0.944982 0.004340 0.004225
0 0.826397 0.944982 0.003734 0.004225
0 0.817717 0.944982 0.003734 0.004225
0 0.582683 0.861021 0.002093 0.001082
0 0.584776 0.861021 0.002093 0.001082
0 0.652243 0.861021 0.002093 0.001082
0 0.654335 0.861021 0.002093 0.001082
0 0.784368 0.340401 0.018004 0.007644
0 0.765047 0.359697 0.001398 0.001011
0 0.759920 0.359697 0.001398 0.001011
0 0.754792 0.359697 0.001398 0.001011
0 0.749664 0.359697 0.001398 0.001011
0 0.770175 0.359697 0.001398 0.001011
0 0.600983 0.365182 0.001439 0.003631
0 0.457786 0.956240 0.001391 0.001062
0 0.456030 0.956245 0.001200 0.001047
0 0.465403 0.956240 0.001391 0.001062
0 0.463647 0.956245 0.001200 0.001047
0 0.457315 0.958863 0.001327 0.001022
0 0.455557 0.947587 0.001943 0.001497
0 0.459583 0.947587 0.001943 0.001497
0 0.468502 0.947593 0.001927 0.001484
0 0.463910 0.947587 0.001943 0.001497
0 0.469214 0.956236 0.001343 0.001070
0 0.467493 0.956242 0.001177 0.001057
0 0.696871 0.365113 0.001439 0.003768
0 0.531411 0.219400 0.021322 0.017406
0 0.526306 0.223806 0.016724 0.009952
0 0.511706 0.215696 0.019422 0.015991
0 0.513046 0.215119 0.011798 0.008544
0 0.529600 0.220918 0.015956 0.011119
0 0.478380 0.216182 0.139475 0.163653
0 0.558129 0.242480 0.002453 0.001890
0 0.563764 0.238018 0.002453 0.001890
0 0.569398 0.233557 0.002453 0.001890
0 0.560946 0.240249 0.002453 0.001890
0 0.566581 0.235788 0.002453 0.001890
0 0.539105 0.234180 0.001494 0.001309
0 0.550165 0.241692 0.001472 0.001290
0 0.551462 0.241084 0.003386 0.002967
0 0.540534 0.231244 0.002682 0.001760
0 0.545887 0.226831 0.002399 0.001641
0 0.505879 0.256109 0.065900 0.052133
0 0.472290 0.220139 0.067663 0.051184
0 0.536163 0.232514 0.001610 0.001058
0 0.476651 0.249551 0.005193 0.004045
0 0.534566 0.221015 0.002766 0.002339
0 0.532344 0.217334 0.007210 0.005024
0 0.491003 0.245878 0.024905 0.014969
0 0.542783 0.559671 0.759980 0.880655
0 0.663695 0.596493 0.017342 0.067785
4 0.649924 0.875261 0.002545 0.005958
4 0.782274 0.875261 0.002093 0.005958
4 0.535302 0.629916 0.002093 0.005958
4 0.447182 0.741936 0.002093 0.005958
4 0.449275 0.741936 0.002093 0.005958
4 0.449681 0.875261 0.002093 0.005958
4 0.451773 0.875261 0.002093 0.005958
4 0.490724 0.792199 0.002093 0.005958
4 0.559840 0.792199 0.002093 0.005958
4 0.447182 0.629916 0.002093 0.005958
4 0.490724 0.680179 0.002093 0.005958
4 0.559840 0.680179 0.002093 0.005958
4 0.492817 0.792199 0.002093 0.005958
4 0.557747 0.792199 0.002093 0.005958
4 0.533209 0.741936 0.002093 0.005958
4 0.535302 0.741936 0.002093 0.005958
4 0.449275 0.629916 0.002093 0.005958
4 0.492817 0.680179 0.002093 0.005958
4 0.557747 0.680179 0.002093 0.005958
4 0.533209 0.629916 0.002093 0.005958
4 0.784367 0.875261 0.002093 0.005958
4 0.441145 0.792199 0.002093 0.005958
4 0.645835 0.875261 0.002093 0.005958
4 0.567283 0.792199 0.002093 0.005958
4 0.498061 0.741936 0.002093 0.005958
4 0.524972 0.741936 0.002093 0.005958
4 0.567283 0.680179 0.002093 0.005958
4 0.498061 0.629916 0.002093 0.005958
4 0.441145 0.680179 0.002093 0.005958
4 0.524972 0.629916 0.002093 0.005958
4 0.587525 0.875261 0.002093 0.005958
4 0.696064 0.550309 0.001508 0.007359
4 0.700840 0.548566 0.007038 0.001549
4 0.696064 0.544886 0.001508 0.003486
11 0.745979 0.958027 0.005090 0.013199
11 0.740391 0.958027 0.005090 0.013199
11 0.752577 0.958027 0.005090 0.013199
11 0.758165 0.958027 0.005090 0.013199
11 0.770351 0.958027 0.005090 0.013199
11 0.764763 0.958027 0.005090 0.013199
11 0.776949 0.958027 0.005090 0.013199
11 0.782537 0.958027 0.005090 0.013199
11 0.540896 0.961468 0.023673 0.003927
11 0.554147 0.959488 0.019448 0.007886
11 0.562080 0.957080 0.002891 0.003406
11 0.554775 0.957080 0.002891 0.003406
11 0.539225 0.957083 0.002891 0.003406
11 0.546339 0.957083 0.002891 0.003406
11 0.545287 0.959490 0.006080 0.007883
11 0.532099 0.961469 0.010168 0.003923
11 0.519621 0.946677 0.002891 0.003406
11 0.526926 0.946677 0.002891 0.003406
11 0.545709 0.946677 0.002891 0.003406
11 0.538404 0.946677 0.002891 0.003406
11 0.452413 0.741936 0.004185 0.005958
11 0.442920 0.742261 0.001022 0.003612
11 0.443789 0.741936 0.004694 0.005958
11 0.447182 0.741936 0.002093 0.005958
11 0.449275 0.741936 0.002093 0.005958
11 0.439292 0.741936 0.003846 0.005958
11 0.538440 0.741936 0.004185 0.005958
11 0.444956 0.744729 0.001119 0.001325
11 0.487987 0.741936 0.016741 0.005958
11 0.565503 0.741936 0.003902 0.005958
11 0.565387 0.741823 0.001749 0.004486
11 0.445419 0.875585 0.001022 0.003612
11 0.446287 0.875261 0.004694 0.005958
11 0.449681 0.875261 0.002093 0.005958
11 0.451773 0.875261 0.002093 0.005958
11 0.441791 0.875261 0.003846 0.005958
11 0.728857 0.875261 0.003846 0.005958
11 0.784367 0.875261 0.002093 0.005958
11 0.788571 0.875585 0.001022 0.003612
11 0.787760 0.875261 0.004694 0.005958
11 0.782274 0.875261 0.002093 0.005958
11 0.525081 0.875261 0.003846 0.005958
11 0.536646 0.875261 0.018833 0.005958
11 0.571174 0.875261 0.004185 0.005958
11 0.642508 0.875261 0.003846 0.005958
11 0.565943 0.875261 0.006278 0.005958
11 0.554433 0.875261 0.016741 0.005958
11 0.460144 0.875261 0.014648 0.005958
11 0.476884 0.875261 0.018833 0.005958
11 0.494671 0.875261 0.016741 0.005958
11 0.739376 0.875261 0.016741 0.005958
11 0.757163 0.875261 0.018833 0.005958
11 0.773904 0.875261 0.014648 0.005958
11 0.696187 0.875261 0.018833 0.005958
11 0.649924 0.875261 0.002545 0.005958
11 0.575359 0.875261 0.004185 0.005958
11 0.661659 0.875261 0.004185 0.005958
11 0.648622 0.878054 0.001076 0.001325
11 0.585050 0.878054 0.002018 0.001325
11 0.470845 0.792199 0.004185 0.005958
11 0.487585 0.792199 0.004185 0.005958
11 0.523291 0.792199 0.003846 0.005958
11 0.492817 0.792199 0.002093 0.005958
11 0.490724 0.792199 0.002093 0.005958
11 0.497021 0.792524 0.001022 0.003612
11 0.496210 0.792199 0.004694 0.005958
11 0.452011 0.792199 0.016741 0.005958
11 0.524958 0.794992 0.002880 0.001325
11 0.527546 0.792199 0.003902 0.005958
11 0.527431 0.792087 0.001749 0.004486
11 0.531590 0.792199 0.004185 0.005958
11 0.553562 0.792199 0.006278 0.005958
11 0.437725 0.792199 0.003846 0.005958
11 0.496307 0.794992 0.001132 0.001325
11 0.600730 0.563389 0.005090 0.006206
11 0.608365 0.563389 0.010180 0.006206
11 0.585969 0.563386 0.003620 0.006201
11 0.611371 0.563882 0.003484 0.001137
11 0.595640 0.563389 0.005090 0.006206
11 0.590550 0.563389 0.005090 0.006206
11 0.675784 0.561002 0.001109 0.001549
11 0.700840 0.548566 0.007038 0.001549
11 0.696064 0.544886 0.001508 0.003486
11 0.659358 0.561039 0.001109 0.001549
11 0.559840 0.792199 0.002093 0.005958
11 0.557747 0.792199 0.002093 0.005958
11 0.564044 0.792524 0.001022 0.003612
11 0.563233 0.792199 0.004694 0.005958
11 0.528947 0.742261 0.001022 0.003612
11 0.529816 0.741936 0.004694 0.005958
11 0.533209 0.741936 0.002093 0.005958
11 0.535302 0.741936 0.002093 0.005958
11 0.251684 0.948382 0.006033 0.016675
11 0.446191 0.563389 0.015270 0.006206
11 0.436624 0.563386 0.003620 0.006201
11 0.484528 0.563389 0.007635 0.006206
11 0.478778 0.563386 0.003620 0.006201
11 0.482794 0.563882 0.003484 0.001137
11 0.507465 0.563389 0.007635 0.006206
11 0.501716 0.563386 0.003620 0.006201
11 0.505732 0.563882 0.003484 0.001137
11 0.520324 0.563389 0.007635 0.006206
11 0.514575 0.563386 0.003620 0.006201
11 0.518591 0.563882 0.003484 0.001137
11 0.533147 0.563389 0.007635 0.006206
11 0.527398 0.563386 0.003620 0.006201
11 0.531414 0.563882 0.003484 0.001137
11 0.546131 0.563389 0.007635 0.006206
11 0.540381 0.563386 0.003620 0.006201
11 0.544397 0.563882 0.003484 0.001137
11 0.579544 0.875261 0.004185 0.005958
11 0.467610 0.563389 0.017815 0.006206
11 0.456770 0.563386 0.003620 0.006201
11 0.522506 0.959484 0.004666 0.007893
11 0.678400 0.875261 0.016741 0.005958
11 0.666891 0.875261 0.006278 0.005958
11 0.587525 0.875261 0.002093 0.005958
11 0.583729 0.875261 0.004185 0.005958
11 0.645835 0.875261 0.002093 0.005958
11 0.653289 0.875261 0.004185 0.005958
11 0.657474 0.875261 0.004185 0.005958
11 0.182834 0.944162 0.001673 0.001416
11 0.749664 0.358169 0.003243 0.004067
11 0.754792 0.358169 0.003243 0.004067
11 0.759920 0.358169 0.003243 0.004067
11 0.765047 0.358169 0.003243 0.004067
11 0.770175 0.358169 0.003243 0.004067
11 0.441145 0.792199 0.002093 0.005958
11 0.567283 0.792199 0.002093 0.005958
11 0.475030 0.792199 0.004185 0.005958
11 0.479215 0.792199 0.004185 0.005958
11 0.483400 0.792199 0.004185 0.005958
11 0.464567 0.792199 0.008370 0.005958
11 0.535775 0.792199 0.004185 0.005958
11 0.539960 0.792199 0.004185 0.005958
11 0.544145 0.792199 0.004185 0.005958
11 0.548331 0.792199 0.004185 0.005958
11 0.456599 0.741936 0.004185 0.005958
11 0.460784 0.741936 0.004185 0.005958
11 0.464969 0.741936 0.004185 0.005958
11 0.469154 0.741936 0.004185 0.005958
11 0.475432 0.741936 0.008370 0.005958
11 0.498061 0.741936 0.002093 0.005958
11 0.560412 0.741936 0.006278 0.005958
11 0.542626 0.741936 0.004185 0.005958
11 0.546811 0.741936 0.004185 0.005958
11 0.550996 0.741936 0.004185 0.005958
11 0.555181 0.741936 0.004185 0.005958
11 0.521553 0.741936 0.003846 0.005958
11 0.524972 0.741936 0.002093 0.005958
11 0.285711 0.948379 0.006033 0.016675
11 0.452413 0.629916 0.004185 0.005958
11 0.442920 0.630241 0.001022 0.003612
11 0.443789 0.629916 0.004694 0.005958
11 0.447182 0.629916 0.002093 0.005958
11 0.449275 0.629916 0.002093 0.005958
11 0.439292 0.629916 0.003846 0.005958
11 0.538440 0.629916 0.004185 0.005958
11 0.444956 0.632709 0.001119 0.001325
11 0.487987 0.629916 0.016741 0.005958
11 0.565503 0.629916 0.003902 0.005958
11 0.565387 0.629803 0.001749 0.004486
11 0.470845 0.680179 0.004185 0.005958
11 0.487585 0.680179 0.004185 0.005958
11 0.523291 0.680179 0.003846 0.005958
11 0.492817 0.680179 0.002093 0.005958
11 0.490724 0.680179 0.002093 0.005958
11 0.497021 0.680504 0.001022 0.003612
11 0.496210 0.680179 0.004694 0.005958
11 0.452011 0.680179 0.016741 0.005958
11 0.524958 0.682972 0.002880 0.001325
11 0.527546 0.680179 0.003902 0.005958
11 0.527431 0.680067 0.001749 0.004486
11 0.531590 0.680179 0.004185 0.005958
11 0.553562 0.680179 0.006278 0.005958
11 0.437725 0.680179 0.003846 0.005958
11 0.496307 0.682972 0.001132 0.001325
11 0.559840 0.680179 0.002093 0.005958
11 0.557747 0.680179 0.002093 0.005958
11 0.564044 0.680504 0.001022 0.003612
11 0.563233 0.680179 0.004694 0.005958
11 0.528947 0.630241 0.001022 0.003612
11 0.529816 0.629916 0.004694 0.005958
11 0.533209 0.629916 0.002093 0.005958
11 0.535302 0.629916 0.002093 0.005958
11 0.441145 0.680179 0.002093 0.005958
11 0.567283 0.680179 0.002093 0.005958
11 0.475030 0.680179 0.004185 0.005958
11 0.479215 0.680179 0.004185 0.005958
11 0.483400 0.680179 0.004185 0.005958
11 0.464567 0.680179 0.008370 0.005958
11 0.535775 0.680179 0.004185 0.005958
11 0.539960 0.680179 0.004185 0.005958
11 0.544145 0.680179 0.004185 0.005958
11 0.548331 0.680179 0.004185 0.005958
11 0.456599 0.629916 0.004185 0.005958
11 0.460784 0.629916 0.004185 0.005958
11 0.464969 0.629916 0.004185 0.005958
11 0.469154 0.629916 0.004185 0.005958
11 0.475432 0.629916 0.008370 0.005958
11 0.498061 0.629916 0.002093 0.005958
11 0.560412 0.629916 0.006278 0.005958
11 0.542626 0.629916 0.004185 0.005958
11 0.546811 0.629916 0.004185 0.005958
11 0.550996 0.629916 0.004185 0.005958
11 0.555181 0.629916 0.004185 0.005958
11 0.521553 0.629916 0.003846 0.005958
11 0.524972 0.629916 0.002093 0.005958
11 0.564568 0.234338 0.009713 0.007322
11 0.553962 0.242926 0.008386 0.006651
11 0.549783 0.241423 0.002238 0.001828
11 0.566501 0.231606 0.004615 0.003254
11 0.561071 0.236128 0.004313 0.003049
11 0.539462 0.232724 0.003735 0.004221
11 0.558941 0.238881 0.009697 0.007159
11 0.532131 0.224130 0.008108 0.006188
11 0.523646 0.230479 0.016171 0.007487
11 0.461350 0.253027 0.028771 0.006415
11 0.580812 0.608046 0.007227 0.010813
11 0.696187 0.875261 0.018833 0.005958
11 0.536646 0.875261 0.018833 0.005958
11 0.757163 0.875261 0.018833 0.005958
11 0.476884 0.875261 0.018833 0.005958
11 0.467610 0.563389 0.017815 0.006206
11 0.251684 0.948382 0.006033 0.016675
11 0.285711 0.948379 0.006033 0.016675
11 0.452011 0.792199 0.016741 0.005958
11 0.452011 0.680179 0.016741 0.005958
11 0.554433 0.875261 0.016741 0.005958
11 0.739376 0.875261 0.016741 0.005958
11 0.487987 0.629916 0.016741 0.005958
11 0.487987 0.741936 0.016741 0.005958
11 0.678400 0.875261 0.016741 0.005958
11 0.494671 0.875261 0.016741 0.005958
11 0.446191 0.563389 0.015270 0.006206
11 0.460144 0.875261 0.014648 0.005958
11 0.773904 0.875261 0.014648 0.005958
11 0.580812 0.608046 0.007227 0.010813
11 0.776949 0.958027 0.005090 0.013199
11 0.745979 0.958027 0.005090 0.013199
11 0.740391 0.958027 0.005090 0.013199
11 0.758165 0.958027 0.005090 0.013199
11 0.770351 0.958027 0.005090 0.013199
11 0.764763 0.958027 0.005090 0.013199
11 0.782537 0.958027 0.005090 0.013199
11 0.752577 0.958027 0.005090 0.013199
11 0.608365 0.563389 0.010180 0.006206
11 0.554147 0.959488 0.019448 0.007886
11 0.475432 0.741936 0.008370 0.005958
11 0.475432 0.629916 0.008370 0.005958
11 0.464567 0.680179 0.008370 0.005958
11 0.464567 0.792199 0.008370 0.005958
11 0.484528 0.563389 0.007635 0.006206
11 0.507465 0.563389 0.007635 0.006206
11 0.533147 0.563389 0.007635 0.006206
11 0.546131 0.563389 0.007635 0.006206
11 0.520324 0.563389 0.007635 0.006206
11 0.560412 0.741936 0.006278 0.005958
11 0.553562 0.792199 0.006278 0.005958
11 0.553562 0.680179 0.006278 0.005958
11 0.560412 0.629916 0.006278 0.005958
11 0.565943 0.875261 0.006278 0.005958
11 0.666891 0.875261 0.006278 0.005958
11 0.595640 0.563389 0.005090 0.006206
11 0.590550 0.563389 0.005090 0.006206
11 0.600730 0.563389 0.005090 0.006206
11 0.564568 0.234338 0.009713 0.007322
11 0.496210 0.792199 0.004694 0.005958
11 0.563233 0.680179 0.004694 0.005958
11 0.443789 0.741936 0.004694 0.005958
11 0.446287 0.875261 0.004694 0.005958
11 0.787760 0.875261 0.004694 0.005958
11 0.563233 0.792199 0.004694 0.005958
11 0.529816 0.741936 0.004694 0.005958
11 0.496210 0.680179 0.004694 0.005958
11 0.443789 0.629916 0.004694 0.005958
11 0.529816 0.629916 0.004694 0.005958
11 0.558941 0.238881 0.009697 0.007159
11 0.553962 0.242926 0.008386 0.006651
11 0.550996 0.741936 0.004185 0.005958
11 0.470845 0.792199 0.004185 0.005958
11 0.475030 0.792199 0.004185 0.005958
11 0.539960 0.792199 0.004185 0.005958
11 0.544145 0.792199 0.004185 0.005958
11 0.479215 0.680179 0.004185 0.005958
11 0.539960 0.680179 0.004185 0.005958
11 0.548331 0.680179 0.004185 0.005958
11 0.542626 0.629916 0.004185 0.005958
11 0.550996 0.629916 0.004185 0.005958
11 0.479215 0.792199 0.004185 0.005958
11 0.483400 0.792199 0.004185 0.005958
11 0.470845 0.680179 0.004185 0.005958
11 0.475030 0.680179 0.004185 0.005958
11 0.483400 0.680179 0.004185 0.005958
11 0.535775 0.680179 0.004185 0.005958
11 0.555181 0.629916 0.004185 0.005958
11 0.535775 0.792199 0.004185 0.005958
11 0.548331 0.792199 0.004185 0.005958
11 0.542626 0.741936 0.004185 0.005958
11 0.546811 0.741936 0.004185 0.005958
11 0.555181 0.741936 0.004185 0.005958
11 0.544145 0.680179 0.004185 0.005958
11 0.546811 0.629916 0.004185 0.005958
11 0.538440 0.629916 0.004185 0.005958
11 0.538440 0.741936 0.004185 0.005958
11 0.531590 0.792199 0.004185 0.005958
11 0.531590 0.680179 0.004185 0.005958
11 0.571174 0.875261 0.004185 0.005958
11 0.575359 0.875261 0.004185 0.005958
11 0.661659 0.875261 0.004185 0.005958
11 0.583729 0.875261 0.004185 0.005958
11 0.579544 0.875261 0.004185 0.005958
11 0.653289 0.875261 0.004185 0.005958
11 0.657474 0.875261 0.004185 0.005958
11 0.452413 0.741936 0.004185 0.005958
11 0.456599 0.741936 0.004185 0.005958
11 0.464969 0.741936 0.004185 0.005958
11 0.469154 0.741936 0.004185 0.005958
11 0.452413 0.629916 0.004185 0.005958
11 0.456599 0.629916 0.004185 0.005958
11 0.460784 0.629916 0.004185 0.005958
11 0.464969 0.629916 0.004185 0.005958
11 0.469154 0.629916 0.004185 0.005958
11 0.487585 0.792199 0.004185 0.005958
11 0.460784 0.741936 0.004185 0.005958
11 0.487585 0.680179 0.004185 0.005958
11 0.532131 0.224130 0.008108 0.006188
11 0.527546 0.680179 0.003902 0.005958
11 0.527546 0.792199 0.003902 0.005958
11 0.565503 0.629916 0.003902 0.005958
11 0.565503 0.741936 0.003902 0.005958
11 0.437725 0.792199 0.003846 0.005958
11 0.521553 0.741936 0.003846 0.005958
11 0.439292 0.629916 0.003846 0.005958
11 0.437725 0.680179 0.003846 0.005958
11 0.521553 0.629916 0.003846 0.005958
11 0.439292 0.741936 0.003846 0.005958
11 0.523291 0.680179 0.003846 0.005958
11 0.728857 0.875261 0.003846 0.005958
11 0.523291 0.792199 0.003846 0.005958
11 0.441791 0.875261 0.003846 0.005958
11 0.642508 0.875261 0.003846 0.005958
11 0.525081 0.875261 0.003846 0.005958
11 0.478778 0.563386 0.003620 0.006201
11 0.585969 0.563386 0.003620 0.006201
11 0.501716 0.563386 0.003620 0.006201
11 0.436624 0.563386 0.003620 0.006201
11 0.540381 0.563386 0.003620 0.006201
11 0.456770 0.563386 0.003620 0.006201
11 0.514575 0.563386 0.003620 0.006201
11 0.527398 0.563386 0.003620 0.006201
11 0.749664 0.358169 0.003243 0.004067
11 0.754792 0.358169 0.003243 0.004067
11 0.759920 0.358169 0.003243 0.004067
11 0.765047 0.358169 0.003243 0.004067
11 0.770175 0.358169 0.003243 0.004067
11 0.522506 0.959484 0.004666 0.007893
11 0.539225 0.957083 0.002891 0.003406
11 0.526926 0.946677 0.002891 0.003406
11 0.545709 0.946677 0.002891 0.003406
11 0.519621 0.946677 0.002891 0.003406
11 0.538404 0.946677 0.002891 0.003406
11 0.539462 0.232724 0.003735 0.004221
11 0.521978 0.225181 0.004713 0.003755
11 0.525333 0.227520 0.004713 0.003755
11 0.508349 0.215684 0.004713 0.003755
11 0.523655 0.226350 0.004713 0.003755
11 0.520300 0.224012 0.004713 0.003755
11 0.506671 0.214515 0.004713 0.003755
11 0.510026 0.216853 0.004713 0.003755
11 0.511704 0.218022 0.004713 0.003755
11 0.513382 0.219191 0.004713 0.003755
11 0.515060 0.220360 0.004713 0.003755
11 0.558129 0.242480 0.003732 0.002876
11 0.560946 0.240249 0.003732 0.002876
11 0.566581 0.235788 0.003732 0.002876
11 0.563764 0.238018 0.003732 0.002876
11 0.569398 0.233557 0.003732 0.002876
11 0.566501 0.231606 0.004615 0.003254
