0 0.504017 0.915945 0.071920 0.030581
0 0.518792 0.958327 0.101471 0.054183
0 0.966858 0.701451 0.066265 0.045361
0 0.239688 0.669064 0.035914 0.002941
0 0.231980 0.429934 0.024697 0.003580
0 0.017374 0.671585 0.034728 0.003092
0 0.150825 0.422383 0.016983 0.002484
11 0.575365 0.992931 0.014648 0.014127
11 0.547784 0.894678 0.014648 0.014127
11 0.933598 0.730233 0.019966 0.011823
11 0.209738 0.424156 0.021176 0.007881
11 0.211236 0.671098 0.021174 0.009703
11 0.045701 0.672020 0.021176 0.007881
11 0.181135 0.729915 0.016309 0.009833
11 0.167188 0.421174 0.015951 0.003016
11 0.933598 0.730233 0.019966 0.011823
11 0.211236 0.671098 0.021174 0.009703
11 0.547784 0.894678 0.014648 0.014127
11 0.575365 0.992931 0.014648 0.014127
11 0.045701 0.672020 0.021176 0.007881
11 0.209738 0.424156 0.021176 0.007881
11 0.181135 0.729915 0.016309 0.009833
