0 0.747608 0.430405 0.002706 0.004637
0 0.747493 0.430098 0.001538 0.001691
0 0.652900 0.540724 0.002174 0.001277
2 0.654246 0.522858 0.001201 0.002418
2 0.654201 0.485994 0.001110 0.002418
4 0.648008 0.607673 0.001888 0.001548
4 0.652900 0.540724 0.002174 0.001277
4 0.650421 0.585292 0.001768 0.001548
4 0.656858 0.383865 0.002183 0.001424
4 0.682376 0.394993 0.001216 0.001363
11 0.647973 0.523134 0.001057 0.002746
11 0.647973 0.518104 0.001057 0.002746
11 0.647973 0.513076 0.001057 0.002746
11 0.647973 0.508048 0.001057 0.002746
11 0.647973 0.486269 0.001057 0.002746
11 0.647973 0.481239 0.001057 0.002746
11 0.647973 0.476211 0.001057 0.002746
11 0.647973 0.471183 0.001057 0.002746
11 0.650705 0.500522 0.001238 0.002603
11 0.650999 0.491183 0.001238 0.002603
11 0.653034 0.488688 0.002050 0.006806
11 0.648008 0.607673 0.001888 0.001548
11 0.652973 0.588852 0.001628 0.006810
11 0.650501 0.563769 0.001706 0.002786
11 0.650421 0.585292 0.001768 0.001548
11 0.656868 0.384745 0.001169 0.001187
11 0.709444 0.624305 0.001164 0.004129
11 0.767407 0.482806 0.002505 0.004762
11 0.767645 0.469164 0.001048 0.001122
11 0.769853 0.469164 0.001048 0.001122
11 0.773048 0.469164 0.001048 0.001122
11 0.775256 0.469164 0.001048 0.001122
11 0.773908 0.445866 0.002573 0.003326
11 0.785877 0.482806 0.002505 0.004762
11 0.747163 0.418599 0.002980 0.003326
11 0.767407 0.425487 0.002505 0.004762
11 0.743981 0.418599 0.002573 0.003326
11 0.747608 0.430405 0.002706 0.004637
11 0.785877 0.482806 0.002505 0.004762
11 0.767407 0.425487 0.002505 0.004762
11 0.767407 0.482806 0.002505 0.004762
11 0.747163 0.418599 0.002980 0.003326
11 0.652973 0.589316 0.001628 0.005881
11 0.773908 0.445866 0.002573 0.003326
11 0.743981 0.418599 0.002573 0.003326
11 0.689753 0.627903 0.001544 0.009905
11 0.686296 0.393973 0.002869 0.002629
11 0.686347 0.394623 0.002971 0.002102
11 0.647820 0.390634 0.001320 0.008662
11 0.650501 0.563769 0.001706 0.002786
11 0.734697 0.289055 0.001553 0.002170
11 0.734697 0.285097 0.001553 0.002170
11 0.736730 0.297448 0.001511 0.002170
11 0.734474 0.297448 0.001511 0.002170
11 0.650705 0.500522 0.001238 0.002603
11 0.650999 0.491183 0.001238 0.002603
11 0.739738 0.297448 0.001364 0.002170
11 0.647973 0.523134 0.001057 0.002746
11 0.647973 0.518104 0.001057 0.002746
11 0.647973 0.513076 0.001057 0.002746
11 0.647973 0.508048 0.001057 0.002746
11 0.647973 0.486269 0.001057 0.002746
11 0.647973 0.481239 0.001057 0.002746
11 0.647973 0.476211 0.001057 0.002746
11 0.647973 0.471183 0.001057 0.002746
11 0.645410 0.389529 0.001496 0.003676
11 0.679251 0.390238 0.001496 0.003676
11 0.734445 0.293490 0.001176 0.002170
11 0.736759 0.293490 0.001176 0.002170
11 0.687122 0.386534 0.001012 0.005013
11 0.737085 0.424011 0.001448 0.001701
11 0.738089 0.378043 0.001376 0.001701
11 0.736713 0.378043 0.001376 0.001701
11 0.738517 0.424011 0.001331 0.001701
11 0.738618 0.398723 0.001370 0.001569
11 0.734683 0.398723 0.001370 0.001569
11 0.739902 0.352755 0.001368 0.001569
11 0.736831 0.380067 0.001335 0.001569
11 0.738166 0.380067 0.001335 0.001569
11 0.737970 0.426034 0.001330 0.001569
11 0.736642 0.426034 0.001326 0.001569
11 0.682486 0.386025 0.001028 0.003995
11 0.734611 0.354845 0.001133 0.001569
11 0.739758 0.400812 0.001070 0.001569
11 0.736124 0.352755 0.001059 0.001569
11 0.683869 0.394726 0.001740 0.001896
11 0.645020 0.386259 0.001164 0.002786
11 0.678861 0.386968 0.001164 0.002786
11 0.690742 0.386959 0.001159 0.002767
11 0.656901 0.386463 0.001159 0.002767
11 0.682435 0.384744 0.001129 0.002051
11 0.681263 0.384144 0.001041 0.001857
11 0.647423 0.383435 0.001041 0.001857
11 0.688168 0.386036 0.001027 0.001871
