0 0.771975 0.920601 0.086786 0.001400
0 0.751900 0.916322 0.014200 0.003660
0 0.780426 0.898118 0.093536 0.021844
1 0.939494 0.935015 0.006433 0.005999
1 0.949216 0.474406 0.012091 0.014440
1 0.930691 0.414907 0.006498 0.007761
1 0.993984 0.459429 0.009090 0.010856
1 0.623717 0.944881 0.008372 0.009999
2 0.756921 0.015517 0.001920 0.002292
2 0.749639 0.015884 0.001920 0.002292
2 0.977198 0.670170 0.002093 0.002500
2 0.976983 0.606253 0.002093 0.002500
2 0.976214 0.606253 0.002093 0.002500
2 0.976983 0.636966 0.002093 0.002500
2 0.943904 0.822393 0.002093 0.002500
2 0.884266 0.820667 0.002093 0.002500
2 0.942920 0.758476 0.002093 0.002500
2 0.943689 0.758476 0.002093 0.002500
2 0.948311 0.768827 0.002093 0.002500
2 0.948311 0.767962 0.002093 0.002500
2 0.943689 0.789189 0.002093 0.002500
2 0.884248 0.756402 0.002093 0.002500
2 0.884248 0.787451 0.002093 0.002500
2 0.927526 0.298163 0.002399 0.002866
2 0.974482 0.456879 0.003502 0.004182
2 0.919018 0.294269 0.002399 0.002866
2 0.914557 0.292075 0.002399 0.002866
2 0.914941 0.302947 0.002399 0.002866
2 0.991750 0.456804 0.003537 0.004224
2 0.832351 0.298066 0.002399 0.002866
2 0.840859 0.301960 0.002399 0.002866
2 0.839800 0.432119 0.002399 0.002866
2 0.839800 0.453680 0.002399 0.002866
2 0.856644 0.432119 0.002399 0.002866
2 0.856644 0.453680 0.002399 0.002866
2 0.642601 0.939663 0.001969 0.002352
2 0.632522 0.939663 0.001969 0.002352
2 0.773013 0.432119 0.002399 0.002866
2 0.773013 0.453680 0.002399 0.002866
2 0.756169 0.432119 0.002399 0.002866
2 0.756169 0.453680 0.002399 0.002866
2 0.653587 0.323418 0.002399 0.002866
2 0.653824 0.345650 0.002399 0.002866
2 0.673703 0.362565 0.002399 0.002866
2 0.674087 0.373437 0.002399 0.002866
2 0.862110 0.672609 0.002399 0.002866
2 0.862494 0.683481 0.002399 0.002866
2 0.845871 0.658808 0.002399 0.002866
2 0.845797 0.636719 0.002399 0.002866
3 0.966161 0.337602 0.043954 0.052494
3 0.966476 0.238288 0.043954 0.052494
11 0.966497 0.238189 0.025881 0.030909
11 0.779332 0.898549 0.095724 0.033427
