0 0.817375 0.624500 0.001858 0.001390
0 0.819237 0.624502 0.001865 0.001394
0 0.818308 0.625200 0.001862 0.001308
0 0.819238 0.625849 0.001856 0.001300
0 0.817380 0.625847 0.001862 0.001304
0 0.824448 0.591536 0.004766 0.002338
0 0.803083 0.585248 0.001107 0.002416
1 0.798478 0.594498 0.001021 0.001790
1 0.799629 0.594498 0.001021 0.001790
1 0.810762 0.603558 0.001021 0.001790
1 0.811913 0.603558 0.001021 0.001790
1 0.811329 0.593263 0.001021 0.001790
1 0.811329 0.594526 0.001021 0.001790
1 0.799121 0.602609 0.001021 0.001790
1 0.799121 0.603872 0.001021 0.001790
3 0.795345 0.584736 0.002619 0.004593
4 0.609247 0.481684 0.012415 0.004165
4 0.685902 0.481684 0.012415 0.004165
4 0.609247 0.351485 0.012415 0.004165
4 0.625495 0.481684 0.012415 0.004165
4 0.702150 0.481684 0.012415 0.004165
4 0.625495 0.351485 0.012415 0.004165
4 0.685902 0.351485 0.012415 0.004165
4 0.702150 0.351485 0.012415 0.004165
4 0.609247 0.444860 0.012415 0.004018
4 0.625495 0.444860 0.012415 0.004018
4 0.702150 0.444860 0.012415 0.004018
4 0.685902 0.314661 0.012415 0.004018
4 0.702150 0.314661 0.012415 0.004018
4 0.609247 0.314661 0.012415 0.004018
4 0.685902 0.444860 0.012415 0.004018
4 0.625495 0.314661 0.012415 0.004018
10 0.596833 0.057641 0.004749 0.017206
10 0.596833 0.089808 0.004749 0.004384
10 0.617538 0.074683 0.032662 0.043108
10 0.695359 0.074647 0.035661 0.043181
10 0.612039 0.044947 0.005333 0.007599
10 0.624953 0.044947 0.005499 0.007599
10 0.631942 0.044874 0.008145 0.007745
10 0.669155 0.044947 0.004083 0.007599
10 0.700108 0.044947 0.003999 0.007599
10 0.596624 0.458779 0.005499 0.032440
10 0.671134 0.435325 0.008124 0.008037
10 0.618829 0.435837 0.010998 0.001754
10 0.618829 0.434083 0.010998 0.001754
10 0.618454 0.435325 0.018497 0.008037
10 0.694026 0.463309 0.032662 0.041500
10 0.692943 0.435325 0.018497 0.008037
10 0.692569 0.435837 0.010998 0.001754
10 0.692569 0.434083 0.010998 0.001754
10 0.653095 0.459436 0.118857 0.057574
10 0.602040 0.481611 0.001666 0.004311
10 0.609247 0.481684 0.012415 0.004165
10 0.609647 0.480252 0.010365 0.001301
10 0.604582 0.483109 0.001250 0.001315
10 0.614663 0.483109 0.001250 0.001315
10 0.609247 0.444860 0.012415 0.004018
10 0.609647 0.446219 0.010365 0.001301
10 0.604582 0.443508 0.001250 0.001315
10 0.614663 0.443508 0.001250 0.001315
10 0.632702 0.481611 0.001666 0.004311
10 0.625495 0.481684 0.012415 0.004165
10 0.625095 0.480252 0.010365 0.001301
10 0.630161 0.483109 0.001250 0.001315
10 0.620079 0.483109 0.001250 0.001315
10 0.625495 0.444860 0.012415 0.004018
10 0.625895 0.446219 0.010365 0.001301
10 0.630911 0.443508 0.001250 0.001315
10 0.620829 0.443508 0.001250 0.001315
10 0.610581 0.438686 0.001250 0.001315
10 0.624120 0.438686 0.001250 0.001315
10 0.626745 0.438686 0.001250 0.001315
10 0.626557 0.435325 0.002291 0.008037
10 0.612330 0.437152 0.001250 0.004384
10 0.610289 0.435325 0.002166 0.008037
10 0.684840 0.435325 0.002291 0.008037
10 0.701108 0.435325 0.002166 0.008037
10 0.709357 0.481611 0.001666 0.004311
10 0.702150 0.481684 0.012415 0.004165
10 0.701750 0.480252 0.010365 0.001301
10 0.706816 0.483109 0.001250 0.001315
10 0.696734 0.483109 0.001250 0.001315
10 0.702150 0.444860 0.012415 0.004018
10 0.701750 0.446219 0.010365 0.001301
10 0.706816 0.443508 0.001250 0.001315
10 0.696734 0.443508 0.001250 0.001315
10 0.678695 0.481611 0.001666 0.004311
10 0.685902 0.481684 0.012415 0.004165
10 0.686302 0.480252 0.010365 0.001301
10 0.680486 0.483109 0.001250 0.001315
10 0.690568 0.483109 0.001250 0.001315
10 0.685902 0.444860 0.012415 0.004018
10 0.685502 0.446219 0.010365 0.001301
10 0.680486 0.443508 0.001250 0.001315
10 0.690568 0.443508 0.001250 0.001315
10 0.687277 0.438686 0.001250 0.001315
10 0.684653 0.438686 0.001250 0.001315
10 0.700817 0.438686 0.001250 0.001315
10 0.699067 0.437152 0.001250 0.004384
10 0.596624 0.472807 0.005166 0.004092
10 0.596624 0.444897 0.005166 0.004092
10 0.596666 0.471411 0.004249 0.001301
10 0.596666 0.446292 0.004249 0.001301
10 0.653095 0.329237 0.118857 0.057574
10 0.625495 0.333036 0.016081 0.032440
10 0.632702 0.351412 0.001666 0.004311
10 0.625495 0.351485 0.012415 0.004165
10 0.625095 0.350053 0.010365 0.001301
10 0.630161 0.352909 0.001250 0.001315
10 0.620079 0.352909 0.001250 0.001315
10 0.625495 0.314661 0.012415 0.004018
10 0.625895 0.316020 0.010365 0.001301
10 0.620829 0.313309 0.001250 0.001315
10 0.632702 0.315391 0.001666 0.002849
10 0.678695 0.351412 0.001666 0.004311
10 0.685902 0.351485 0.012415 0.004165
10 0.686302 0.350053 0.010365 0.001301
10 0.680486 0.352909 0.001250 0.001315
10 0.690568 0.352909 0.001250 0.001315
10 0.685902 0.314661 0.012415 0.004018
10 0.685502 0.316020 0.010365 0.001301
10 0.680486 0.313309 0.001250 0.001315
10 0.709357 0.351412 0.001666 0.004311
10 0.702150 0.351485 0.012415 0.004165
10 0.701750 0.350053 0.010365 0.001301
10 0.706816 0.352909 0.001250 0.001315
10 0.696734 0.352909 0.001250 0.001315
10 0.702150 0.314661 0.012415 0.004018
10 0.701750 0.316020 0.010365 0.001301
10 0.706816 0.313309 0.001250 0.001315
10 0.696734 0.313309 0.001250 0.001315
10 0.709357 0.314734 0.001666 0.004165
10 0.702150 0.333036 0.016081 0.032440
10 0.602040 0.351412 0.001666 0.004311
10 0.609247 0.351485 0.012415 0.004165
10 0.609647 0.350053 0.010365 0.001301
10 0.604582 0.352909 0.001250 0.001315
10 0.614663 0.352909 0.001250 0.001315
10 0.609247 0.314661 0.012415 0.004018
10 0.609647 0.316020 0.010365 0.001301
10 0.604582 0.313309 0.001250 0.001315
10 0.614663 0.313309 0.001250 0.001315
10 0.609247 0.333036 0.016081 0.032440
10 0.596625 0.325693 0.005165 0.026084
10 0.694026 0.333109 0.032662 0.041500
10 0.596625 0.336799 0.005165 0.003872
10 0.596625 0.331063 0.005165 0.007014
10 0.596460 0.335513 0.002333 0.001301
10 0.689318 0.304761 0.003999 0.001754
10 0.689315 0.306513 0.003999 0.001754
10 0.689318 0.303006 0.003999 0.001754
10 0.684840 0.305126 0.002291 0.008037
10 0.690131 0.305126 0.008124 0.008037
10 0.692401 0.308487 0.001250 0.001315
10 0.684653 0.308487 0.001250 0.001315
10 0.623080 0.304762 0.002503 0.001754
10 0.623079 0.306514 0.002500 0.001754
10 0.623082 0.303008 0.002500 0.001754
10 0.626557 0.305126 0.002291 0.008037
10 0.622704 0.305126 0.005249 0.008037
10 0.626745 0.308487 0.001250 0.001315
10 0.620912 0.308048 0.001250 0.001315
10 0.412365 0.480252 0.010365 0.001301
10 0.441810 0.093534 0.005468 0.006283
10 0.389247 0.263265 0.001540 0.001341
10 0.389247 0.261072 0.001540 0.001341
10 0.389247 0.393465 0.001540 0.001341
10 0.389247 0.391271 0.001540 0.001341
10 0.389247 0.133066 0.001540 0.001341
10 0.389247 0.130873 0.001540 0.001341
10 0.389247 0.002867 0.001540 0.001341
10 0.389247 0.000673 0.001540 0.001341
10 0.411965 0.463309 0.016081 0.040916
10 0.632702 0.445152 0.001666 0.002849
10 0.468203 0.462097 0.005409 0.024049
10 0.586467 0.391271 0.001540 0.001341
10 0.586467 0.261072 0.001540 0.001341
10 0.586467 0.130873 0.001540 0.001341
10 0.586467 0.000673 0.001540 0.001341
11 0.963383 0.614723 0.025162 0.011690
11 0.824443 0.591625 0.004756 0.002190
11 0.797719 0.597687 0.002000 0.005845
11 0.805032 0.593835 0.002874 0.001648
11 0.805026 0.597687 0.002861 0.005845
11 0.790201 0.601362 0.002616 0.006240
11 0.810003 0.595934 0.002000 0.005845
11 0.817221 0.603679 0.003935 0.003215
11 0.408479 0.446219 0.002591 0.001301
11 0.411070 0.446219 0.002591 0.001301
11 0.413661 0.446219 0.002591 0.001301
11 0.416252 0.446219 0.002591 0.001301
11 0.424726 0.446219 0.002591 0.001301
11 0.427317 0.446219 0.002591 0.001301
11 0.429909 0.446219 0.002591 0.001301
11 0.432500 0.446219 0.002591 0.001301
11 0.408479 0.480252 0.002591 0.001301
11 0.411070 0.480252 0.002591 0.001301
11 0.413661 0.480252 0.002591 0.001301
11 0.416252 0.480252 0.002591 0.001301
11 0.424726 0.480252 0.002591 0.001301
11 0.427317 0.480252 0.002591 0.001301
11 0.429909 0.480252 0.002591 0.001301
11 0.432500 0.480252 0.002591 0.001301
11 0.398321 0.446292 0.002125 0.001301
11 0.400446 0.446292 0.002125 0.001301
11 0.398321 0.471411 0.002125 0.001301
11 0.400446 0.471411 0.002125 0.001301
11 0.508355 0.446219 0.002591 0.001301
11 0.505763 0.446219 0.002591 0.001301
11 0.503172 0.446219 0.002591 0.001301
11 0.500581 0.446219 0.002591 0.001301
11 0.492107 0.446219 0.002591 0.001301
11 0.489516 0.446219 0.002591 0.001301
11 0.486925 0.446219 0.002591 0.001301
11 0.484333 0.446219 0.002591 0.001301
11 0.508355 0.480252 0.002591 0.001301
11 0.505763 0.480252 0.002591 0.001301
11 0.503172 0.480252 0.002591 0.001301
11 0.500581 0.480252 0.002591 0.001301
11 0.492107 0.480252 0.002591 0.001301
11 0.489516 0.480252 0.002591 0.001301
11 0.486925 0.480252 0.002591 0.001301
11 0.484333 0.480252 0.002591 0.001301
11 0.475456 0.446219 0.001166 0.001301
11 0.476622 0.446219 0.001166 0.001301
11 0.408479 0.316020 0.002591 0.001301
11 0.411070 0.316020 0.002591 0.001301
11 0.413661 0.316020 0.002591 0.001301
11 0.416252 0.316020 0.002591 0.001301
11 0.424726 0.316020 0.002591 0.001301
11 0.427317 0.316020 0.002591 0.001301
11 0.429909 0.316020 0.002591 0.001301
11 0.432500 0.316020 0.002591 0.001301
11 0.408479 0.350053 0.002591 0.001301
11 0.411070 0.350053 0.002591 0.001301
11 0.413661 0.350053 0.002591 0.001301
11 0.416252 0.350053 0.002591 0.001301
11 0.424726 0.350053 0.002591 0.001301
11 0.427317 0.350053 0.002591 0.001301
11 0.429909 0.350053 0.002591 0.001301
11 0.432500 0.350053 0.002591 0.001301
11 0.508355 0.316020 0.002591 0.001301
11 0.505763 0.316020 0.002591 0.001301
11 0.503172 0.316020 0.002591 0.001301
11 0.500581 0.316020 0.002591 0.001301
11 0.492107 0.316020 0.002591 0.001301
11 0.489516 0.316020 0.002591 0.001301
11 0.486925 0.316020 0.002591 0.001301
11 0.484333 0.316020 0.002591 0.001301
11 0.508355 0.350053 0.002591 0.001301
11 0.505763 0.350053 0.002591 0.001301
11 0.503172 0.350053 0.002591 0.001301
11 0.500581 0.350053 0.002591 0.001301
11 0.492107 0.350053 0.002591 0.001301
11 0.489516 0.350053 0.002591 0.001301
11 0.486925 0.350053 0.002591 0.001301
11 0.484333 0.350053 0.002591 0.001301
11 0.398594 0.335513 0.001166 0.001301
11 0.399760 0.335513 0.001166 0.001301
11 0.441378 0.446219 0.001166 0.001301
11 0.440211 0.446219 0.001166 0.001301
11 0.441378 0.316020 0.001166 0.001301
11 0.440211 0.316020 0.001166 0.001301
11 0.475456 0.316020 0.001166 0.001301
11 0.476622 0.316020 0.001166 0.001301
11 0.467924 0.185953 0.001458 0.001432
11 0.463419 0.185953 0.001458 0.001432
11 0.441810 0.055775 0.001166 0.001432
11 0.440644 0.055775 0.001166 0.001432
11 0.454290 0.055775 0.002125 0.001432
11 0.450714 0.055775 0.002125 0.001432
11 0.473887 0.055775 0.001166 0.001432
11 0.475054 0.055775 0.001166 0.001432
11 0.462543 0.055775 0.002125 0.001432
11 0.466120 0.055775 0.002125 0.001432
11 0.443333 0.087389 0.001875 0.001301
11 0.441458 0.087389 0.001875 0.001301
11 0.439600 0.087389 0.001875 0.001301
11 0.473500 0.087389 0.001875 0.001301
11 0.475375 0.087389 0.001875 0.001301
11 0.477233 0.087389 0.001875 0.001301
11 0.466174 0.185953 0.001458 0.001432
11 0.461770 0.185953 0.001458 0.001432
11 0.455068 0.185953 0.001458 0.001432
11 0.450454 0.185953 0.001458 0.001432
11 0.453318 0.185953 0.001458 0.001432
11 0.448805 0.185953 0.001458 0.001432
11 0.793260 0.616389 0.002721 0.004696
11 0.815368 0.578750 0.002883 0.006473
11 0.467624 0.475284 0.001833 0.001301
11 0.461208 0.475284 0.001833 0.001301
11 0.449068 0.446219 0.001833 0.001301
11 0.455084 0.446219 0.001833 0.001301
11 0.452751 0.446219 0.001833 0.001301
11 0.467765 0.446219 0.001833 0.001301
11 0.461749 0.446219 0.001833 0.001301
11 0.464082 0.446219 0.001833 0.001301
11 0.469457 0.475284 0.001833 0.001301
11 0.449210 0.475284 0.001833 0.001301
11 0.455625 0.475284 0.001833 0.001301
11 0.447377 0.475284 0.001833 0.001301
11 0.467624 0.345011 0.001833 0.001301
11 0.461208 0.345011 0.001833 0.001301
11 0.449068 0.315947 0.001833 0.001301
11 0.455084 0.315947 0.001833 0.001301
11 0.452751 0.315947 0.001833 0.001301
11 0.467765 0.315947 0.001833 0.001301
11 0.461749 0.315947 0.001833 0.001301
11 0.464082 0.315947 0.001833 0.001301
11 0.469457 0.345011 0.001833 0.001301
11 0.449210 0.345011 0.001833 0.001301
11 0.455625 0.345011 0.001833 0.001301
11 0.447377 0.345011 0.001833 0.001301
11 0.507272 0.140766 0.023946 0.011369
11 0.497131 0.135636 0.001635 0.001109
11 0.521951 0.141707 0.001540 0.001341
11 0.521951 0.139514 0.001540 0.001341
11 0.411965 0.463309 0.016081 0.040916
11 0.702150 0.333036 0.016081 0.032440
11 0.609247 0.333036 0.016081 0.032440
11 0.625495 0.333036 0.016081 0.032440
11 0.507272 0.140766 0.023946 0.011369
11 0.596624 0.458779 0.005499 0.032440
11 0.618454 0.435325 0.018497 0.008037
11 0.692943 0.435325 0.018497 0.008037
11 0.596625 0.325693 0.005165 0.026084
11 0.468203 0.462097 0.005409 0.024049
11 0.596833 0.057641 0.004749 0.017206
11 0.671134 0.435325 0.008124 0.008037
11 0.690131 0.305126 0.008124 0.008037
11 0.631942 0.044874 0.008145 0.007745
11 0.624953 0.044947 0.005499 0.007599
11 0.622704 0.305126 0.005249 0.008037
11 0.612039 0.044947 0.005333 0.007599
11 0.669155 0.044947 0.004083 0.007599
11 0.700108 0.044947 0.003999 0.007599
11 0.596833 0.089808 0.004749 0.004384
11 0.805026 0.597687 0.002861 0.005845
11 0.790201 0.601311 0.002500 0.006137
11 0.815368 0.578582 0.002500 0.006137
11 0.626557 0.305126 0.002291 0.008037
11 0.684840 0.305126 0.002291 0.008037
11 0.817221 0.603679 0.003935 0.003215
11 0.797719 0.597687 0.002000 0.005845
11 0.810003 0.595934 0.002000 0.005845
11 0.793260 0.616389 0.002721 0.004696
