1 0.899516 0.248085 0.001359 0.005351
1 0.942511 0.489421 0.001359 0.005351
1 0.947090 0.489421 0.001359 0.005351
1 0.950714 0.489421 0.001359 0.005351
1 0.935017 0.248193 0.001359 0.005351
1 0.946949 0.248113 0.001359 0.005351
1 0.939045 0.248193 0.001359 0.005351
1 0.950675 0.248113 0.001359 0.005351
1 0.895687 0.248085 0.001359 0.005351
1 0.895712 0.463293 0.001359 0.005351
1 0.900242 0.463293 0.001359 0.005351
1 0.957858 0.453132 0.001359 0.005351
1 0.961805 0.453132 0.001359 0.005351
1 0.906435 0.377210 0.001057 0.004162
1 0.905908 0.317227 0.001057 0.004162
1 0.910338 0.317227 0.001057 0.004162
1 0.910865 0.377210 0.001057 0.004162
1 0.906435 0.436660 0.001057 0.004162
1 0.910865 0.436660 0.001057 0.004162
1 0.906435 0.496110 0.001057 0.004162
1 0.910865 0.496110 0.001057 0.004162
1 0.906435 0.555560 0.001057 0.004162
1 0.910865 0.555560 0.001057 0.004162
1 0.906435 0.615010 0.001057 0.004162
1 0.910865 0.615010 0.001057 0.004162
1 0.919513 0.252840 0.001057 0.004162
1 0.929629 0.252840 0.001057 0.004162
1 0.904457 0.252364 0.001057 0.004162
1 0.909492 0.252364 0.001057 0.004162
1 0.914479 0.252840 0.001057 0.004162
1 0.924595 0.252840 0.001057 0.004162
4 0.520241 0.447937 0.007397 0.331769
4 0.622614 0.236313 0.030407 0.041615
11 0.911064 0.414470 0.008195 0.018224
11 0.900087 0.480247 0.003835 0.010905
11 0.905232 0.472613 0.003928 0.007634
11 0.921831 0.250681 0.002079 0.018403
11 0.917280 0.256707 0.002079 0.018403
11 0.906783 0.241009 0.008463 0.011649
11 0.902059 0.265141 0.007847 0.013578
11 0.898310 0.220694 0.003829 0.054782
11 0.898714 0.443767 0.004531 0.039053
11 0.758914 0.298141 0.015506 0.046371
11 0.634884 0.295763 0.008659 0.041615
11 0.733541 0.355213 0.005437 0.041615
11 0.733541 0.533564 0.005437 0.041615
