0 0.676299 0.696660 0.009928 0.002134
0 0.670123 0.673910 0.018326 0.008397
0 0.681176 0.695480 0.003782 0.034743
0 0.670307 0.701621 0.002878 0.001911
0 0.671104 0.705103 0.002723 0.002772
0 0.672241 0.708266 0.002475 0.003540
0 0.673682 0.711003 0.002145 0.004190
0 0.675377 0.713224 0.001743 0.004699
0 0.677269 0.714853 0.001282 0.005050
0 0.683506 0.769748 0.001078 0.001777
0 0.683763 0.767910 0.002342 0.002066
0 0.694019 0.648682 0.004853 0.001674
0 0.698546 0.704303 0.001441 0.003100
0 0.773544 0.695480 0.003782 0.034743
0 0.762504 0.673910 0.018298 0.008397
0 0.865800 0.768302 0.001962 0.001114
0 0.838729 0.667945 0.001158 0.002268
0 0.838745 0.664505 0.001125 0.004611
0 0.876448 0.668019 0.001106 0.002415
0 0.876463 0.664433 0.001135 0.004755
0 0.875491 0.682485 0.003049 0.005466
0 0.875491 0.687951 0.003049 0.005466
0 0.874713 0.694422 0.004605 0.007475
0 0.874308 0.674899 0.005414 0.009706
0 0.877300 0.667519 0.001939 0.004608
0 0.879167 0.671535 0.001939 0.004608
0 0.881471 0.665346 0.004909 0.002320
0 0.605846 0.738983 0.001316 0.002010
0 0.604843 0.672549 0.002453 0.004113
0 0.591550 0.772335 0.002087 0.002654
0 0.600827 0.655921 0.002812 0.001859
0 0.569062 0.659919 0.001158 0.002261
0 0.563821 0.656368 0.001987 0.001409
0 0.605393 0.724473 0.001905 0.002534
0 0.579811 0.697545 0.018169 0.003905
0 0.574242 0.684828 0.007031 0.029340
0 0.579811 0.907668 0.018169 0.003905
0 0.574242 0.894950 0.007031 0.029340
0 0.676299 0.906783 0.009928 0.002134
0 0.676299 0.486537 0.009928 0.002134
0 0.579811 0.487423 0.018169 0.003905
0 0.574242 0.474705 0.007031 0.029340
0 0.676299 0.276415 0.009928 0.002134
0 0.579811 0.277300 0.018169 0.003905
0 0.574242 0.264583 0.007031 0.029340
0 0.472587 0.693722 0.001432 0.003211
0 0.490824 0.772442 0.001111 0.002133
0 0.502056 0.663874 0.001920 0.002005
0 0.501622 0.664730 0.001053 0.003716
0 0.511077 0.662659 0.001898 0.002066
0 0.510076 0.665570 0.003579 0.001490
0 0.473865 0.693163 0.003987 0.002093
0 0.491715 0.774955 0.001152 0.003279
0 0.514005 0.672505 0.001279 0.002960
0 0.676300 0.066292 0.009928 0.002134
0 0.579812 0.067178 0.018169 0.003905
0 0.574243 0.054460 0.007031 0.029340
0 0.240559 0.783007 0.052088 0.001761
0 0.240997 0.789717 0.047338 0.001600
0 0.232926 0.772707 0.146223 0.004943
0 0.175225 0.655639 0.002021 0.163355
0 0.178313 0.653769 0.002218 0.179327
0 0.191022 0.674845 0.003389 0.274014
0 0.202752 0.616887 0.001043 0.084349
0 0.171669 0.745531 0.009133 0.016428
0 0.172290 0.795762 0.009547 0.017060
0 0.212762 0.797131 0.009133 0.016428
0 0.266532 0.793927 0.003733 0.006821
0 0.279599 0.794369 0.003733 0.006569
0 0.232926 0.547682 0.146223 0.033015
0 0.256368 0.538357 0.099340 0.022430
0 0.164427 0.546833 0.009224 0.002083
0 0.162281 0.554584 0.004932 0.001114
0 0.169481 0.564551 0.009467 0.018821
0 0.293052 0.575874 0.025972 0.005864
0 0.203810 0.702354 0.001071 0.086587
0 0.231177 0.561904 0.036897 0.008331
0 0.204727 0.702974 0.004326 0.003960
0 0.258312 0.568031 0.017373 0.003923
0 0.259330 0.613892 0.001400 0.018721
0 0.260652 0.613892 0.001244 0.018721
0 0.232745 0.628952 0.025511 0.004016
0 0.233212 0.636315 0.024578 0.004016
0 0.233679 0.644013 0.023645 0.004686
0 0.234920 0.659469 0.002146 0.009306
0 0.234145 0.651794 0.022711 0.004184
0 0.238435 0.664366 0.008122 0.010251
0 0.232211 0.646863 0.001978 0.005195
0 0.229153 0.641756 0.002345 0.002343
0 0.225946 0.636670 0.004071 0.007829
0 0.228338 0.709799 0.003360 0.002677
0 0.228338 0.712476 0.003360 0.002677
0 0.228338 0.715154 0.003360 0.002677
0 0.228338 0.717831 0.003360 0.002677
0 0.228338 0.720509 0.003360 0.002677
0 0.228338 0.723186 0.003360 0.002677
0 0.228338 0.725863 0.003360 0.002677
0 0.228338 0.728541 0.003360 0.002677
0 0.228338 0.731218 0.003360 0.002677
0 0.228338 0.704444 0.003360 0.002677
0 0.228338 0.707121 0.003360 0.002677
0 0.233550 0.584584 0.001493 0.006024
0 0.232057 0.584584 0.001493 0.006024
0 0.230563 0.584584 0.001493 0.006024
0 0.229070 0.584584 0.001493 0.006024
0 0.227577 0.584584 0.001493 0.006024
0 0.239524 0.584584 0.001493 0.006024
0 0.238030 0.584584 0.001493 0.006024
0 0.236537 0.584584 0.001493 0.006024
0 0.235044 0.584584 0.001493 0.006024
0 0.244004 0.584584 0.001493 0.006024
0 0.242510 0.584584 0.001493 0.006024
0 0.241017 0.584584 0.001493 0.006024
0 0.228338 0.701767 0.003360 0.002677
0 0.254212 0.587853 0.003114 0.001263
0 0.232640 0.772697 0.080850 0.002733
0 0.232608 0.664336 0.001066 0.001155
0 0.232913 0.664527 0.001418 0.001537
0 0.235137 0.667010 0.002624 0.004665
0 0.237077 0.669775 0.002023 0.005491
0 0.239324 0.671647 0.001309 0.006011
0 0.253714 0.739797 0.013316 0.002343
0 0.253714 0.742140 0.013316 0.002343
0 0.245497 0.584584 0.001493 0.006024
0 0.246990 0.584584 0.001493 0.006024
0 0.248484 0.584584 0.001493 0.006024
0 0.249977 0.584584 0.001493 0.006024
0 0.251470 0.584584 0.001493 0.006024
0 0.252964 0.584584 0.001493 0.006024
0 0.255079 0.584584 0.001493 0.006024
0 0.256573 0.584584 0.001493 0.006024
0 0.226083 0.584584 0.001493 0.006024
0 0.224590 0.584584 0.001493 0.006024
0 0.223097 0.584584 0.001493 0.006024
0 0.221603 0.584584 0.001493 0.006024
0 0.220110 0.584584 0.001493 0.006024
0 0.211585 0.622158 0.003360 0.002677
0 0.211585 0.619480 0.003360 0.002677
0 0.211585 0.616803 0.003360 0.002677
0 0.211585 0.614125 0.003360 0.002677
0 0.211585 0.611448 0.003360 0.002677
0 0.211585 0.608770 0.003360 0.002677
0 0.211585 0.606093 0.003360 0.002677
0 0.211585 0.603416 0.003360 0.002677
0 0.211585 0.600738 0.003360 0.002677
0 0.256141 0.603360 0.004853 0.001674
0 0.219471 0.711684 0.008919 0.002120
1 0.667543 0.674895 0.001444 0.002588
1 0.759911 0.674895 0.001444 0.002588
2 0.681263 0.695593 0.026843 0.048127
2 0.663094 0.699498 0.017346 0.031100
2 0.670125 0.670158 0.019023 0.034106
2 0.667543 0.674895 0.003733 0.006694
2 0.773630 0.695593 0.019998 0.035855
2 0.755461 0.699498 0.017346 0.031100
2 0.762493 0.670158 0.019023 0.034106
2 0.759911 0.674895 0.003733 0.006694
2 0.850197 0.701188 0.017422 0.003179
2 0.845997 0.677594 0.014622 0.003179
2 0.847397 0.684789 0.015556 0.003179
2 0.848797 0.692654 0.016489 0.003179
2 0.862082 0.695631 0.019998 0.035931
2 0.843913 0.699498 0.017720 0.031770
2 0.850944 0.670158 0.019023 0.034106
2 0.588896 0.695593 0.023358 0.041879
2 0.570727 0.699498 0.017346 0.031100
2 0.577758 0.670158 0.022383 0.040130
2 0.575144 0.674844 0.003659 0.006560
2 0.477188 0.675848 0.006222 0.011156
2 0.497006 0.701178 0.006222 0.011156
2 0.486572 0.750804 0.006222 0.011156
2 0.480071 0.709051 0.006780 0.011156
2 0.486572 0.675848 0.006222 0.011156
2 0.497006 0.690022 0.006222 0.011156
2 0.213676 0.745277 0.018667 0.033468
2 0.170754 0.797384 0.018667 0.033468
2 0.167873 0.564477 0.018667 0.033468
2 0.260691 0.600406 0.014953 0.026810
2 0.279599 0.757548 0.007467 0.013387
2 0.246745 0.726800 0.003733 0.006694
2 0.254461 0.726800 0.003733 0.006694
2 0.244889 0.750429 0.007708 0.013820
2 0.244769 0.756489 0.007467 0.013387
2 0.263079 0.607878 0.003733 0.006694
2 0.263079 0.620128 0.003733 0.006694
2 0.263079 0.656452 0.003733 0.006694
2 0.269057 0.646522 0.002520 0.004518
2 0.269057 0.631941 0.002520 0.004518
2 0.261212 0.643845 0.003733 0.006694
2 0.261212 0.633515 0.003733 0.006694
2 0.261212 0.710234 0.007467 0.013387
2 0.256701 0.597637 0.003733 0.006694
2 0.220732 0.600984 0.007467 0.013387
2 0.219487 0.598752 0.012445 0.022312
2 0.242587 0.653782 0.025241 0.045254
2 0.264013 0.736841 0.007467 0.013387
3 0.693088 0.768406 0.001493 0.002702
3 0.691779 0.700000 0.001058 0.001562
3 0.693272 0.706972 0.001058 0.001562
3 0.693272 0.700000 0.001058 0.001562
3 0.689259 0.652810 0.001058 0.001562
3 0.690752 0.652810 0.001058 0.001562
3 0.689259 0.660061 0.001058 0.001562
3 0.690752 0.660061 0.001058 0.001562
3 0.667543 0.674895 0.001244 0.002231
3 0.691779 0.706972 0.001058 0.001562
3 0.783119 0.660061 0.001058 0.001562
3 0.781626 0.660061 0.001058 0.001562
3 0.783119 0.652810 0.001058 0.001562
3 0.781626 0.652810 0.001058 0.001562
3 0.785639 0.700000 0.001058 0.001562
3 0.785639 0.706972 0.001058 0.001562
3 0.784146 0.706972 0.001058 0.001562
3 0.784146 0.700000 0.001058 0.001562
3 0.785456 0.768406 0.001493 0.002702
3 0.759911 0.674895 0.001369 0.002454
3 0.873907 0.768406 0.001493 0.002702
3 0.870077 0.652810 0.001058 0.001562
3 0.871570 0.652810 0.001058 0.001562
3 0.871570 0.660061 0.001058 0.001562
3 0.870077 0.660061 0.001058 0.001562
3 0.844389 0.647158 0.003024 0.002410
3 0.874091 0.700000 0.001058 0.001562
3 0.872566 0.700000 0.001058 0.001562
3 0.872566 0.706972 0.001058 0.001562
3 0.874091 0.706972 0.001058 0.001562
3 0.598384 0.652810 0.001058 0.001562
3 0.598384 0.660061 0.001058 0.001562
3 0.596891 0.660061 0.001058 0.001562
3 0.596891 0.652810 0.001058 0.001562
3 0.600905 0.700000 0.001058 0.001562
3 0.600905 0.706972 0.001058 0.001562
3 0.599411 0.706972 0.001058 0.001562
3 0.599411 0.700000 0.001058 0.001562
3 0.600721 0.768406 0.001493 0.002702
3 0.575144 0.674844 0.001244 0.002231
3 0.505909 0.652810 0.001058 0.001562
3 0.505909 0.660061 0.001058 0.001562
3 0.508429 0.700000 0.001058 0.001562
3 0.508429 0.706972 0.001058 0.001562
3 0.934644 0.768406 0.001493 0.002702
3 0.934827 0.706972 0.001058 0.001562
3 0.933303 0.706972 0.001058 0.001562
3 0.933303 0.700000 0.001058 0.001562
3 0.934827 0.700000 0.001058 0.001562
3 0.981777 0.768406 0.001493 0.002702
3 0.981961 0.706972 0.001058 0.001562
3 0.980436 0.706972 0.001058 0.001562
3 0.980436 0.700000 0.001058 0.001562
3 0.981961 0.700000 0.001058 0.001562
3 0.232881 0.625026 0.019914 0.035705
3 0.225265 0.655310 0.017186 0.030812
3 0.242621 0.653741 0.017590 0.031537
3 0.262177 0.668511 0.002613 0.004686
3 0.262177 0.674089 0.002613 0.004686
4 0.219367 0.710624 0.008711 0.003347
4 0.219367 0.732936 0.008711 0.003347
4 0.219367 0.727358 0.008711 0.003347
4 0.219367 0.716202 0.008711 0.003347
4 0.219367 0.721780 0.008711 0.003347
4 0.227570 0.693531 0.001867 0.010040
4 0.663436 0.748863 0.001431 0.009483
6 0.259913 0.598793 0.002127 0.002542
11 0.697845 0.658165 0.002800 0.018407
11 0.691530 0.785510 0.013689 0.005132
11 0.663436 0.748863 0.001431 0.009483
11 0.879203 0.667223 0.001867 0.004016
11 0.575144 0.674844 0.003733 0.006694
11 0.595896 0.766294 0.011885 0.009427
11 0.869299 0.766294 0.011449 0.009427
11 0.782528 0.766294 0.008089 0.009427
11 0.690161 0.766294 0.008089 0.009427
11 0.490784 0.675848 0.006222 0.011156
11 0.510256 0.690681 0.005531 0.009916
11 0.489834 0.761960 0.006222 0.011156
11 0.492718 0.637247 0.019128 0.010866
11 0.480350 0.675848 0.006222 0.011156
11 0.505349 0.676405 0.010889 0.005578
11 0.924312 0.760354 0.001867 0.004016
11 0.924312 0.754552 0.001867 0.004016
11 0.924312 0.748751 0.001867 0.004016
11 0.934547 0.705578 0.008276 0.014837
11 0.931716 0.766294 0.008089 0.009427
11 0.971445 0.760354 0.001867 0.004016
11 0.971445 0.754552 0.001867 0.004016
11 0.971445 0.748751 0.001867 0.004016
11 0.981681 0.705578 0.008276 0.014837
11 0.978850 0.766294 0.008089 0.009427
11 0.599333 0.719772 0.001338 0.001171
11 0.599333 0.722003 0.001338 0.001171
11 0.599333 0.728696 0.001338 0.001171
11 0.599333 0.730928 0.001338 0.001171
11 0.599333 0.737621 0.001338 0.001171
11 0.599333 0.739852 0.001338 0.001171
11 0.690472 0.719802 0.001493 0.001673
11 0.782839 0.719802 0.001493 0.001673
11 0.871259 0.719802 0.001493 0.001673
11 0.931996 0.719802 0.001493 0.001673
11 0.979130 0.719802 0.001493 0.001673
11 0.170091 0.743804 0.018667 0.033468
11 0.214339 0.798858 0.018667 0.033468
11 0.279599 0.791022 0.007467 0.013387
11 0.266532 0.790580 0.007467 0.013387
11 0.211562 0.574341 0.018667 0.033468
11 0.217490 0.672893 0.001867 0.008925
11 0.220850 0.679586 0.001867 0.008925
11 0.224210 0.686280 0.001867 0.008925
11 0.227570 0.693531 0.001867 0.010040
11 0.229835 0.755790 0.007467 0.013387
11 0.266532 0.757106 0.007467 0.013387
11 0.266532 0.576633 0.007467 0.013387
11 0.279599 0.579583 0.007467 0.013387
11 0.220533 0.620540 0.004821 0.007698
11 0.246637 0.721362 0.003516 0.008646
11 0.229835 0.750340 0.007467 0.013387
11 0.228338 0.709799 0.003360 0.002677
11 0.228338 0.712476 0.003360 0.002677
11 0.228338 0.715154 0.003360 0.002677
11 0.228338 0.717831 0.003360 0.002677
11 0.228338 0.720509 0.003360 0.002677
11 0.228338 0.723186 0.003360 0.002677
11 0.228338 0.725863 0.003360 0.002677
11 0.228338 0.728541 0.003360 0.002677
11 0.228338 0.731218 0.003360 0.002677
11 0.228338 0.704444 0.003360 0.002677
11 0.228338 0.707121 0.003360 0.002677
11 0.233550 0.584584 0.001493 0.006024
11 0.232057 0.584584 0.001493 0.006024
11 0.230563 0.584584 0.001493 0.006024
11 0.229070 0.584584 0.001493 0.006024
11 0.227577 0.584584 0.001493 0.006024
11 0.226083 0.584584 0.001493 0.006024
11 0.224590 0.584584 0.001493 0.006024
11 0.239524 0.584584 0.001493 0.006024
11 0.238030 0.584584 0.001493 0.006024
11 0.236537 0.584584 0.001493 0.006024
11 0.235044 0.584584 0.001493 0.006024
11 0.245497 0.584584 0.001493 0.006024
11 0.244004 0.584584 0.001493 0.006024
11 0.242510 0.584584 0.001493 0.006024
11 0.241017 0.584584 0.001493 0.006024
11 0.228338 0.701767 0.003360 0.002677
11 0.225574 0.703204 0.001462 0.006526
11 0.225559 0.718488 0.001182 0.002845
11 0.224439 0.696009 0.001307 0.002845
11 0.246990 0.584584 0.001493 0.006024
11 0.248484 0.584584 0.001493 0.006024
11 0.249977 0.584584 0.001493 0.006024
11 0.251470 0.584584 0.001493 0.006024
11 0.252964 0.584584 0.001493 0.006024
11 0.255079 0.584584 0.001493 0.006024
11 0.256573 0.584584 0.001493 0.006024
11 0.223097 0.584584 0.001493 0.006024
11 0.221603 0.584584 0.001493 0.006024
11 0.220110 0.584584 0.001493 0.006024
11 0.211585 0.622158 0.003360 0.002677
11 0.211585 0.619480 0.003360 0.002677
11 0.211585 0.616803 0.003360 0.002677
11 0.211585 0.614125 0.003360 0.002677
11 0.211585 0.611448 0.003360 0.002677
11 0.211585 0.608770 0.003360 0.002677
11 0.211585 0.606093 0.003360 0.002677
11 0.211585 0.603416 0.003360 0.002677
11 0.211585 0.600738 0.003360 0.002677
11 0.244132 0.729757 0.005600 0.017069
11 0.242639 0.732434 0.008587 0.022424
11 0.244723 0.715031 0.001556 0.004016
11 0.244723 0.709230 0.001556 0.004016
11 0.244723 0.703429 0.001556 0.004016
11 0.258568 0.648374 0.001867 0.004016
11 0.258568 0.642908 0.001867 0.004016
11 0.258568 0.637441 0.001867 0.004016
11 0.258568 0.631975 0.001867 0.004016
11 0.258568 0.626508 0.001867 0.004016
11 0.242168 0.753303 0.002427 0.001673
11 0.231339 0.752968 0.008193 0.005132
11 0.219367 0.727358 0.008711 0.003347
11 0.219367 0.721780 0.008711 0.003347
11 0.219367 0.716202 0.008711 0.003347
11 0.219367 0.710624 0.008711 0.003347
11 0.219367 0.732936 0.008711 0.003347
11 0.221701 0.705046 0.004044 0.003347
11 0.238370 0.574836 0.047745 0.015481
11 0.492718 0.637247 0.019128 0.010866
11 0.934547 0.705578 0.008276 0.014837
11 0.981681 0.705578 0.008276 0.014837
11 0.595896 0.766294 0.011885 0.009427
11 0.869299 0.766294 0.011449 0.009427
11 0.931716 0.766294 0.008089 0.009427
11 0.978850 0.766294 0.008089 0.009427
11 0.782528 0.766294 0.008089 0.009427
11 0.690161 0.766294 0.008089 0.009427
11 0.242639 0.732434 0.008587 0.022424
11 0.691530 0.785510 0.013689 0.005132
11 0.505349 0.676405 0.010889 0.005578
11 0.697845 0.658165 0.002800 0.018407
11 0.244132 0.729757 0.005600 0.017069
11 0.231339 0.752968 0.008193 0.005132
11 0.220533 0.620540 0.004821 0.007698
11 0.220850 0.679586 0.001867 0.008925
11 0.217490 0.672893 0.001867 0.008925
11 0.224210 0.686280 0.001867 0.008925
11 0.221701 0.705046 0.004044 0.003347
11 0.225574 0.703204 0.001462 0.006526
11 0.228338 0.731218 0.003360 0.002677
11 0.211585 0.603416 0.003360 0.002677
11 0.232057 0.584584 0.001493 0.006024
11 0.251470 0.584584 0.001493 0.006024
11 0.256573 0.584584 0.001493 0.006024
11 0.228338 0.709799 0.003360 0.002677
11 0.228338 0.712476 0.003360 0.002677
11 0.228338 0.715154 0.003360 0.002677
11 0.228338 0.717831 0.003360 0.002677
11 0.228338 0.720509 0.003360 0.002677
11 0.228338 0.723186 0.003360 0.002677
11 0.228338 0.725863 0.003360 0.002677
11 0.228338 0.728541 0.003360 0.002677
11 0.228338 0.704444 0.003360 0.002677
11 0.228338 0.707121 0.003360 0.002677
11 0.233550 0.584584 0.001493 0.006024
11 0.230563 0.584584 0.001493 0.006024
11 0.229070 0.584584 0.001493 0.006024
11 0.227577 0.584584 0.001493 0.006024
11 0.226083 0.584584 0.001493 0.006024
11 0.224590 0.584584 0.001493 0.006024
11 0.239524 0.584584 0.001493 0.006024
11 0.238030 0.584584 0.001493 0.006024
11 0.236537 0.584584 0.001493 0.006024
11 0.235044 0.584584 0.001493 0.006024
11 0.245497 0.584584 0.001493 0.006024
11 0.244004 0.584584 0.001493 0.006024
11 0.242510 0.584584 0.001493 0.006024
11 0.241017 0.584584 0.001493 0.006024
11 0.228338 0.701767 0.003360 0.002677
11 0.246990 0.584584 0.001493 0.006024
11 0.248484 0.584584 0.001493 0.006024
11 0.249977 0.584584 0.001493 0.006024
11 0.252964 0.584584 0.001493 0.006024
11 0.255079 0.584584 0.001493 0.006024
11 0.223097 0.584584 0.001493 0.006024
11 0.221603 0.584584 0.001493 0.006024
11 0.220110 0.584584 0.001493 0.006024
11 0.211585 0.622158 0.003360 0.002677
11 0.211585 0.619480 0.003360 0.002677
11 0.211585 0.616803 0.003360 0.002677
11 0.211585 0.614125 0.003360 0.002677
11 0.211585 0.611448 0.003360 0.002677
11 0.211585 0.606093 0.003360 0.002677
11 0.211585 0.600738 0.003360 0.002677
11 0.211585 0.608770 0.003360 0.002677
11 0.924312 0.754552 0.001867 0.004016
11 0.924312 0.748751 0.001867 0.004016
11 0.971445 0.748751 0.001867 0.004016
11 0.924312 0.760354 0.001867 0.004016
11 0.971445 0.760354 0.001867 0.004016
11 0.971445 0.754552 0.001867 0.004016
11 0.844389 0.647158 0.003024 0.002410
11 0.593656 0.723260 0.002676 0.002677
11 0.593656 0.732185 0.002676 0.002677
11 0.593656 0.741110 0.002676 0.002677
11 0.258521 0.648374 0.001773 0.003681
11 0.258521 0.642908 0.001773 0.003681
11 0.258521 0.637441 0.001773 0.003681
11 0.258521 0.631975 0.001773 0.003681
11 0.258521 0.626508 0.001773 0.003681
11 0.879157 0.667223 0.001773 0.003681
11 0.244770 0.715031 0.001462 0.003681
11 0.244770 0.709230 0.001462 0.003681
11 0.244770 0.703429 0.001462 0.003681
11 0.224439 0.696009 0.001307 0.002845
