0 0.561983 0.096170 0.014971 0.044787
0 0.358237 0.492643 0.001226 0.002350
1 0.357748 0.325640 0.001193 0.003660
1 0.358804 0.357684 0.004622 0.014173
1 0.358804 0.346916 0.004622 0.014173
1 0.356895 0.357684 0.004622 0.014173
1 0.356895 0.346916 0.004622 0.014173
1 0.293680 0.558297 0.001698 0.005207
1 0.295176 0.565583 0.001014 0.003109
1 0.294425 0.565583 0.001014 0.003109
1 0.295176 0.567176 0.001014 0.003109
1 0.294425 0.567176 0.001014 0.003109
2 0.576797 0.102133 0.014658 0.032862
2 0.540251 0.013287 0.004216 0.026551
2 0.558545 0.078764 0.008094 0.033171
2 0.563487 0.096261 0.017979 0.052687
6 0.300417 0.371898 0.001090 0.002228
11 0.398845 0.499583 0.025681 0.180475
11 0.399201 0.344278 0.026727 0.090026
