1 0.827601 0.323247 0.001309 0.007667
1 0.823346 0.229264 0.001091 0.006390
1 0.823346 0.236079 0.001091 0.006390
1 0.827601 0.346250 0.001309 0.007667
1 0.859600 0.357396 0.001178 0.006901
1 0.856704 0.649910 0.002156 0.012629
1 0.855669 0.672912 0.001309 0.007667
1 0.856327 0.784690 0.008683 0.050853
1 0.856589 0.744386 0.002322 0.013598
1 0.856589 0.739454 0.002322 0.013598
1 0.857062 0.762725 0.003423 0.020048
1 0.851969 0.741920 0.007201 0.042175
1 0.853054 0.722253 0.002278 0.013342
1 0.857624 0.787925 0.001469 0.008603
1 0.855592 0.762725 0.003423 0.020049
1 0.856880 0.741920 0.001339 0.007841
1 0.859600 0.692247 0.010802 0.063262
1 0.926800 0.558824 0.001473 0.008626
1 0.926817 0.464003 0.002989 0.020202
1 0.933992 0.147518 0.006345 0.003367
4 0.947474 0.886432 0.020619 0.035998
4 0.926855 0.886432 0.020619 0.035998
11 0.926855 0.132355 0.020619 0.092010
11 0.789109 0.886432 0.017418 0.035998
11 0.823946 0.886432 0.017418 0.035998
11 0.890418 0.886432 0.017418 0.035998
11 0.872999 0.886432 0.017418 0.035998
11 0.907836 0.886432 0.017418 0.035998
11 0.806528 0.886432 0.017418 0.035998
11 0.840564 0.886432 0.015818 0.035998
11 0.856381 0.886432 0.015818 0.035998
