0 0.078853 0.187479 0.004948 0.016259
0 0.104875 0.192529 0.004948 0.026359
0 0.068243 0.140703 0.004121 0.002200
0 0.089580 0.184249 0.002168 0.003607
0 0.114454 0.184249 0.002168 0.003607
0 0.074099 0.183888 0.004337 0.002886
0 0.273721 0.528951 0.016889 0.007402
0 0.066440 0.200658 0.002771 0.010100
0 0.166750 0.141731 0.078010 0.005050
0 0.220039 0.521689 0.001245 0.007123
0 0.116747 0.153491 0.060066 0.018469
0 0.102610 0.140703 0.004121 0.002200
0 0.098254 0.170577 0.003466 0.010606
0 0.100663 0.183888 0.004337 0.002886
1 0.741334 0.251680 0.001687 0.029771
11 0.094880 0.162124 0.053128 0.040642
11 0.066396 0.157742 0.008483 0.036277
11 0.123704 0.149162 0.020852 0.009812
11 0.174164 0.408322 0.065175 0.363968
11 0.218769 0.301704 0.049302 0.065454
11 0.151953 0.546335 0.050598 0.423808
11 0.203141 0.289078 0.013095 0.040203
11 0.207760 0.557778 0.061016 0.065056
11 0.097138 0.290663 0.008433 0.037035
11 0.080273 0.290663 0.008433 0.037035
11 0.103463 0.301721 0.046381 0.069252
11 0.578825 0.467154 0.073099 0.582982
11 0.835715 0.187212 0.047011 0.154402
11 0.094880 0.162124 0.053128 0.040642
11 0.218769 0.301704 0.049302 0.065454
11 0.103463 0.301721 0.046381 0.069252
