0 0.499482 0.368698 0.006374 0.001169
4 0.143515 0.394468 0.003019 0.010776
4 0.143515 0.410652 0.003019 0.010400
11 0.143515 0.394468 0.003019 0.010776
11 0.019543 0.412448 0.004697 0.006641
11 0.014972 0.417376 0.003858 0.003550
11 0.017467 0.407854 0.008848 0.011486
11 0.017467 0.394676 0.008848 0.015871
11 0.017467 0.384319 0.008848 0.004511
11 0.007214 0.385780 0.007213 0.006933
11 0.007214 0.374274 0.007213 0.010483
11 0.011785 0.352994 0.016354 0.007852
11 0.133996 0.408164 0.011993 0.010771
11 0.143515 0.410652 0.003019 0.010400
11 0.133996 0.392358 0.011993 0.020507
11 0.131354 0.378701 0.006709 0.006641
11 0.260296 0.407830 0.018451 0.011439
11 0.260296 0.395512 0.018451 0.012864
11 0.257361 0.384924 0.012580 0.007977
11 0.266670 0.384924 0.005703 0.007977
11 0.255348 0.378701 0.007716 0.006641
11 0.384793 0.407830 0.018451 0.011439
11 0.384793 0.395512 0.018451 0.012864
11 0.381857 0.384924 0.012580 0.007977
11 0.391167 0.384924 0.005703 0.007977
11 0.379845 0.378701 0.007716 0.006641
11 0.504933 0.407851 0.016606 0.011397
11 0.504933 0.395533 0.016606 0.012906
11 0.502019 0.384924 0.010777 0.007977
11 0.498098 0.380476 0.002935 0.003091
11 0.499776 0.377135 0.006290 0.003425
11 0.499776 0.372269 0.006290 0.005972
11 0.510406 0.384924 0.005661 0.007977
11 0.586672 0.407851 0.016857 0.011397
11 0.586672 0.395533 0.016857 0.012906
11 0.583841 0.384924 0.010861 0.007977
11 0.592270 0.384924 0.005661 0.007977
11 0.581598 0.378764 0.006374 0.006432
11 0.650200 0.407851 0.016857 0.011397
11 0.650200 0.395533 0.016857 0.012906
11 0.647369 0.384924 0.010861 0.007977
11 0.655798 0.384924 0.005661 0.007977
11 0.006438 0.397663 0.012874 0.030197
11 0.133996 0.392358 0.011993 0.020507
11 0.384793 0.395512 0.018451 0.012864
11 0.260296 0.395512 0.018451 0.012864
11 0.508119 0.362045 0.011645 0.019291
11 0.586672 0.395533 0.016857 0.012906
11 0.650200 0.395533 0.016857 0.012906
11 0.504933 0.395533 0.016606 0.012906
11 0.260296 0.407830 0.018451 0.011439
11 0.384793 0.407830 0.018451 0.011439
11 0.586672 0.407851 0.016857 0.011397
11 0.650200 0.407851 0.016857 0.011397
11 0.504933 0.407851 0.016606 0.011397
11 0.017467 0.394676 0.008848 0.015871
11 0.133996 0.408164 0.011993 0.010771
11 0.011785 0.352994 0.016354 0.007852
11 0.257361 0.384924 0.012580 0.007977
11 0.381857 0.384924 0.012580 0.007977
11 0.017467 0.407854 0.008848 0.011486
11 0.647369 0.384924 0.010861 0.007977
11 0.583841 0.384924 0.010861 0.007977
11 0.007214 0.374274 0.007213 0.010483
11 0.502019 0.384924 0.010777 0.007977
11 0.508852 0.362449 0.008852 0.017093
11 0.260004 0.402027 0.017196 0.003425
11 0.384501 0.402027 0.017196 0.003425
11 0.650160 0.402027 0.015100 0.003425
11 0.586632 0.402027 0.015100 0.003425
11 0.504768 0.402027 0.015100 0.003425
11 0.007214 0.385780 0.007213 0.006933
11 0.134798 0.412848 0.012643 0.011813
11 0.266670 0.384924 0.005703 0.007977
11 0.391167 0.384924 0.005703 0.007977
11 0.592270 0.384924 0.005661 0.007977
11 0.655798 0.384924 0.005661 0.007977
11 0.510406 0.384924 0.005661 0.007977
11 0.379845 0.378701 0.007716 0.006641
11 0.255348 0.378701 0.007716 0.006641
11 0.017467 0.384319 0.008848 0.004511
11 0.509188 0.363420 0.008181 0.014149
11 0.499776 0.372269 0.006290 0.005972
11 0.140419 0.374520 0.009295 0.009054
11 0.131354 0.378701 0.006709 0.006641
11 0.581598 0.378764 0.006374 0.006432
11 0.019543 0.412448 0.004697 0.006641
11 0.140922 0.375074 0.008289 0.008157
11 0.142457 0.386804 0.007196 0.005922
11 0.499776 0.377135 0.006290 0.003425
11 0.014972 0.417376 0.003858 0.003550
11 0.498098 0.380476 0.002935 0.003091
11 0.144055 0.403284 0.002275 0.003431
11 0.135915 0.380957 0.003083 0.003551
