0 0.204822 0.327026 0.004550 0.180822
0 0.211115 0.314601 0.001546 0.205672
0 0.207414 0.238477 0.005127 0.003724
0 0.205507 0.458213 0.017438 0.001841
0 0.762752 0.407757 0.021608 0.009159
0 0.773692 0.421376 0.001474 0.012598
0 0.020515 0.042253 0.019405 0.007552
0 0.014843 0.027617 0.001220 0.003830
0 0.025900 0.027617 0.001220 0.003830
0 0.031544 0.037171 0.001011 0.001305
0 0.206392 0.410830 0.001408 0.013999
0 0.208015 0.410830 0.004654 0.013999
4 0.204822 0.327026 0.004550 0.180822
11 0.016012 0.152496 0.016002 0.186266
11 0.203453 0.240249 0.005749 0.009975
11 0.763715 0.179521 0.005756 0.064489
11 0.413397 0.992807 0.001264 0.014359
11 0.216342 0.245379 0.010678 0.022191
11 0.214720 0.326356 0.008044 0.172035
11 0.761109 0.413376 0.018322 0.020397
11 0.771613 0.419489 0.002684 0.008171
11 0.759826 0.142687 0.001264 0.006897
11 0.021498 0.020201 0.022745 0.032634
11 0.016012 0.152496 0.016002 0.186266
11 0.021498 0.020201 0.022745 0.032634
11 0.216342 0.245379 0.010678 0.022191
