0 0.556485 0.167488 0.013119 0.018569
0 0.536577 0.187485 0.052935 0.021426
0 0.556485 0.187485 0.011657 0.018569
0 0.516669 0.187485 0.011657 0.018569
0 0.543386 0.187485 0.013078 0.018569
0 0.529672 0.187485 0.012886 0.018569
0 0.516669 0.167488 0.011657 0.015712
0 0.091365 0.715306 0.182658 0.278007
0 0.166311 0.513690 0.259997 0.043810
1 0.595274 0.835666 0.020113 0.085702
1 0.595274 0.857092 0.018285 0.039280
1 0.595274 0.815134 0.018285 0.044636
1 0.463241 0.587488 0.027427 0.089273
1 0.456814 0.586595 0.012853 0.087488
1 0.469614 0.586595 0.012746 0.087488
1 0.530595 0.835666 0.027427 0.085702
1 0.524195 0.856645 0.012799 0.040173
1 0.524195 0.814687 0.012799 0.043744
1 0.536995 0.856645 0.012799 0.040173
1 0.536995 0.814687 0.012799 0.043744
1 0.284540 0.184480 0.252106 0.361216
1 0.622968 0.500000 0.402270 0.999857
1 0.475327 0.846379 0.020113 0.085702
1 0.470755 0.866465 0.009142 0.041958
1 0.470755 0.824507 0.009142 0.041958
1 0.479898 0.866465 0.009142 0.041958
1 0.479898 0.824507 0.009142 0.041958
1 0.663225 0.835666 0.027427 0.085702
1 0.656825 0.856645 0.012799 0.040173
1 0.656825 0.814687 0.012799 0.043744
1 0.669624 0.856645 0.012799 0.040173
1 0.669624 0.814687 0.012799 0.043744
1 0.666790 0.848164 0.002743 0.046422
1 0.659659 0.848164 0.002743 0.046422
1 0.788705 0.835666 0.020113 0.085702
1 0.788705 0.857092 0.018285 0.039280
1 0.788705 0.815134 0.018285 0.044636
1 0.795196 0.848164 0.002743 0.046422
1 0.600062 0.351807 0.018285 0.053564
1 0.595948 0.351807 0.008228 0.049993
1 0.604176 0.351807 0.008228 0.049993
1 0.724707 0.835666 0.020113 0.085702
1 0.724707 0.857092 0.018285 0.039280
1 0.724707 0.815134 0.018285 0.044636
1 0.530595 0.585702 0.027427 0.085702
1 0.524195 0.606681 0.012799 0.040173
1 0.524195 0.564723 0.012799 0.043744
1 0.536995 0.606681 0.012799 0.040173
1 0.536995 0.564723 0.012799 0.043744
1 0.595274 0.585702 0.020113 0.085702
1 0.595274 0.607128 0.018285 0.039280
1 0.595274 0.565169 0.018285 0.044636
1 0.660186 0.585702 0.018285 0.085702
1 0.660186 0.607128 0.016456 0.039280
1 0.660186 0.565169 0.016456 0.044636
1 0.788398 0.604199 0.018285 0.035709
1 0.659759 0.343772 0.020113 0.037495
1 0.655188 0.343772 0.009142 0.033924
1 0.664330 0.343772 0.009142 0.033924
1 0.659759 0.379482 0.020113 0.033924
1 0.655188 0.379482 0.009142 0.030353
1 0.664330 0.379482 0.009142 0.030353
1 0.725314 0.346451 0.016456 0.042851
1 0.721657 0.346451 0.007314 0.039280
1 0.728971 0.346451 0.007314 0.039280
1 0.467496 0.346451 0.020113 0.042851
1 0.462925 0.346451 0.009142 0.039280
1 0.472067 0.346451 0.009142 0.039280
1 0.536065 0.346451 0.018285 0.042851
1 0.531951 0.346451 0.008228 0.039280
1 0.540179 0.346451 0.008228 0.039280
1 0.788398 0.354235 0.018285 0.035709
1 0.784283 0.354235 0.008228 0.032138
1 0.792512 0.354235 0.008228 0.032138
1 0.787754 0.093808 0.020113 0.037495
1 0.783183 0.093808 0.009142 0.033924
1 0.792325 0.093808 0.009142 0.033924
1 0.787754 0.129517 0.020113 0.033924
1 0.783183 0.129517 0.009142 0.030353
1 0.792325 0.129517 0.009142 0.030353
1 0.723757 0.108092 0.020113 0.037495
1 0.719185 0.108092 0.009142 0.033924
1 0.728328 0.108092 0.009142 0.033924
1 0.723757 0.143801 0.020113 0.033924
1 0.719185 0.143801 0.009142 0.030353
1 0.728328 0.143801 0.009142 0.030353
1 0.729279 0.585702 0.010971 0.085702
1 0.729279 0.607128 0.009142 0.039280
1 0.729279 0.565169 0.009142 0.044636
1 0.585183 0.180343 0.044277 0.007142
3 0.350202 0.598021 0.006720 0.008749
3 0.659514 0.757230 0.004800 0.006249
3 0.792301 0.757230 0.004800 0.006249
3 0.580769 0.257302 0.004800 0.006249
3 0.350205 0.628647 0.006720 0.008749
3 0.516772 0.257302 0.004800 0.006249
5 0.349217 0.898186 0.006720 0.008749
5 0.165922 0.866074 0.006720 0.008749
5 0.348682 0.851748 0.006720 0.008749
5 0.348739 0.809538 0.006720 0.008749
5 0.166686 0.125303 0.007852 0.010223
5 0.166458 0.195523 0.007852 0.010223
9 0.350191 0.582699 0.006720 0.008749
9 0.700960 0.009270 0.005880 0.007655
11 0.803174 0.570167 0.075648 0.250871
11 0.231342 0.557830 0.111159 0.055971
11 0.306831 0.561607 0.063129 0.052024
11 0.284540 0.184480 0.255793 0.368415
11 0.536577 0.146187 0.052935 0.104021
