0 0.219995 0.507672 0.435259 0.971106
0 0.779694 0.491314 0.435881 0.969078
1 0.133985 0.289848 0.018144 0.096152
1 0.108085 0.338945 0.025071 0.036847
1 0.101677 0.352181 0.002680 0.004112
1 0.101677 0.361375 0.002966 0.004551
1 0.114494 0.352181 0.002680 0.004112
1 0.114494 0.361375 0.002966 0.004551
1 0.122392 0.349468 0.003027 0.003584
1 0.093779 0.376480 0.003027 0.003584
1 0.158071 0.199926 0.066316 0.020202
1 0.143373 0.194109 0.002315 0.002449
1 0.143373 0.184821 0.001252 0.014259
1 0.108085 0.080216 0.032850 0.031052
1 0.117306 0.086579 0.003695 0.005669
1 0.117306 0.089980 0.004858 0.001134
1 0.116922 0.100611 0.004090 0.006275
1 0.099671 0.086579 0.003695 0.005669
1 0.099671 0.089980 0.004858 0.001134
1 0.099287 0.100611 0.004090 0.006275
1 0.185380 0.235093 0.006717 0.003345
1 0.181181 0.232744 0.003402 0.002464
1 0.176982 0.235093 0.006717 0.003345
1 0.181181 0.199959 0.001158 0.005674
1 0.181181 0.209793 0.001158 0.007928
1 0.181181 0.234699 0.001778 0.002088
1 0.130778 0.243393 0.001778 0.002088
1 0.130778 0.241772 0.004837 0.002309
1 0.139027 0.241195 0.008061 0.001154
1 0.130778 0.217545 0.001158 0.046146
1 0.126395 0.328540 0.001351 0.018768
1 0.122129 0.327331 0.007182 0.003318
1 0.158071 0.223879 0.066316 0.025397
1 0.141701 0.200889 0.034381 0.020583
1 0.377342 0.152653 0.002106 0.003465
1 0.377298 0.154529 0.002693 0.001146
1 0.377166 0.160081 0.002331 0.003835
1 0.375455 0.231838 0.002093 0.001084
1 0.375574 0.225291 0.001082 0.009294
1 0.385822 0.164655 0.001793 0.009204
1 0.303858 0.117565 0.001508 0.008063
1 0.299972 0.117565 0.001669 0.008924
1 0.288752 0.290777 0.019102 0.028074
1 0.283870 0.300861 0.002042 0.003133
1 0.283870 0.307866 0.002260 0.003467
1 0.293635 0.300861 0.002042 0.003133
1 0.293635 0.307866 0.002260 0.003467
1 0.368608 0.235353 0.023993 0.020767
1 0.344300 0.221485 0.084838 0.134456
1 0.376391 0.192794 0.013498 0.073423
1 0.302073 0.220677 0.002534 0.003115
1 0.300000 0.220677 0.001152 0.006157
1 0.355191 0.220677 0.002534 0.003115
1 0.357264 0.220677 0.001152 0.006157
1 0.303010 0.281563 0.001029 0.014299
1 0.297781 0.280642 0.006051 0.002528
1 0.375330 0.237106 0.003428 0.015952
1 0.304261 0.298794 0.005374 0.008795
1 0.299653 0.298794 0.002306 0.002731
1 0.277852 0.319374 0.002306 0.002731
1 0.355322 0.189931 0.009149 0.002528
1 0.374731 0.270709 0.006149 0.002068
1 0.363684 0.249999 0.001001 0.005911
1 0.363816 0.244444 0.001001 0.005911
1 0.363219 0.268948 0.003695 0.002404
1 0.304798 0.177125 0.003685 0.001759
1 0.346019 0.177125 0.003685 0.001759
1 0.325409 0.229472 0.045212 0.014073
1 0.325409 0.211882 0.045212 0.014073
1 0.329016 0.137896 0.003710 0.070543
1 0.315312 0.137896 0.007773 0.070543
1 0.647053 0.206722 0.043551 0.015392
1 0.654326 0.238605 0.003685 0.001759
1 0.656935 0.331456 0.001029 0.014299
1 0.663588 0.330535 0.012276 0.002528
1 0.672086 0.324215 0.036810 0.036699
1 0.664451 0.265607 0.009149 0.002528
1 0.677108 0.143054 0.023655 0.035820
1 0.677108 0.287956 0.023655 0.035820
1 0.677108 0.732100 0.023655 0.035820
1 0.677108 0.696280 0.023655 0.035820
1 0.598451 0.714190 0.008274 0.071639
1 0.626677 0.778753 0.008061 0.001154
1 0.611562 0.754446 0.001158 0.007928
1 0.611562 0.780952 0.001778 0.002088
1 0.611562 0.779331 0.004837 0.002309
1 0.601161 0.695313 0.016112 0.003318
1 0.592430 0.694104 0.001351 0.018768
1 0.656830 0.764217 0.125358 0.020166
1 0.887410 0.331543 0.020461 0.088237
1 0.872461 0.268079 0.070916 0.028301
1 0.872461 0.242673 0.070916 0.020202
1 0.891131 0.243637 0.034381 0.020583
1 0.889459 0.236857 0.002315 0.002449
1 0.889459 0.227569 0.001252 0.014259
1 0.867618 0.128174 0.033656 0.020632
1 0.858801 0.129327 0.003695 0.005669
1 0.858801 0.132728 0.004858 0.001134
1 0.876436 0.129327 0.003695 0.005669
1 0.876436 0.132728 0.004858 0.001134
1 0.847472 0.280746 0.006717 0.003345
1 0.851672 0.278397 0.003402 0.002464
1 0.855871 0.280746 0.006717 0.003345
1 0.851672 0.245611 0.001158 0.005674
1 0.851672 0.255446 0.001158 0.007928
1 0.851672 0.280352 0.001778 0.002088
1 0.889459 0.289046 0.001778 0.002088
1 0.889459 0.287425 0.004837 0.002309
1 0.881210 0.286848 0.008061 0.001154
1 0.889459 0.263197 0.001158 0.046146
1 0.924747 0.333637 0.032850 0.060440
1 0.910005 0.378211 0.003366 0.024039
1 0.929283 0.340194 0.002680 0.004112
1 0.929283 0.349965 0.002966 0.004551
1 0.920211 0.340194 0.002680 0.004112
1 0.920211 0.349965 0.002966 0.004551
1 0.896159 0.366278 0.001351 0.018768
1 0.904890 0.365069 0.016112 0.003318
1 0.876436 0.143359 0.004090 0.006275
1 0.858801 0.143359 0.004090 0.006275
1 0.930406 0.831078 0.008061 0.001154
1 0.915291 0.787192 0.001158 0.005674
1 0.915291 0.806770 0.001158 0.007928
1 0.915291 0.799462 0.001158 0.007928
1 0.915291 0.792764 0.001158 0.006710
1 0.915291 0.833276 0.001778 0.002088
1 0.915291 0.831655 0.004837 0.002309
1 0.904890 0.719250 0.016112 0.003318
1 0.969191 0.824976 0.006717 0.003345
1 0.964992 0.822627 0.003402 0.002464
1 0.960793 0.824976 0.006717 0.003345
1 0.964992 0.789841 0.001158 0.005674
1 0.964992 0.799676 0.001158 0.007928
1 0.964992 0.824582 0.001778 0.002088
1 0.946055 0.813762 0.074660 0.025397
1 0.945736 0.790772 0.074829 0.020583
1 0.896159 0.718041 0.001351 0.018768
1 0.368921 0.719697 0.002109 0.002528
1 0.370865 0.719697 0.002109 0.002528
1 0.391387 0.780224 0.054052 0.011385
1 0.382713 0.779421 0.006149 0.002068
1 0.385235 0.644230 0.025029 0.047120
1 0.387054 0.760188 0.062717 0.021031
1 0.377670 0.700584 0.009898 0.065588
1 0.377432 0.741650 0.003428 0.015952
1 0.377584 0.735205 0.002093 0.001084
1 0.377694 0.729243 0.001018 0.006951
1 0.374387 0.713213 0.002411 0.002731
1 0.379936 0.751530 0.002093 0.001084
1 0.380210 0.738791 0.001437 0.024918
1 0.375475 0.748370 0.039033 0.011378
1 0.344223 0.738036 0.021426 0.008879
1 0.374484 0.750470 0.002093 0.001084
1 0.374757 0.737731 0.001413 0.024918
1 0.359688 0.732730 0.001824 0.003001
1 0.365466 0.716104 0.020809 0.121322
1 0.359624 0.752798 0.009125 0.045155
1 0.371646 0.759588 0.001001 0.005911
1 0.371777 0.754033 0.001001 0.005911
1 0.417071 0.781773 0.002684 0.001599
1 0.371181 0.778537 0.003695 0.002404
1 0.366249 0.684694 0.002411 0.002731
1 0.381739 0.730065 0.002132 0.009299
1 0.387284 0.776783 0.062258 0.012098
2 0.101677 0.337791 0.002216 0.006346
2 0.114494 0.337791 0.002216 0.006346
2 0.124965 0.334247 0.004734 0.013558
2 0.283870 0.289897 0.001688 0.004835
2 0.293635 0.289897 0.001688 0.004835
2 0.302495 0.276829 0.001860 0.005327
2 0.658024 0.335804 0.003607 0.010330
2 0.595454 0.693655 0.009424 0.026991
2 0.593105 0.700318 0.002441 0.006991
2 0.592969 0.702389 0.001499 0.004294
2 0.897589 0.371985 0.004734 0.013558
2 0.920211 0.323857 0.002216 0.006346
2 0.929283 0.323857 0.002216 0.006346
2 0.896834 0.360064 0.002441 0.006991
2 0.899183 0.717592 0.009424 0.026991
2 0.896834 0.724255 0.002441 0.006991
2 0.896698 0.726326 0.001499 0.004294
