3 0.237595 0.931950 0.042711 0.055763
0 0.355269 0.384527 0.029818 0.206322
0 0.355269 0.183268 0.029818 0.196196
0 0.355269 0.590849 0.029818 0.206322
0 0.355269 0.790874 0.029818 0.193729
2 0.648530 0.858641 0.032033 0.089220
3 0.132601 0.199580 0.026694 0.089220
0 0.177091 0.635459 0.017084 0.035688
11 0.177091 0.635459 0.019932 0.041636
0 0.223361 0.635459 0.017084 0.035688
11 0.223361 0.635459 0.019932 0.041636
0 0.223361 0.546239 0.017084 0.035688
11 0.223361 0.546239 0.019932 0.041636
0 0.177091 0.546239 0.017084 0.035688
11 0.177091 0.546239 0.019932 0.041636
11 0.185745 0.650929 0.146511 0.355415
