0 0.967120 0.377947 0.050671 0.001683
0 0.967120 0.252948 0.050671 0.001683
0 0.967120 0.127948 0.050671 0.001683
0 0.967120 0.002949 0.050671 0.001683
2 0.388637 0.064409 0.006344 0.005612
2 0.378063 0.064409 0.006344 0.005612
2 0.367490 0.064409 0.006344 0.005612
2 0.356917 0.065812 0.006344 0.002806
2 0.348722 0.062815 0.002643 0.001122
2 0.348722 0.061692 0.002643 0.001122
2 0.348722 0.060570 0.002643 0.001122
2 0.348722 0.059448 0.002643 0.001122
2 0.578958 0.064409 0.006344 0.005612
2 0.589531 0.064409 0.006344 0.005612
2 0.600105 0.064409 0.006344 0.005612
2 0.610678 0.065812 0.006344 0.002806
2 0.618873 0.062815 0.002643 0.001122
2 0.618873 0.061692 0.002643 0.001122
2 0.618873 0.060570 0.002643 0.001122
2 0.618873 0.059448 0.002643 0.001122
11 0.960736 0.392627 0.063440 0.005274
11 0.960736 0.267627 0.063440 0.005274
11 0.960736 0.142628 0.063440 0.005274
11 0.960736 0.017629 0.063440 0.005274
