0 0.030976 0.093098 0.061950 0.062064
0 0.128452 0.167484 0.001117 0.001086
0 0.131033 0.167560 0.001334 0.001238
0 0.127884 0.161922 0.001197 0.001386
0 0.128085 0.160756 0.001599 0.003719
0 0.136859 0.160131 0.001197 0.001147
0 0.030976 0.465485 0.061950 0.062064
0 0.136596 0.165445 0.001468 0.001247
0 0.136664 0.159380 0.001588 0.002648
0 0.999018 0.997922 0.001963 0.004153
0 0.134280 0.164236 0.001324 0.001207
0 0.136858 0.161888 0.001196 0.002373
0 0.229681 0.465485 0.061950 0.062064
0 0.327587 0.465485 0.061950 0.062064
0 0.434527 0.465485 0.061950 0.062064
11 0.059519 0.194946 0.003930 0.002618
11 0.059519 0.132882 0.003930 0.002618
11 0.059519 0.008753 0.003930 0.002618
11 0.161943 0.443204 0.003930 0.002618
11 0.161943 0.194946 0.003930 0.002618
11 0.161943 0.132882 0.003930 0.002618
11 0.161943 0.070817 0.003930 0.002618
11 0.161943 0.008753 0.003930 0.002618
11 0.433523 0.046277 0.001507 0.004284
11 0.432189 0.046277 0.001163 0.004284
11 0.434850 0.046277 0.001146 0.004284
