0 0.427114 0.377947 0.022378 0.001683
0 0.985479 0.377947 0.022378 0.001683
0 0.427114 0.252948 0.022378 0.001683
0 0.985479 0.252948 0.022378 0.001683
0 0.427114 0.127948 0.022378 0.001683
0 0.985479 0.127948 0.022378 0.001683
0 0.427114 0.002949 0.022378 0.001683
0 0.985479 0.002949 0.022378 0.001683
0 0.427114 0.877944 0.022378 0.001683
0 0.985479 0.877944 0.022378 0.001683
11 0.045969 0.391620 0.054694 0.009282
11 0.045969 0.266621 0.054694 0.009282
11 0.045969 0.141622 0.054694 0.009282
11 0.045969 0.016622 0.054694 0.009282
11 0.310147 0.299046 0.022764 0.007716
11 0.045969 0.891618 0.054694 0.009282
11 0.424294 0.392627 0.028017 0.005274
11 0.982660 0.392627 0.028017 0.005274
11 0.424294 0.267627 0.028017 0.005274
11 0.982660 0.267627 0.028017 0.005274
11 0.424294 0.142628 0.028017 0.005274
11 0.982660 0.142628 0.028017 0.005274
11 0.424294 0.017629 0.028017 0.005274
11 0.982660 0.017629 0.028017 0.005274
11 0.424294 0.892624 0.028017 0.005274
11 0.982660 0.892624 0.028017 0.005274
11 0.045969 0.266621 0.054694 0.009282
11 0.045969 0.016622 0.054694 0.009282
11 0.045969 0.891618 0.054694 0.009282
11 0.045969 0.391620 0.054694 0.009282
11 0.045969 0.141622 0.054694 0.009282
11 0.310147 0.299046 0.022764 0.007716
