0 0.392187 0.771520 0.006877 0.006264
0 0.805115 0.771520 0.006877 0.006264
0 0.008997 0.906148 0.001100 0.005002
0 0.107622 0.894029 0.001100 0.005002
0 0.107622 0.881415 0.001100 0.005002
0 0.049292 0.938656 0.001100 0.002790
0 0.455152 0.906148 0.001100 0.005002
0 0.553778 0.894029 0.001100 0.005002
0 0.553778 0.881415 0.001100 0.005002
0 0.495447 0.938656 0.001100 0.002790
0 0.868079 0.906148 0.001100 0.005002
0 0.966705 0.894029 0.001100 0.005002
0 0.966705 0.881415 0.001100 0.005002
0 0.908374 0.938656 0.001100 0.002790
