0 0.890894 0.745914 0.026540 0.085501
0 0.917434 0.745914 0.026540 0.085501
0 0.719086 0.809411 0.032516 0.110889
0 0.240144 0.536410 0.001625 0.016966
0 0.240144 0.473308 0.001625 0.016966
0 0.242840 0.456370 0.001795 0.016911
0 0.242347 0.519472 0.001795 0.016911
0 0.246589 0.536410 0.001625 0.016966
0 0.246589 0.473308 0.001625 0.016966
0 0.258964 0.521502 0.002544 0.014113
0 0.258964 0.458400 0.002544 0.014113
0 0.751603 0.809411 0.032516 0.110889
0 0.890894 0.844647 0.026540 0.085501
0 0.917434 0.844647 0.026540 0.085501
0 0.686570 0.809411 0.032516 0.110889
0 0.686570 0.689661 0.032516 0.110889
0 0.943974 0.844647 0.026540 0.085501
0 0.088347 0.175053 0.024505 0.019930
0 0.088347 0.214914 0.024505 0.019930
0 0.062882 0.214624 0.017351 0.019858
1 0.028197 0.564361 0.001511 0.002319
1 0.051656 0.562196 0.001249 0.001633
1 0.056790 0.575027 0.001097 0.002102
1 0.027773 0.492879 0.001511 0.002319
1 0.051232 0.490714 0.001249 0.001633
1 0.054211 0.503545 0.001097 0.002102
1 0.089890 0.564812 0.001511 0.002319
1 0.089780 0.574283 0.001587 0.002786
1 0.118483 0.575479 0.001097 0.002102
1 0.118815 0.583805 0.001767 0.001106
1 0.113349 0.562647 0.001249 0.001633
1 0.113316 0.565905 0.001322 0.001471
1 0.051434 0.573977 0.002014 0.002494
1 0.051013 0.501814 0.002014 0.002494
1 0.113142 0.572479 0.002014 0.002494
1 0.089466 0.492580 0.001511 0.002319
1 0.112925 0.490415 0.001249 0.001633
1 0.115904 0.503246 0.001097 0.002102
1 0.112706 0.501515 0.002014 0.002494
1 0.089355 0.502050 0.001587 0.002786
1 0.112892 0.493673 0.001322 0.001471
2 0.035965 0.541498 0.001038 0.001594
2 0.035965 0.470267 0.001038 0.001594
2 0.097658 0.541950 0.001038 0.001594
2 0.097658 0.471202 0.001038 0.001594
11 0.044846 0.568751 0.056647 0.061768
11 0.044846 0.494706 0.056647 0.061768
11 0.106539 0.568751 0.056647 0.061768
11 0.106539 0.494706 0.056647 0.061768
11 0.258260 0.831850 0.003703 0.005311
11 0.258260 0.770895 0.003703 0.005311
11 0.278184 0.857040 0.009889 0.023518
11 0.278873 0.796084 0.009889 0.023518
11 0.253041 0.770895 0.003703 0.005311
11 0.106539 0.494706 0.056647 0.061768
11 0.106539 0.568751 0.056647 0.061768
11 0.044846 0.568751 0.056647 0.061768
11 0.044846 0.494706 0.056647 0.061768
11 0.278184 0.857040 0.009889 0.023518
11 0.278873 0.796084 0.009889 0.023518
