0 0.190650 0.421871 0.003701 0.001683
0 0.304314 0.425069 0.003701 0.001683
0 0.776945 0.421871 0.003701 0.001683
0 0.663281 0.425069 0.003701 0.001683
0 0.716148 0.424545 0.003172 0.001683
0 0.712976 0.424545 0.003172 0.001683
0 0.709804 0.424545 0.003172 0.001683
0 0.703460 0.424545 0.003172 0.001683
0 0.700288 0.424545 0.003172 0.001683
0 0.697116 0.424545 0.003172 0.001683
0 0.693944 0.424545 0.003172 0.001683
0 0.687600 0.424545 0.003172 0.001683
0 0.706632 0.424545 0.003172 0.001683
0 0.690772 0.424545 0.003172 0.001683
0 0.722492 0.424545 0.003172 0.001683
0 0.719320 0.424545 0.003172 0.001683
0 0.684428 0.424545 0.003172 0.001683
0 0.747868 0.424545 0.003172 0.001683
0 0.744696 0.424545 0.003172 0.001683
0 0.738352 0.424545 0.003172 0.001683
0 0.735180 0.424545 0.003172 0.001683
0 0.732008 0.424545 0.003172 0.001683
0 0.741524 0.424545 0.003172 0.001683
0 0.728836 0.424545 0.003172 0.001683
0 0.725664 0.424545 0.003172 0.001683
0 0.144920 0.300975 0.008459 0.003858
0 0.788179 0.915279 0.014010 0.002525
0 0.179416 0.915279 0.014010 0.002525
0 0.123165 0.956911 0.003331 0.001403
0 0.151872 0.926538 0.003331 0.001403
0 0.254963 0.926538 0.003331 0.001403
0 0.412506 0.926538 0.003331 0.001403
0 0.384936 0.960418 0.005287 0.001122
0 0.815723 0.926538 0.003331 0.001403
0 0.712632 0.926538 0.003331 0.001403
0 0.555089 0.926538 0.003331 0.001403
0 0.493129 0.918717 0.008036 0.002736
0 0.493129 0.914999 0.008036 0.002736
0 0.474810 0.918436 0.011103 0.002245
0 0.846544 0.927029 0.003331 0.001403
0 0.582659 0.960418 0.005287 0.001122
0 0.360882 0.957121 0.002643 0.002104
0 0.360882 0.947862 0.002643 0.002104
0 0.606713 0.957121 0.002643 0.002104
0 0.606713 0.947862 0.002643 0.002104
0 0.137254 0.952351 0.002643 0.002104
0 0.302728 0.917699 0.002643 0.002104
0 0.664867 0.917699 0.002643 0.002104
0 0.469258 0.914929 0.002643 0.002104
0 0.835627 0.914332 0.002643 0.002104
0 0.835627 0.926397 0.002643 0.002104
0 0.439125 0.915348 0.002643 0.001683
0 0.439125 0.917770 0.002643 0.001683
0 0.442958 0.916437 0.002908 0.005191
0 0.528470 0.915348 0.002643 0.001683
0 0.528470 0.917770 0.002643 0.001683
0 0.524637 0.916437 0.002908 0.005191
0 0.163422 0.926538 0.004229 0.001403
0 0.266512 0.926537 0.004229 0.001403
0 0.804173 0.926538 0.004229 0.001403
0 0.701082 0.926538 0.004229 0.001403
0 0.852509 0.920716 0.003908 0.016695
0 0.852181 0.918143 0.001194 0.004925
0 0.851201 0.923329 0.001294 0.005456
0 0.788179 0.422467 0.014010 0.002525
0 0.179416 0.422467 0.014010 0.002525
0 0.493129 0.425904 0.008036 0.002736
0 0.493129 0.422186 0.008036 0.002736
0 0.474810 0.425624 0.011103 0.002245
0 0.836684 0.455050 0.012159 0.038861
0 0.788179 0.297468 0.014010 0.002525
0 0.179416 0.297468 0.014010 0.002525
0 0.125888 0.292452 0.025960 0.004209
0 0.841707 0.292452 0.025960 0.004209
0 0.484062 0.350989 0.054453 0.002315
0 0.555961 0.290418 0.004758 0.001263
0 0.441239 0.290418 0.004758 0.001263
0 0.411634 0.290418 0.004758 0.001263
0 0.526355 0.290418 0.004758 0.001263
0 0.484062 0.290418 0.004758 0.001263
0 0.839616 0.322194 0.039698 0.057800
0 0.099176 0.318652 0.027463 0.050715
0 0.493129 0.300905 0.008036 0.002736
0 0.493129 0.297187 0.008036 0.002736
0 0.474810 0.300624 0.011103 0.002245
0 0.316738 0.293575 0.052338 0.002666
0 0.650857 0.293575 0.052338 0.002666
0 0.116636 0.349656 0.062383 0.002876
0 0.788179 0.172468 0.014010 0.002525
0 0.179416 0.172468 0.014010 0.002525
0 0.493129 0.175906 0.008036 0.002736
0 0.493129 0.172188 0.008036 0.002736
0 0.474810 0.175625 0.011103 0.002245
0 0.471374 0.199018 0.760862 0.063720
0 0.788179 0.047469 0.014010 0.002525
0 0.179416 0.047469 0.014010 0.002525
0 0.493129 0.050906 0.008036 0.002736
0 0.493129 0.047188 0.008036 0.002736
0 0.474810 0.050626 0.011103 0.002245
0 0.471374 0.074019 0.760862 0.063720
0 0.852329 0.423848 0.001489 0.007882
0 0.851325 0.423554 0.001272 0.006734
0 0.852509 0.427903 0.003908 0.016695
0 0.851069 0.430515 0.001030 0.005452
0 0.852329 0.298848 0.001489 0.007882
0 0.851325 0.298555 0.001272 0.006734
0 0.851069 0.305516 0.001030 0.005452
0 0.852509 0.302904 0.003908 0.016695
0 0.080885 0.349799 0.004356 0.003854
0 0.334633 0.067674 0.009089 0.002161
0 0.525422 0.196388 0.021098 0.029672
0 0.818445 0.306972 0.001057 0.001403
0 0.818445 0.431972 0.001057 0.001403
0 0.454456 0.208137 0.003172 0.001122
0 0.454456 0.207015 0.003172 0.001122
0 0.513139 0.208137 0.003172 0.001122
0 0.513139 0.207015 0.003172 0.001122
0 0.427494 0.204770 0.003172 0.001122
0 0.427494 0.203648 0.003172 0.001122
0 0.540101 0.204770 0.003172 0.001122
0 0.540101 0.203648 0.003172 0.001122
0 0.408198 0.066724 0.005287 0.001122
0 0.408198 0.065602 0.005287 0.001122
0 0.408198 0.075226 0.005287 0.001122
0 0.408198 0.074103 0.005287 0.001122
0 0.408198 0.082016 0.005287 0.001122
0 0.408198 0.080893 0.005287 0.001122
0 0.408198 0.064479 0.005287 0.001122
0 0.559397 0.066724 0.005287 0.001122
0 0.559397 0.065602 0.005287 0.001122
0 0.559397 0.075226 0.005287 0.001122
0 0.559397 0.074103 0.005287 0.001122
0 0.559397 0.082016 0.005287 0.001122
0 0.559397 0.080893 0.005287 0.001122
0 0.559397 0.064479 0.005287 0.001122
0 0.390752 0.072827 0.004229 0.001122
0 0.390752 0.070863 0.004229 0.001122
0 0.390752 0.068899 0.004229 0.001122
0 0.377006 0.072827 0.004229 0.001122
0 0.377006 0.070863 0.004229 0.001122
0 0.377006 0.068899 0.004229 0.001122
0 0.367490 0.072827 0.004229 0.001122
0 0.367490 0.070863 0.004229 0.001122
0 0.367490 0.068899 0.004229 0.001122
0 0.353745 0.072827 0.004229 0.001122
0 0.353745 0.070863 0.004229 0.001122
0 0.353745 0.068899 0.004229 0.001122
0 0.576843 0.072827 0.004229 0.001122
0 0.576843 0.070863 0.004229 0.001122
0 0.576843 0.068899 0.004229 0.001122
0 0.590589 0.072827 0.004229 0.001122
0 0.590589 0.070863 0.004229 0.001122
0 0.590589 0.068899 0.004229 0.001122
0 0.600105 0.072827 0.004229 0.001122
0 0.600105 0.070863 0.004229 0.001122
0 0.600105 0.068899 0.004229 0.001122
0 0.613850 0.072827 0.004229 0.001122
0 0.613850 0.070863 0.004229 0.001122
0 0.613850 0.068899 0.004229 0.001122
0 0.372248 0.956630 0.004229 0.001122
0 0.372248 0.954666 0.004229 0.001122
0 0.372248 0.952702 0.004229 0.001122
0 0.372248 0.950738 0.004229 0.001122
0 0.595347 0.956630 0.004229 0.001122
0 0.595347 0.954666 0.004229 0.001122
0 0.595347 0.952702 0.004229 0.001122
0 0.595347 0.950738 0.004229 0.001122
0 0.409255 0.063357 0.003172 0.001122
0 0.409255 0.062235 0.003172 0.001122
0 0.558340 0.063357 0.003172 0.001122
0 0.558340 0.062235 0.003172 0.001122
0 0.471638 0.325140 0.005287 0.001403
0 0.471638 0.326543 0.005287 0.001403
0 0.471638 0.327806 0.005287 0.001122
0 0.471638 0.328928 0.005287 0.001122
0 0.471638 0.330050 0.005287 0.001122
0 0.471638 0.331173 0.005287 0.001122
0 0.471638 0.332295 0.005287 0.001122
0 0.471638 0.333417 0.005287 0.001122
0 0.471638 0.334540 0.005287 0.001122
0 0.429873 0.329237 0.005287 0.001122
0 0.429873 0.328114 0.005287 0.001122
0 0.453135 0.325140 0.005287 0.001403
0 0.453135 0.326543 0.005287 0.001403
0 0.453135 0.327806 0.005287 0.001122
0 0.453135 0.328928 0.005287 0.001122
0 0.453135 0.330050 0.005287 0.001122
0 0.453135 0.331173 0.005287 0.001122
0 0.453135 0.332295 0.005287 0.001122
0 0.453135 0.333417 0.005287 0.001122
0 0.453135 0.334540 0.005287 0.001122
0 0.429873 0.319037 0.005287 0.001122
0 0.429873 0.317915 0.005287 0.001122
0 0.429873 0.316793 0.005287 0.001122
0 0.412427 0.329237 0.005287 0.001122
0 0.412427 0.328114 0.005287 0.001122
0 0.412427 0.319037 0.005287 0.001122
0 0.412427 0.317915 0.005287 0.001122
0 0.412427 0.316793 0.005287 0.001122
0 0.495957 0.325140 0.005287 0.001403
0 0.495957 0.326543 0.005287 0.001403
0 0.495957 0.327806 0.005287 0.001122
0 0.495957 0.328928 0.005287 0.001122
0 0.495957 0.330050 0.005287 0.001122
0 0.495957 0.331173 0.005287 0.001122
0 0.495957 0.332295 0.005287 0.001122
0 0.495957 0.333417 0.005287 0.001122
0 0.495957 0.334540 0.005287 0.001122
0 0.514460 0.325140 0.005287 0.001403
0 0.514460 0.326543 0.005287 0.001403
0 0.514460 0.327806 0.005287 0.001122
0 0.514460 0.328928 0.005287 0.001122
0 0.514460 0.330050 0.005287 0.001122
0 0.514460 0.331173 0.005287 0.001122
0 0.514460 0.332295 0.005287 0.001122
0 0.514460 0.333417 0.005287 0.001122
0 0.514460 0.334540 0.005287 0.001122
0 0.454192 0.314759 0.003172 0.001122
0 0.454192 0.313636 0.003172 0.001122
0 0.513403 0.314759 0.003172 0.001122
0 0.513403 0.313636 0.003172 0.001122
0 0.555168 0.322096 0.005287 0.001122
0 0.555168 0.320973 0.005287 0.001122
0 0.555168 0.334540 0.005287 0.001122
0 0.555168 0.333417 0.005287 0.001122
0 0.555168 0.332295 0.005287 0.001122
0 0.537722 0.322096 0.005287 0.001122
0 0.537722 0.320973 0.005287 0.001122
0 0.537722 0.334540 0.005287 0.001122
0 0.537722 0.333417 0.005287 0.001122
0 0.537722 0.332295 0.005287 0.001122
0 0.471638 0.449929 0.005287 0.001403
0 0.471638 0.451332 0.005287 0.001403
0 0.471638 0.452594 0.005287 0.001122
0 0.471638 0.453717 0.005287 0.001122
0 0.471638 0.454839 0.005287 0.001122
0 0.471638 0.455961 0.005287 0.001122
0 0.471638 0.457084 0.005287 0.001122
0 0.471638 0.458206 0.005287 0.001122
0 0.471638 0.459328 0.005287 0.001122
0 0.513667 0.439547 0.003172 0.001122
0 0.513667 0.438425 0.003172 0.001122
0 0.429239 0.454025 0.005287 0.001122
0 0.429239 0.452903 0.005287 0.001122
0 0.429239 0.443826 0.005287 0.001122
0 0.429239 0.442704 0.005287 0.001122
0 0.429239 0.441582 0.005287 0.001122
0 0.429239 0.440459 0.005287 0.001122
0 0.495957 0.449929 0.005287 0.001403
0 0.495957 0.451332 0.005287 0.001403
0 0.495957 0.452594 0.005287 0.001122
0 0.495957 0.453717 0.005287 0.001122
0 0.495957 0.454839 0.005287 0.001122
0 0.495957 0.455961 0.005287 0.001122
0 0.495957 0.457084 0.005287 0.001122
0 0.495957 0.458206 0.005287 0.001122
0 0.495957 0.459328 0.005287 0.001122
0 0.554533 0.445762 0.005287 0.001122
0 0.554533 0.446885 0.005287 0.001122
0 0.554533 0.455961 0.005287 0.001122
0 0.554533 0.457084 0.005287 0.001122
0 0.554533 0.458206 0.005287 0.001122
0 0.554533 0.459328 0.005287 0.001122
0 0.452870 0.449929 0.005287 0.001403
0 0.452870 0.451332 0.005287 0.001403
0 0.452870 0.452594 0.005287 0.001122
0 0.452870 0.453717 0.005287 0.001122
0 0.452870 0.454839 0.005287 0.001122
0 0.452870 0.455961 0.005287 0.001122
0 0.452870 0.457084 0.005287 0.001122
0 0.452870 0.458206 0.005287 0.001122
0 0.452870 0.459328 0.005287 0.001122
0 0.453928 0.439547 0.003172 0.001122
0 0.453928 0.438425 0.003172 0.001122
0 0.412427 0.454026 0.005287 0.001122
0 0.412427 0.452903 0.005287 0.001122
0 0.412427 0.443826 0.005287 0.001122
0 0.412427 0.442704 0.005287 0.001122
0 0.412427 0.441582 0.005287 0.001122
0 0.412427 0.440459 0.005287 0.001122
0 0.514460 0.449929 0.005287 0.001403
0 0.514460 0.451332 0.005287 0.001403
0 0.514460 0.452594 0.005287 0.001122
0 0.514460 0.453717 0.005287 0.001122
0 0.514460 0.454839 0.005287 0.001122
0 0.514460 0.455961 0.005287 0.001122
0 0.514460 0.457084 0.005287 0.001122
0 0.514460 0.458206 0.005287 0.001122
0 0.514460 0.459328 0.005287 0.001122
0 0.537722 0.445762 0.005287 0.001122
0 0.537722 0.446885 0.005287 0.001122
0 0.537722 0.455961 0.005287 0.001122
0 0.537722 0.457084 0.005287 0.001122
0 0.537722 0.458206 0.005287 0.001122
0 0.537722 0.459328 0.005287 0.001122
0 0.429873 0.315670 0.005287 0.001122
0 0.412427 0.315670 0.005287 0.001122
0 0.555168 0.331173 0.005287 0.001122
0 0.537722 0.331173 0.005287 0.001122
1 0.419565 0.425588 0.013745 0.003648
1 0.419565 0.423035 0.013745 0.003648
1 0.548030 0.425588 0.013745 0.003648
1 0.548030 0.423035 0.013745 0.003648
1 0.118487 0.422292 0.014803 0.003928
1 0.128108 0.422292 0.014803 0.003928
1 0.474810 0.472025 0.015331 0.004068
1 0.465188 0.472025 0.015331 0.004068
1 0.492785 0.472025 0.015331 0.004068
1 0.502407 0.472025 0.015331 0.004068
1 0.841707 0.425659 0.014803 0.003928
1 0.841707 0.423105 0.014803 0.003928
1 0.419565 0.300589 0.013745 0.003648
1 0.548030 0.300589 0.013745 0.003648
1 0.118487 0.297362 0.014274 0.003788
1 0.841707 0.300659 0.014803 0.003928
1 0.419565 0.172602 0.013745 0.003648
1 0.419565 0.175520 0.013745 0.003648
1 0.548030 0.172602 0.013745 0.003648
1 0.548030 0.175520 0.013745 0.003648
1 0.118487 0.172363 0.014274 0.003788
1 0.128108 0.172363 0.014274 0.003788
1 0.841178 0.173107 0.014803 0.003928
1 0.841178 0.175660 0.014803 0.003928
1 0.717469 0.340362 0.001057 0.002104
2 0.388637 0.064409 0.006344 0.005612
2 0.378063 0.064409 0.006344 0.005612
2 0.367490 0.064409 0.006344 0.005612
2 0.356917 0.065812 0.006344 0.002806
2 0.348722 0.062815 0.002643 0.001122
2 0.348722 0.061692 0.002643 0.001122
2 0.348722 0.060570 0.002643 0.001122
2 0.348722 0.059448 0.002643 0.001122
2 0.578958 0.064409 0.006344 0.005612
2 0.589531 0.064409 0.006344 0.005612
2 0.600105 0.064409 0.006344 0.005612
2 0.610678 0.065812 0.006344 0.002806
2 0.618873 0.062815 0.002643 0.001122
2 0.618873 0.061692 0.002643 0.001122
2 0.618873 0.060570 0.002643 0.001122
2 0.618873 0.059448 0.002643 0.001122
2 0.094168 0.425799 0.003172 0.002525
2 0.138576 0.425799 0.003172 0.002525
2 0.094168 0.300800 0.003172 0.002525
2 0.138576 0.300800 0.003172 0.002525
2 0.208097 0.046873 0.013217 0.002525
2 0.461857 0.050871 0.009516 0.003507
2 0.588474 0.046662 0.010573 0.002104
2 0.759498 0.046873 0.013217 0.002525
3 0.912852 0.483047 0.019032 0.005050
3 0.912852 0.358048 0.019032 0.005050
3 0.889476 0.108840 0.019032 0.005050
10 0.258848 0.458837 0.006344 0.010943
10 0.284225 0.458837 0.006344 0.010943
10 0.309601 0.458837 0.006344 0.010943
10 0.334977 0.458837 0.006344 0.010943
10 0.249856 0.422853 0.069784 0.001682
10 0.191602 0.467178 0.065767 0.001249
10 0.334977 0.444528 0.006344 0.014310
10 0.290569 0.439056 0.006344 0.001683
10 0.290569 0.450841 0.006344 0.001683
10 0.190650 0.450841 0.006344 0.001683
10 0.190650 0.462204 0.006344 0.002525
10 0.190650 0.439056 0.006344 0.001683
10 0.378427 0.095905 0.034694 0.006033
10 0.685221 0.314057 0.006344 0.001683
10 0.666188 0.314058 0.006344 0.001683
10 0.733858 0.333838 0.006344 0.010943
10 0.822675 0.333839 0.006344 0.010943
10 0.768750 0.337625 0.006344 0.001682
10 0.787783 0.337626 0.006344 0.001682
10 0.768750 0.314057 0.006344 0.001683
10 0.787783 0.314058 0.006344 0.001683
10 0.631296 0.318267 0.006344 0.011784
10 0.733858 0.318266 0.006344 0.011784
10 0.233737 0.333838 0.006344 0.010943
10 0.144920 0.333839 0.006344 0.010943
10 0.198844 0.337625 0.006344 0.001682
10 0.179812 0.337626 0.006344 0.001682
10 0.198844 0.314057 0.006344 0.001683
10 0.179812 0.314058 0.006344 0.001683
10 0.233737 0.318266 0.006344 0.011784
10 0.144920 0.318267 0.006344 0.011784
10 0.720113 0.318266 0.006344 0.011784
10 0.822675 0.318267 0.006344 0.011784
10 0.247482 0.333838 0.006344 0.010943
10 0.336299 0.333839 0.006344 0.010943
10 0.282374 0.337625 0.006344 0.001682
10 0.301406 0.337626 0.006344 0.001682
10 0.282374 0.314057 0.006344 0.001683
10 0.301406 0.314058 0.006344 0.001683
10 0.247482 0.318266 0.006344 0.011784
10 0.336299 0.318267 0.006344 0.011784
10 0.745225 0.458837 0.006344 0.010943
10 0.770601 0.458837 0.006344 0.010943
10 0.795977 0.458837 0.006344 0.010943
10 0.821353 0.458837 0.006344 0.010943
10 0.821353 0.444528 0.006344 0.014310
10 0.776945 0.439056 0.006344 0.001683
10 0.776945 0.450841 0.006344 0.001683
10 0.677026 0.450841 0.006344 0.001683
10 0.677026 0.462204 0.006344 0.002525
10 0.677026 0.439056 0.006344 0.001683
10 0.151872 0.433725 0.003331 0.001403
10 0.254963 0.433725 0.003331 0.001403
10 0.412506 0.433725 0.003331 0.001403
10 0.384936 0.467606 0.005287 0.001122
10 0.582659 0.467606 0.005287 0.001122
10 0.815723 0.433725 0.003331 0.001403
10 0.712632 0.433725 0.003331 0.001403
10 0.555089 0.433725 0.003331 0.001403
10 0.846544 0.434216 0.003331 0.001403
10 0.151872 0.308726 0.003331 0.001403
10 0.254963 0.308726 0.003331 0.001403
10 0.412506 0.308726 0.003331 0.001403
10 0.384936 0.342606 0.005287 0.001122
10 0.582659 0.342606 0.005287 0.001122
10 0.815723 0.308726 0.003331 0.001403
10 0.712632 0.308726 0.003331 0.001403
10 0.555089 0.308726 0.003331 0.001403
10 0.846544 0.309217 0.003331 0.001403
10 0.361373 0.293925 0.003776 0.001263
10 0.123165 0.214100 0.003331 0.001403
10 0.412506 0.183727 0.003331 0.001403
10 0.384936 0.217607 0.005287 0.001122
10 0.582659 0.217607 0.005287 0.001122
10 0.429609 0.172153 0.004229 0.003367
10 0.401404 0.183727 0.003331 0.001403
10 0.566191 0.183727 0.003331 0.001403
10 0.555089 0.183727 0.003331 0.001403
10 0.537986 0.172153 0.004229 0.003367
10 0.146306 0.195926 0.016517 0.027625
10 0.249925 0.214725 0.190721 0.009973
10 0.097831 0.185768 0.008383 0.015166
10 0.113691 0.194046 0.023337 0.001388
10 0.127833 0.200618 0.002832 0.044866
10 0.142583 0.173626 0.002727 0.006314
10 0.156989 0.177344 0.026086 0.001121
10 0.172109 0.176145 0.002039 0.002372
10 0.096615 0.173661 0.004366 0.005543
10 0.103884 0.177169 0.010173 0.001472
10 0.191079 0.174198 0.004558 0.004567
10 0.208525 0.177193 0.030334 0.001424
10 0.258401 0.173814 0.001749 0.006689
10 0.309695 0.171690 0.004947 0.002442
10 0.335600 0.175268 0.046863 0.004713
10 0.367426 0.183299 0.003044 0.002933
10 0.352412 0.188448 0.010022 0.005935
10 0.350984 0.203466 0.009282 0.021943
10 0.376625 0.215110 0.041999 0.001346
10 0.347627 0.217699 0.002568 0.003270
10 0.360553 0.217692 0.001987 0.003256
10 0.371761 0.217727 0.001141 0.003326
10 0.390027 0.217453 0.001722 0.002779
10 0.268538 0.221409 0.004048 0.002835
10 0.333300 0.223373 0.125476 0.001093
10 0.573766 0.221522 0.007590 0.003059
10 0.639374 0.198851 0.034130 0.033474
10 0.742464 0.219473 0.172052 0.007771
10 0.714788 0.173514 0.003097 0.006090
10 0.780899 0.176109 0.002092 0.002161
10 0.799243 0.173872 0.003361 0.006525
10 0.828267 0.173682 0.001669 0.005585
10 0.831175 0.177190 0.004146 0.001430
10 0.573528 0.203375 0.007115 0.021760
10 0.599168 0.215019 0.044166 0.001528
10 0.573422 0.188406 0.006903 0.005851
10 0.571149 0.183229 0.002357 0.002793
10 0.571915 0.179547 0.003890 0.002723
10 0.572841 0.173318 0.003097 0.005697
10 0.584075 0.177035 0.019372 0.001739
10 0.628219 0.168695 0.002304 0.001362
10 0.293782 0.168737 0.001141 0.001446
10 0.304012 0.225071 0.002039 0.001741
10 0.202560 0.226691 0.002145 0.004981
10 0.151332 0.225106 0.001194 0.001811
10 0.460419 0.225029 0.001352 0.001656
10 0.638131 0.225127 0.002039 0.001853
10 0.739742 0.226783 0.002251 0.005164
10 0.790018 0.225092 0.001299 0.001783
10 0.699113 0.173795 0.002409 0.006651
10 0.753646 0.173753 0.001511 0.006567
10 0.629620 0.172076 0.004048 0.003214
10 0.664512 0.175653 0.065736 0.003941
10 0.729195 0.173907 0.003361 0.006034
10 0.272304 0.173892 0.003121 0.006845
10 0.226001 0.173959 0.002608 0.006979
10 0.096619 0.199146 0.002787 0.008251
10 0.096391 0.205771 0.002331 0.002913
10 0.097075 0.210914 0.003701 0.005974
10 0.112143 0.214421 0.026434 0.001041
10 0.096241 0.217075 0.002032 0.003705
10 0.123165 0.089100 0.003331 0.001403
10 0.384936 0.092608 0.005287 0.001122
10 0.582659 0.092608 0.005287 0.001122
10 0.429609 0.047153 0.004229 0.003367
10 0.401404 0.058727 0.003331 0.001403
10 0.566191 0.058727 0.003331 0.001403
10 0.537986 0.047153 0.004229 0.003367
11 0.166939 0.434504 0.016442 0.001249
11 0.183381 0.434504 0.016442 0.001249
11 0.199822 0.434504 0.016442 0.001249
11 0.216264 0.434504 0.016442 0.001249
11 0.270030 0.434504 0.016442 0.001249
11 0.286471 0.434504 0.016442 0.001249
11 0.302913 0.434504 0.016442 0.001249
11 0.319355 0.434504 0.016442 0.001249
11 0.166939 0.467178 0.016442 0.001249
11 0.183381 0.467178 0.016442 0.001249
11 0.199822 0.467178 0.016442 0.001249
11 0.216264 0.467178 0.016442 0.001249
11 0.270030 0.467178 0.016442 0.001249
11 0.286471 0.467178 0.016442 0.001249
11 0.302913 0.467178 0.016442 0.001249
11 0.319355 0.467178 0.016442 0.001249
11 0.102493 0.434574 0.013481 0.001249
11 0.115974 0.434574 0.013481 0.001249
11 0.102493 0.458690 0.013481 0.001249
11 0.115974 0.458690 0.013481 0.001249
11 0.200193 0.425057 0.004705 0.002455
11 0.200193 0.422601 0.004705 0.002455
11 0.293979 0.425057 0.004705 0.002455
11 0.293979 0.422601 0.004705 0.002455
11 0.800656 0.434504 0.016442 0.001249
11 0.784214 0.434504 0.016442 0.001249
11 0.767772 0.434504 0.016442 0.001249
11 0.751331 0.434504 0.016442 0.001249
11 0.697565 0.434504 0.016442 0.001249
11 0.681123 0.434504 0.016442 0.001249
11 0.664682 0.434504 0.016442 0.001249
11 0.648240 0.434504 0.016442 0.001249
11 0.800656 0.467178 0.016442 0.001249
11 0.784214 0.467178 0.016442 0.001249
11 0.767772 0.467178 0.016442 0.001249
11 0.751331 0.467178 0.016442 0.001249
11 0.697565 0.467178 0.016442 0.001249
11 0.681123 0.467178 0.016442 0.001249
11 0.664682 0.467178 0.016442 0.001249
11 0.648240 0.467178 0.016442 0.001249
11 0.767402 0.425057 0.004705 0.002455
11 0.767402 0.422601 0.004705 0.002455
11 0.673616 0.425057 0.004705 0.002455
11 0.673616 0.422601 0.004705 0.002455
11 0.591910 0.434504 0.007401 0.001249
11 0.599312 0.434504 0.007401 0.001249
11 0.166939 0.309505 0.016442 0.001249
11 0.183381 0.309505 0.016442 0.001249
11 0.199822 0.309505 0.016442 0.001249
11 0.216264 0.309505 0.016442 0.001249
11 0.270030 0.309505 0.016442 0.001249
11 0.286471 0.309505 0.016442 0.001249
11 0.302913 0.309505 0.016442 0.001249
11 0.319355 0.309505 0.016442 0.001249
11 0.166939 0.342178 0.016442 0.001249
11 0.183381 0.342178 0.016442 0.001249
11 0.199822 0.342178 0.016442 0.001249
11 0.216264 0.342178 0.016442 0.001249
11 0.270030 0.342178 0.016442 0.001249
11 0.286471 0.342178 0.016442 0.001249
11 0.302913 0.342178 0.016442 0.001249
11 0.319355 0.342178 0.016442 0.001249
11 0.293979 0.300057 0.004705 0.002455
11 0.293979 0.297602 0.004705 0.002455
11 0.800656 0.309505 0.016442 0.001249
11 0.784214 0.309505 0.016442 0.001249
11 0.767772 0.309505 0.016442 0.001249
11 0.751331 0.309505 0.016442 0.001249
11 0.697565 0.309505 0.016442 0.001249
11 0.681123 0.309505 0.016442 0.001249
11 0.664682 0.309505 0.016442 0.001249
11 0.648240 0.309505 0.016442 0.001249
11 0.800656 0.342178 0.016442 0.001249
11 0.784214 0.342178 0.016442 0.001249
11 0.767772 0.342178 0.016442 0.001249
11 0.751331 0.342178 0.016442 0.001249
11 0.697565 0.342178 0.016442 0.001249
11 0.681123 0.342178 0.016442 0.001249
11 0.664682 0.342178 0.016442 0.001249
11 0.648240 0.342178 0.016442 0.001249
11 0.673616 0.300057 0.004705 0.002455
11 0.673616 0.297602 0.004705 0.002455
11 0.104220 0.328219 0.007401 0.001249
11 0.111622 0.328219 0.007401 0.001249
11 0.375684 0.434504 0.007401 0.001249
11 0.368283 0.434504 0.007401 0.001249
11 0.542215 0.462408 0.011631 0.001249
11 0.501508 0.462408 0.011631 0.001249
11 0.375684 0.309505 0.007401 0.001249
11 0.368283 0.309505 0.007401 0.001249
11 0.424481 0.434504 0.011631 0.001249
11 0.462651 0.434504 0.011631 0.001249
11 0.591910 0.309505 0.007401 0.001249
11 0.599312 0.309505 0.007401 0.001249
11 0.544123 0.184633 0.009252 0.001375
11 0.515536 0.184633 0.009252 0.001375
11 0.378429 0.059653 0.007401 0.001375
11 0.371027 0.059653 0.007401 0.001375
11 0.457614 0.059653 0.013481 0.001375
11 0.434922 0.059653 0.013481 0.001375
11 0.581959 0.059653 0.007401 0.001375
11 0.589361 0.059653 0.007401 0.001375
11 0.509981 0.059653 0.013481 0.001375
11 0.532673 0.059653 0.013481 0.001375
11 0.388091 0.090005 0.011895 0.001249
11 0.376196 0.090005 0.011895 0.001249
11 0.364406 0.090005 0.011895 0.001249
11 0.579504 0.090005 0.011895 0.001249
11 0.591399 0.090005 0.011895 0.001249
11 0.603189 0.090005 0.011895 0.001249
11 0.533020 0.184633 0.009252 0.001375
11 0.505076 0.184633 0.009252 0.001375
11 0.462547 0.184633 0.009252 0.001375
11 0.433274 0.184633 0.009252 0.001375
11 0.451445 0.184633 0.009252 0.001375
11 0.422814 0.184633 0.009252 0.001375
11 0.357049 0.957121 0.002908 0.002946
11 0.357049 0.947862 0.002908 0.002946
11 0.610546 0.957121 0.002908 0.002946
11 0.610546 0.947862 0.002908 0.002946
11 0.141087 0.952351 0.002908 0.002946
11 0.299027 0.917699 0.002643 0.002946
11 0.668700 0.917699 0.002908 0.002946
11 0.465426 0.914929 0.002908 0.002946
11 0.831926 0.914332 0.002643 0.002946
11 0.831926 0.926397 0.002643 0.002946
11 0.427625 0.926538 0.005551 0.001683
11 0.539970 0.926538 0.005551 0.001683
11 0.841707 0.917542 0.007666 0.003823
11 0.121725 0.915104 0.014935 0.002034
11 0.419565 0.917577 0.007137 0.003823
11 0.548030 0.917577 0.007137 0.003823
11 0.156022 0.417872 0.025376 0.003367
11 0.811969 0.417872 0.025376 0.003367
11 0.512081 0.417872 0.025376 0.003367
11 0.454985 0.417872 0.025376 0.003367
11 0.419828 0.476514 0.025376 0.003367
11 0.547766 0.476514 0.025376 0.003367
11 0.519483 0.475672 0.014274 0.001683
11 0.448112 0.475672 0.014274 0.001683
11 0.087031 0.471113 0.006344 0.004209
11 0.227393 0.418714 0.015860 0.001683
11 0.249597 0.418714 0.015860 0.001683
11 0.433309 0.418714 0.015860 0.001683
11 0.475206 0.418714 0.015067 0.001683
11 0.534286 0.418714 0.015860 0.001683
11 0.126006 0.292452 0.026197 0.004209
11 0.841588 0.292452 0.026197 0.004209
11 0.215233 0.352637 0.031720 0.005612
11 0.164481 0.350989 0.033306 0.002315
11 0.426437 0.351866 0.054453 0.004068
11 0.316738 0.350989 0.033306 0.002315
11 0.803114 0.350989 0.033306 0.002315
11 0.650857 0.350989 0.033306 0.002315
11 0.752362 0.352637 0.031720 0.005612
11 0.541158 0.351866 0.054453 0.004068
11 0.405594 0.217888 0.006476 0.003648
11 0.423066 0.217888 0.006476 0.003648
11 0.562001 0.217888 0.006476 0.003648
11 0.544528 0.217888 0.006476 0.003648
11 0.419565 0.424799 0.007137 0.003893
11 0.548030 0.424799 0.007137 0.003893
11 0.121526 0.422292 0.014538 0.002069
11 0.471770 0.472025 0.014538 0.002139
11 0.495825 0.472025 0.014538 0.002139
11 0.841707 0.424852 0.007798 0.003858
11 0.419565 0.299565 0.007137 0.004293
11 0.548030 0.299565 0.007137 0.004293
11 0.122223 0.297292 0.015932 0.002069
11 0.841707 0.299670 0.007798 0.004223
11 0.412136 0.342887 0.016759 0.001929
11 0.555459 0.342887 0.016759 0.001929
11 0.249861 0.299284 0.007137 0.004293
11 0.113173 0.346745 0.015913 0.001999
11 0.419565 0.173619 0.007137 0.004167
11 0.548030 0.173619 0.007137 0.004167
11 0.125967 0.172363 0.016336 0.001999
11 0.416101 0.217888 0.015913 0.001929
11 0.841178 0.173815 0.007798 0.004054
11 0.106882 0.221675 0.015913 0.001929
11 0.249861 0.173710 0.007137 0.003984
11 0.551494 0.217888 0.015913 0.001929
11 0.549006 0.183516 0.010209 0.003928
11 0.499996 0.183516 0.013894 0.003928
11 0.467617 0.183516 0.011803 0.003928
11 0.442496 0.196388 0.022578 0.029672
11 0.418116 0.183516 0.010321 0.003928
11 0.473092 0.189058 0.008723 0.001122
11 0.473092 0.190180 0.008723 0.001122
11 0.473092 0.191302 0.008723 0.001122
11 0.473092 0.192425 0.008723 0.001122
11 0.473092 0.193547 0.008723 0.001122
11 0.473092 0.194669 0.008723 0.001122
11 0.473092 0.195792 0.008723 0.001122
11 0.473092 0.196914 0.008723 0.001122
11 0.473092 0.198036 0.008723 0.001122
11 0.473092 0.199159 0.008723 0.001122
11 0.494503 0.189058 0.008723 0.001122
11 0.494503 0.190180 0.008723 0.001122
11 0.494503 0.191302 0.008723 0.001122
11 0.494503 0.192425 0.008723 0.001122
11 0.494503 0.193547 0.008723 0.001122
11 0.494503 0.194669 0.008723 0.001122
11 0.494503 0.195792 0.008723 0.001122
11 0.494503 0.196914 0.008723 0.001122
11 0.494503 0.198036 0.008723 0.001122
11 0.494503 0.199159 0.008723 0.001122
11 0.451681 0.189058 0.008723 0.001122
11 0.451681 0.190180 0.008723 0.001122
11 0.451681 0.191302 0.008723 0.001122
11 0.451681 0.192425 0.008723 0.001122
11 0.451681 0.193547 0.008723 0.001122
11 0.451681 0.194669 0.008723 0.001122
11 0.451681 0.195792 0.008723 0.001122
11 0.451681 0.196914 0.008723 0.001122
11 0.451681 0.198036 0.008723 0.001122
11 0.451681 0.199159 0.008723 0.001122
11 0.451681 0.200281 0.008723 0.001122
11 0.451681 0.201403 0.008723 0.001122
11 0.451681 0.202526 0.008723 0.001122
11 0.451681 0.204770 0.008723 0.001122
11 0.515914 0.189058 0.008723 0.001122
11 0.515914 0.190180 0.008723 0.001122
11 0.515914 0.191302 0.008723 0.001122
11 0.515914 0.192425 0.008723 0.001122
11 0.515914 0.193547 0.008723 0.001122
11 0.515914 0.194669 0.008723 0.001122
11 0.515914 0.195792 0.008723 0.001122
11 0.515914 0.196914 0.008723 0.001122
11 0.515914 0.198036 0.008723 0.001122
11 0.515914 0.199159 0.008723 0.001122
11 0.515914 0.200281 0.008723 0.001122
11 0.515914 0.201403 0.008723 0.001122
11 0.515914 0.202526 0.008723 0.001122
11 0.515914 0.204770 0.008723 0.001122
11 0.408858 0.189058 0.008723 0.001122
11 0.408858 0.190180 0.008723 0.001122
11 0.408858 0.191302 0.008723 0.001122
11 0.408858 0.192425 0.008723 0.001122
11 0.408858 0.193547 0.008723 0.001122
11 0.408858 0.194669 0.008723 0.001122
11 0.408858 0.195792 0.008723 0.001122
11 0.408858 0.196914 0.008723 0.001122
11 0.408858 0.198036 0.008723 0.001122
11 0.408858 0.201403 0.008723 0.001122
11 0.430270 0.189058 0.008723 0.001122
11 0.430270 0.190180 0.008723 0.001122
11 0.430270 0.191302 0.008723 0.001122
11 0.430270 0.192425 0.008723 0.001122
11 0.430270 0.193547 0.008723 0.001122
11 0.430270 0.194669 0.008723 0.001122
11 0.430270 0.195792 0.008723 0.001122
11 0.430270 0.196914 0.008723 0.001122
11 0.430270 0.198036 0.008723 0.001122
11 0.430270 0.201403 0.008723 0.001122
11 0.408858 0.199159 0.008723 0.001122
11 0.430270 0.199159 0.008723 0.001122
11 0.408858 0.200281 0.008723 0.001122
11 0.430270 0.200281 0.008723 0.001122
11 0.451681 0.203648 0.008723 0.001122
11 0.558736 0.189058 0.008723 0.001122
11 0.558736 0.190180 0.008723 0.001122
11 0.558736 0.191302 0.008723 0.001122
11 0.558736 0.192425 0.008723 0.001122
11 0.558736 0.193547 0.008723 0.001122
11 0.558736 0.194669 0.008723 0.001122
11 0.558736 0.195792 0.008723 0.001122
11 0.558736 0.196914 0.008723 0.001122
11 0.558736 0.198036 0.008723 0.001122
11 0.558736 0.201403 0.008723 0.001122
11 0.537325 0.189058 0.008723 0.001122
11 0.537325 0.190180 0.008723 0.001122
11 0.537325 0.191302 0.008723 0.001122
11 0.537325 0.192425 0.008723 0.001122
11 0.537325 0.193547 0.008723 0.001122
11 0.537325 0.194669 0.008723 0.001122
11 0.537325 0.195792 0.008723 0.001122
11 0.537325 0.196914 0.008723 0.001122
11 0.537325 0.198036 0.008723 0.001122
11 0.537325 0.201403 0.008723 0.001122
11 0.558736 0.199159 0.008723 0.001122
11 0.537325 0.199159 0.008723 0.001122
11 0.558736 0.200281 0.008723 0.001122
11 0.537325 0.200281 0.008723 0.001122
11 0.408515 0.071262 0.004652 0.002652
11 0.408515 0.068611 0.004652 0.002652
11 0.408515 0.077113 0.004652 0.002652
11 0.408515 0.079385 0.004652 0.001894
11 0.559080 0.071262 0.004652 0.002652
11 0.559080 0.068611 0.004652 0.002652
11 0.559080 0.077113 0.004652 0.002652
11 0.559080 0.079385 0.004652 0.001894
11 0.387183 0.084716 0.009252 0.005401
11 0.365243 0.084716 0.009252 0.005401
11 0.387183 0.079315 0.009252 0.005401
11 0.365243 0.079315 0.009252 0.005401
11 0.580412 0.084716 0.009252 0.005401
11 0.602352 0.084716 0.009252 0.005401
11 0.580412 0.079315 0.009252 0.005401
11 0.602352 0.079315 0.009252 0.005401
11 0.515914 0.203648 0.008723 0.001122
11 0.473092 0.200281 0.008723 0.001122
11 0.494503 0.200281 0.008723 0.001122
11 0.473224 0.319318 0.008459 0.003507
11 0.471638 0.321913 0.005287 0.001683
11 0.471638 0.323597 0.005287 0.001683
11 0.473356 0.317003 0.008723 0.001122
11 0.451549 0.319318 0.008459 0.003507
11 0.451416 0.317003 0.008723 0.001122
11 0.429556 0.326227 0.004652 0.002652
11 0.429556 0.323576 0.004652 0.002652
11 0.429556 0.320924 0.004652 0.002652
11 0.429556 0.333775 0.004652 0.002652
11 0.429556 0.331123 0.004652 0.002652
11 0.453135 0.321913 0.005287 0.001683
11 0.453135 0.323597 0.005287 0.001683
11 0.412744 0.326227 0.004652 0.002652
11 0.412744 0.323576 0.004652 0.002652
11 0.412744 0.320924 0.004652 0.002652
11 0.412744 0.333775 0.004652 0.002652
11 0.412744 0.331123 0.004652 0.002652
11 0.494371 0.319318 0.008459 0.003507
11 0.495957 0.321913 0.005287 0.001683
11 0.495957 0.323597 0.005287 0.001683
11 0.494239 0.317003 0.008723 0.001122
11 0.516046 0.319318 0.008459 0.003507
11 0.516178 0.317003 0.008723 0.001122
11 0.514460 0.321913 0.005287 0.001683
11 0.514460 0.323597 0.005287 0.001683
11 0.554851 0.329286 0.004652 0.002652
11 0.554851 0.326634 0.004652 0.002652
11 0.554851 0.323983 0.004652 0.002652
11 0.554851 0.319087 0.004652 0.002652
11 0.554851 0.316435 0.004652 0.002652
11 0.538039 0.329286 0.004652 0.002652
11 0.538039 0.326634 0.004652 0.002652
11 0.538039 0.323983 0.004652 0.002652
11 0.538039 0.319087 0.004652 0.002652
11 0.538039 0.316435 0.004652 0.002652
11 0.473224 0.444107 0.008459 0.003507
11 0.471638 0.446702 0.005287 0.001683
11 0.471638 0.448386 0.005287 0.001683
11 0.473356 0.441792 0.008723 0.001122
11 0.428921 0.451016 0.004652 0.002652
11 0.428921 0.448365 0.004652 0.002652
11 0.428921 0.445713 0.004652 0.002652
11 0.428921 0.458564 0.004652 0.002652
11 0.428921 0.455912 0.004652 0.002652
11 0.494371 0.444107 0.008459 0.003507
11 0.495957 0.446702 0.005287 0.001683
11 0.495957 0.448386 0.005287 0.001683
11 0.494239 0.441792 0.008723 0.001122
11 0.554216 0.448772 0.004652 0.002652
11 0.554216 0.451423 0.004652 0.002652
11 0.554216 0.454075 0.004652 0.002652
11 0.554216 0.441224 0.004652 0.002652
11 0.554216 0.443875 0.004652 0.002652
11 0.451284 0.444107 0.008459 0.003507
11 0.452870 0.446702 0.005287 0.001683
11 0.452870 0.448386 0.005287 0.001683
11 0.451152 0.441792 0.008723 0.001122
11 0.412744 0.451016 0.004652 0.002652
11 0.412744 0.448365 0.004652 0.002652
11 0.412744 0.445713 0.004652 0.002652
11 0.412744 0.458564 0.004652 0.002652
11 0.412744 0.455912 0.004652 0.002652
11 0.516046 0.444107 0.008459 0.003507
11 0.514460 0.446702 0.005287 0.001683
11 0.514460 0.448386 0.005287 0.001683
11 0.516178 0.441792 0.008723 0.001122
11 0.538039 0.448772 0.004652 0.002652
11 0.538039 0.451423 0.004652 0.002652
11 0.538039 0.454075 0.004652 0.002652
11 0.538039 0.441224 0.004652 0.002652
11 0.538039 0.443875 0.004652 0.002652
11 0.447848 0.434504 0.011631 0.001249
11 0.543114 0.434504 0.011631 0.001249
11 0.504944 0.434504 0.011631 0.001249
11 0.519747 0.434504 0.011631 0.001249
11 0.553846 0.462408 0.011631 0.001249
11 0.425379 0.462408 0.011631 0.001249
11 0.466087 0.462408 0.011631 0.001249
11 0.413749 0.462408 0.011631 0.001249
11 0.542215 0.337338 0.011631 0.001249
11 0.501508 0.337338 0.011631 0.001249
11 0.424481 0.309434 0.011631 0.001249
11 0.462651 0.309434 0.011631 0.001249
11 0.447848 0.309434 0.011631 0.001249
11 0.543114 0.309434 0.011631 0.001249
11 0.504944 0.309434 0.011631 0.001249
11 0.519747 0.309434 0.011631 0.001249
11 0.553846 0.337338 0.011631 0.001249
11 0.425379 0.337338 0.011631 0.001249
11 0.466087 0.337338 0.011631 0.001249
11 0.413749 0.337338 0.011631 0.001249
11 0.487789 0.339415 0.006926 0.002736
11 0.479806 0.339415 0.006926 0.002736
11 0.487789 0.464484 0.006926 0.002736
11 0.479806 0.464484 0.006926 0.002736
11 0.839616 0.322194 0.039698 0.057800
11 0.113997 0.298668 0.062647 0.010325
11 0.429401 0.298233 0.037800 0.011365
11 0.482295 0.298360 0.038487 0.011111
11 0.215233 0.352637 0.031720 0.005612
11 0.752362 0.352637 0.031720 0.005612
11 0.126006 0.292452 0.026197 0.004209
11 0.841588 0.292452 0.026197 0.004209
11 0.156022 0.417872 0.025376 0.003367
11 0.811969 0.417872 0.025376 0.003367
11 0.512081 0.417872 0.025376 0.003367
11 0.454985 0.417872 0.025376 0.003367
11 0.419828 0.476514 0.025376 0.003367
11 0.547766 0.476514 0.025376 0.003367
