0 0.808983 0.574145 0.001365 0.002806
0 0.803408 0.574145 0.001365 0.002806
0 0.090917 0.581017 0.001707 0.010523
0 0.088015 0.642841 0.001707 0.009646
0 0.902891 0.752252 0.012254 0.056652
0 0.992322 0.752252 0.012254 0.056652
0 0.890546 0.741752 0.012437 0.035652
0 0.890546 0.421845 0.012437 0.035652
0 0.992322 0.431644 0.012254 0.055249
0 0.390117 0.659206 0.001691 0.002105
0 0.390117 0.627902 0.001691 0.002105
0 0.397543 0.659206 0.001691 0.002105
0 0.377044 0.659206 0.001691 0.002105
0 0.217419 0.678745 0.001365 0.004209
0 0.493984 0.661313 0.001365 0.004209
0 0.497013 0.637285 0.002361 0.002105
0 0.517366 0.409982 0.002048 0.007015
0 0.517563 0.412741 0.001653 0.001498
0 0.529000 0.409281 0.001707 0.005612
0 0.529113 0.411468 0.001479 0.001238
0 0.553451 0.412699 0.001843 0.001582
0 0.577100 0.661316 0.001365 0.004209
0 0.629268 0.661313 0.001365 0.004209
0 0.632297 0.637285 0.002361 0.002105
0 0.712384 0.661316 0.001365 0.004209
0 0.893822 0.374017 0.005884 0.060004
0 0.983253 0.374017 0.005884 0.060004
0 0.502215 0.720966 0.001173 0.001010
0 0.216442 0.343618 0.003260 0.014911
0 0.216896 0.342195 0.002348 0.009382
0 0.214723 0.358773 0.002233 0.014375
0 0.235862 0.328560 0.001593 0.002105
0 0.223506 0.737149 0.001365 0.003508
0 0.223564 0.738393 0.001250 0.001020
0 0.579319 0.614309 0.001138 0.002806
0 0.714603 0.614309 0.001138 0.002806
0 0.532840 0.574145 0.001365 0.002806
0 0.538415 0.574145 0.001365 0.002806
0 0.668124 0.574145 0.001365 0.002806
0 0.673699 0.574145 0.001365 0.002806
0 0.502119 0.719366 0.001365 0.004209
0 0.516199 0.576250 0.001365 0.004209
0 0.542255 0.409281 0.001707 0.005612
0 0.542369 0.411468 0.001479 0.001238
0 0.553348 0.409982 0.002048 0.007015
0 0.555055 0.578004 0.001365 0.004209
0 0.569164 0.719366 0.001365 0.004209
0 0.652650 0.409982 0.002048 0.007015
0 0.652847 0.412741 0.001653 0.001498
0 0.664284 0.409281 0.001707 0.005612
0 0.664397 0.411468 0.001479 0.001238
0 0.688735 0.412699 0.001843 0.001582
0 0.637499 0.720966 0.001173 0.001010
0 0.637403 0.719366 0.001365 0.004209
0 0.651483 0.576250 0.001365 0.004209
0 0.677539 0.409281 0.001707 0.005612
0 0.677653 0.411468 0.001479 0.001238
0 0.688633 0.409982 0.002048 0.007015
0 0.690339 0.578004 0.001365 0.004209
0 0.704448 0.719366 0.001365 0.004209
0 0.787820 0.409982 0.002276 0.007015
0 0.788008 0.412302 0.001901 0.002377
0 0.824002 0.409982 0.002276 0.007015
0 0.824189 0.412302 0.001901 0.002377
0 0.302327 0.695232 0.001991 0.009471
0 0.302579 0.697649 0.001488 0.001129
0 0.497682 0.597994 0.001024 0.002105
0 0.632966 0.593083 0.001024 0.002105
3 0.208737 0.293561 0.001195 0.004911
4 0.031149 0.475963 0.012800 0.016205
4 0.271408 0.666819 0.007453 0.014031
4 0.766629 0.647459 0.009387 0.017893
4 0.843928 0.647459 0.013056 0.017893
4 0.795273 0.521601 0.010468 0.018735
4 0.817118 0.521601 0.010468 0.018735
4 0.795273 0.606013 0.010468 0.018134
4 0.776741 0.521601 0.009927 0.018735
4 0.835664 0.521601 0.010013 0.018735
4 0.845691 0.521601 0.009188 0.018735
4 0.776741 0.606013 0.009927 0.018134
4 0.835664 0.606013 0.010013 0.018134
4 0.766629 0.606013 0.009387 0.018134
4 0.845777 0.606329 0.009358 0.018766
11 0.018166 0.560024 0.002525 0.017099
11 0.413413 0.267799 0.001625 0.014733
11 0.425049 0.271410 0.001823 0.007372
11 0.428736 0.278844 0.002474 0.007358
11 0.430303 0.267799 0.001625 0.014733
11 0.787877 0.514408 0.004893 0.049108
11 0.798458 0.514408 0.004893 0.049108
11 0.806196 0.514408 0.004893 0.049108
11 0.813933 0.514408 0.004893 0.049108
11 0.824514 0.514408 0.004893 0.049108
11 0.219467 0.677167 0.009444 0.124174
11 0.912580 0.680728 0.005461 0.041848
11 0.288261 0.571145 0.003840 0.039813
11 0.221430 0.502832 0.005518 0.029114
11 0.928694 0.679675 0.007197 0.017433
11 0.086906 0.685428 0.003925 0.028939
11 0.089665 0.685356 0.009444 0.029083
11 0.764279 0.680728 0.004688 0.019537
11 0.493711 0.680728 0.004688 0.019537
11 0.628995 0.680728 0.004688 0.019537
11 0.230305 0.628760 0.003300 0.027360
11 0.221458 0.452145 0.005461 0.016486
11 0.577544 0.682885 0.004688 0.019643
11 0.712828 0.682885 0.004688 0.019643
11 0.848112 0.682885 0.004688 0.019643
11 0.256943 0.666819 0.006059 0.014031
11 0.230575 0.597453 0.002759 0.029991
11 0.524704 0.709893 0.003357 0.024551
11 0.546550 0.709893 0.003357 0.024551
11 0.230475 0.565796 0.002958 0.029114
11 0.767453 0.707438 0.002617 0.029462
11 0.564982 0.709893 0.003129 0.024551
11 0.506272 0.709893 0.003129 0.024551
11 0.381085 0.370327 0.003186 0.023853
11 0.022420 0.475963 0.004659 0.016205
11 0.286924 0.627444 0.006514 0.029991
11 0.845066 0.708490 0.002816 0.027357
11 0.901600 0.416472 0.003528 0.020696
11 0.901600 0.424541 0.003528 0.036833
11 0.795273 0.583439 0.003357 0.021394
11 0.817118 0.583439 0.003357 0.021394
11 0.787834 0.437080 0.003499 0.020520
11 0.524704 0.544345 0.003357 0.021015
11 0.546550 0.544345 0.003357 0.021015
11 0.659988 0.544345 0.003357 0.021015
11 0.681834 0.544345 0.003357 0.021015
11 0.513426 0.627112 0.003613 0.019293
11 0.513426 0.500833 0.003613 0.019293
11 0.659988 0.416472 0.003357 0.020696
11 0.524704 0.416472 0.003357 0.020696
11 0.546550 0.416472 0.003357 0.020696
11 0.681834 0.416472 0.003357 0.020696
11 0.817118 0.437080 0.003357 0.020520
11 0.795273 0.437080 0.003357 0.020520
11 0.817118 0.711910 0.003357 0.020517
11 0.659988 0.711910 0.003357 0.020517
11 0.681834 0.711910 0.003357 0.020517
11 0.795273 0.711910 0.003357 0.020517
11 0.787834 0.690252 0.003499 0.019293
11 0.652550 0.690252 0.003499 0.019293
11 0.493102 0.500833 0.003470 0.019293
11 0.763670 0.627112 0.003470 0.019293
11 0.848721 0.500833 0.003470 0.019293
11 0.848721 0.627112 0.003470 0.019293
11 0.578152 0.500833 0.003470 0.019293
11 0.578152 0.627112 0.003470 0.019293
11 0.713437 0.627112 0.003470 0.019293
11 0.713437 0.500833 0.003470 0.019293
11 0.506272 0.583439 0.003129 0.021394
11 0.564982 0.583439 0.003129 0.021394
11 0.641556 0.583439 0.003129 0.021394
11 0.700267 0.583439 0.003129 0.021394
11 0.764336 0.416472 0.004802 0.020696
11 0.641556 0.544345 0.003129 0.021015
11 0.700267 0.544345 0.003129 0.021015
11 0.506272 0.544345 0.003129 0.021015
11 0.564982 0.544345 0.003129 0.021015
11 0.776840 0.544345 0.003129 0.021015
11 0.835551 0.544345 0.003129 0.021015
11 0.652550 0.437957 0.003499 0.018766
11 0.517266 0.437957 0.003499 0.018766
11 0.506272 0.416472 0.003129 0.020696
11 0.700267 0.416472 0.003129 0.020696
11 0.524704 0.627112 0.003357 0.019293
11 0.546550 0.627112 0.003357 0.019293
11 0.795273 0.627112 0.003357 0.019293
11 0.681834 0.500833 0.003357 0.019293
11 0.795273 0.500833 0.003357 0.019293
11 0.641556 0.416472 0.003129 0.020696
11 0.659988 0.627112 0.003357 0.019293
11 0.681834 0.627112 0.003357 0.019293
11 0.817118 0.627112 0.003357 0.019293
11 0.524704 0.500833 0.003357 0.019293
11 0.546550 0.500833 0.003357 0.019293
11 0.659988 0.500833 0.003357 0.019293
11 0.817118 0.500833 0.003357 0.019293
11 0.564982 0.416472 0.003129 0.020696
11 0.659988 0.690252 0.003357 0.019293
11 0.681834 0.690252 0.003357 0.019293
11 0.795273 0.690252 0.003357 0.019293
11 0.817118 0.690252 0.003357 0.019293
11 0.776840 0.711910 0.003129 0.020517
11 0.700267 0.711910 0.003129 0.020517
11 0.835551 0.711910 0.003129 0.020517
11 0.641556 0.711910 0.003129 0.020517
11 0.817118 0.415595 0.003357 0.018942
11 0.795273 0.415595 0.003357 0.018942
11 0.685432 0.690252 0.003271 0.019293
11 0.791674 0.627112 0.003271 0.019293
11 0.521106 0.500833 0.003271 0.019293
11 0.550148 0.500833 0.003271 0.019293
11 0.521106 0.627112 0.003271 0.019293
11 0.550148 0.627112 0.003271 0.019293
11 0.656390 0.627112 0.003271 0.019293
11 0.820717 0.627112 0.003271 0.019293
11 0.656390 0.500833 0.003271 0.019293
11 0.685432 0.500833 0.003271 0.019293
11 0.820717 0.500833 0.003271 0.019293
11 0.685432 0.627112 0.003271 0.019293
11 0.791674 0.500833 0.003271 0.019293
11 0.524704 0.437957 0.003357 0.018766
11 0.546550 0.437957 0.003357 0.018766
11 0.659988 0.437957 0.003357 0.018766
11 0.681834 0.437957 0.003357 0.018766
11 0.817118 0.458477 0.003357 0.018766
11 0.795273 0.458477 0.003357 0.018766
11 0.524704 0.480066 0.003357 0.018735
11 0.546550 0.480066 0.003357 0.018735
11 0.659988 0.480066 0.003357 0.018735
11 0.681834 0.480066 0.003357 0.018735
11 0.847429 0.683271 0.003322 0.018873
11 0.703737 0.690252 0.003243 0.019293
11 0.839021 0.627112 0.003243 0.019293
11 0.839021 0.500833 0.003243 0.019293
11 0.568453 0.627112 0.003243 0.019293
11 0.568453 0.500833 0.003243 0.019293
11 0.703737 0.500833 0.003243 0.019293
11 0.703737 0.627112 0.003243 0.019293
11 0.288261 0.601575 0.003840 0.017539
11 0.524704 0.669055 0.003357 0.018504
11 0.681834 0.669055 0.003357 0.018504
11 0.795273 0.669055 0.003357 0.018504
11 0.817118 0.669055 0.003357 0.018504
11 0.546550 0.669055 0.003357 0.018504
11 0.659988 0.669055 0.003357 0.018504
11 0.638100 0.690252 0.003214 0.019293
11 0.638100 0.627112 0.003214 0.019293
11 0.773384 0.627112 0.003214 0.019293
11 0.502816 0.500833 0.003214 0.019293
11 0.638100 0.500833 0.003214 0.019293
11 0.773384 0.500833 0.003214 0.019293
11 0.502816 0.627112 0.003214 0.019293
11 0.550148 0.437957 0.003271 0.018766
11 0.685432 0.437957 0.003271 0.018766
11 0.524704 0.606013 0.003357 0.018134
11 0.546550 0.606013 0.003357 0.018134
11 0.659988 0.606013 0.003357 0.018134
11 0.681834 0.606013 0.003357 0.018134
11 0.817118 0.606013 0.003357 0.018134
11 0.568453 0.437957 0.003243 0.018766
11 0.703737 0.437957 0.003243 0.018766
11 0.564982 0.627112 0.003129 0.019293
11 0.700267 0.627112 0.003129 0.019293
11 0.776840 0.627112 0.003129 0.019293
11 0.506272 0.627112 0.003129 0.019293
11 0.506272 0.500833 0.003129 0.019293
11 0.641556 0.500833 0.003129 0.019293
11 0.835551 0.500833 0.003129 0.019293
11 0.564982 0.500833 0.003129 0.019293
11 0.641556 0.627112 0.003129 0.019293
11 0.835551 0.627112 0.003129 0.019293
11 0.700267 0.500833 0.003129 0.019293
11 0.776840 0.500833 0.003129 0.019293
11 0.700267 0.690252 0.003129 0.019293
11 0.641556 0.690252 0.003129 0.019293
11 0.776840 0.690252 0.003129 0.019293
11 0.638100 0.437957 0.003214 0.018766
11 0.502816 0.437957 0.003214 0.018766
11 0.524704 0.647459 0.003357 0.017893
11 0.546550 0.647459 0.003357 0.017893
11 0.817118 0.647459 0.003357 0.017893
11 0.659988 0.647459 0.003357 0.017893
11 0.681834 0.647459 0.003357 0.017893
11 0.795273 0.647459 0.003357 0.017893
11 0.216566 0.452145 0.003641 0.016486
11 0.629052 0.416472 0.004802 0.020696
11 0.767226 0.627112 0.003072 0.019293
11 0.496658 0.500833 0.003072 0.019293
11 0.631942 0.500833 0.003072 0.019293
11 0.767226 0.500833 0.003072 0.019293
11 0.568453 0.706738 0.003243 0.018240
11 0.709895 0.500833 0.003044 0.019293
11 0.574611 0.627112 0.003044 0.019293
11 0.709895 0.627112 0.003044 0.019293
11 0.845179 0.627112 0.003044 0.019293
11 0.574611 0.500833 0.003044 0.019293
11 0.845179 0.500833 0.003044 0.019293
11 0.506272 0.437957 0.003129 0.018766
11 0.641556 0.437957 0.003129 0.018766
11 0.700267 0.437957 0.003129 0.018766
11 0.561612 0.627112 0.003044 0.019293
11 0.696896 0.627112 0.003044 0.019293
11 0.564982 0.437957 0.003129 0.018766
11 0.561612 0.500833 0.003044 0.019293
11 0.696896 0.500833 0.003044 0.019293
11 0.832180 0.500833 0.003044 0.019293
11 0.832180 0.627112 0.003044 0.019293
11 0.564982 0.480066 0.003129 0.018735
11 0.641556 0.480066 0.003129 0.018735
11 0.835551 0.480066 0.003129 0.018735
11 0.506272 0.480066 0.003129 0.018735
11 0.700267 0.480066 0.003129 0.018735
11 0.805740 0.583439 0.002731 0.021394
11 0.780197 0.500833 0.003015 0.019293
11 0.644913 0.500833 0.003015 0.019293
11 0.644913 0.627112 0.003015 0.019293
11 0.780197 0.627112 0.003015 0.019293
11 0.644913 0.690252 0.003015 0.019293
11 0.780197 0.690252 0.003015 0.019293
11 0.506272 0.669055 0.003129 0.018504
11 0.564982 0.669055 0.003129 0.018504
11 0.641556 0.669055 0.003129 0.018504
11 0.700267 0.669055 0.003129 0.018504
11 0.776840 0.669055 0.003129 0.018504
11 0.820717 0.647459 0.003271 0.017893
11 0.685432 0.647459 0.003271 0.017893
11 0.656390 0.647459 0.003271 0.017893
11 0.791674 0.647459 0.003271 0.017893
11 0.496658 0.521601 0.003072 0.018735
11 0.631942 0.521601 0.003072 0.018735
11 0.496658 0.480066 0.003072 0.018735
11 0.631942 0.480066 0.003072 0.018735
11 0.767226 0.521601 0.003072 0.018735
11 0.767254 0.521601 0.008135 0.018735
11 0.550148 0.647459 0.003271 0.017893
11 0.561612 0.437957 0.003044 0.018766
11 0.696896 0.437957 0.003044 0.018766
11 0.709895 0.480066 0.003044 0.018735
11 0.574611 0.521601 0.003044 0.018735
11 0.574611 0.480066 0.003044 0.018735
11 0.644913 0.437957 0.003015 0.018766
11 0.805740 0.711910 0.002731 0.020517
11 0.700267 0.647459 0.003129 0.017893
11 0.776840 0.647459 0.003129 0.017893
11 0.835551 0.647459 0.003129 0.017893
11 0.564982 0.647459 0.003129 0.017893
11 0.506272 0.647459 0.003129 0.017893
11 0.641556 0.647459 0.003129 0.017893
11 0.285516 0.432677 0.003698 0.018240
11 0.711918 0.683271 0.002867 0.018873
11 0.576633 0.683271 0.002867 0.018873
11 0.553988 0.688235 0.003499 0.015259
11 0.517266 0.688235 0.003499 0.015259
11 0.805740 0.500833 0.002731 0.019293
11 0.805740 0.627112 0.002731 0.019293
11 0.805740 0.415595 0.002731 0.018942
11 0.805740 0.458477 0.002731 0.018766
11 0.524704 0.688235 0.003357 0.015259
11 0.546550 0.688235 0.003357 0.015259
11 0.805740 0.521601 0.002731 0.018735
11 0.805740 0.669055 0.002731 0.018504
11 0.805740 0.606013 0.002731 0.018134
11 0.568453 0.688235 0.003243 0.015259
11 0.502816 0.688235 0.003214 0.015259
11 0.805740 0.647459 0.002731 0.017893
11 0.564982 0.688235 0.003129 0.015259
11 0.506272 0.688235 0.003129 0.015259
11 0.817118 0.563973 0.003357 0.014031
11 0.524704 0.563973 0.003357 0.014031
11 0.659988 0.563973 0.003357 0.014031
11 0.681834 0.563973 0.003357 0.014031
11 0.795273 0.563973 0.003357 0.014031
11 0.546550 0.563973 0.003357 0.014031
11 0.509643 0.688235 0.003044 0.015259
11 0.561612 0.688235 0.003044 0.015259
11 0.703737 0.708755 0.003243 0.014206
11 0.656390 0.563973 0.003271 0.014031
11 0.791674 0.563973 0.003271 0.014031
11 0.521106 0.563973 0.003271 0.014031
11 0.550148 0.563973 0.003271 0.014031
11 0.685432 0.563973 0.003271 0.014031
11 0.820717 0.563973 0.003271 0.014031
11 0.638100 0.708755 0.003214 0.014206
11 0.638100 0.563973 0.003214 0.014031
11 0.502816 0.563973 0.003214 0.014031
11 0.773384 0.563973 0.003214 0.014031
11 0.770184 0.627112 0.002276 0.019293
11 0.499616 0.500833 0.002276 0.019293
11 0.770184 0.500833 0.002276 0.019293
11 0.634900 0.500833 0.002276 0.019293
11 0.571667 0.500833 0.002276 0.019293
11 0.706951 0.627112 0.002276 0.019293
11 0.571667 0.627112 0.002276 0.019293
11 0.842235 0.627112 0.002276 0.019293
11 0.842235 0.500833 0.002276 0.019293
11 0.706951 0.500833 0.002276 0.019293
11 0.506272 0.563973 0.003129 0.014031
11 0.564982 0.563973 0.003129 0.014031
11 0.641556 0.563973 0.003129 0.014031
11 0.835551 0.563973 0.003129 0.014031
11 0.776840 0.563973 0.003129 0.014031
11 0.832180 0.563973 0.003044 0.014031
11 0.561612 0.563973 0.003044 0.014031
11 0.644913 0.563973 0.003015 0.014031
11 0.780197 0.563973 0.003015 0.014031
