0 0.867602 0.215377 0.018372 0.012442
0 0.720498 0.330394 0.001318 0.017658
0 0.721443 0.343993 0.001247 0.017948
0 0.669530 0.345316 0.001019 0.001799
0 0.985486 0.277713 0.020103 0.010127
0 0.985939 0.213383 0.010528 0.001560
0 0.978513 0.281619 0.004272 0.002315
0 0.986047 0.163095 0.013703 0.002315
0 0.985939 0.214091 0.010692 0.002459
0 0.901240 0.012165 0.001381 0.001881
0 0.905183 0.012237 0.001194 0.001736
0 0.895090 0.012165 0.001090 0.001881
0 0.765760 0.344853 0.001721 0.020245
0 0.766600 0.332556 0.001721 0.020245
0 0.759297 0.342941 0.006023 0.011214
0 0.748558 0.341946 0.001587 0.003436
0 0.751586 0.341041 0.004468 0.007413
0 0.747864 0.256681 0.001272 0.111830
0 0.923004 0.277091 0.003476 0.001295
0 0.927078 0.274248 0.003595 0.001736
0 0.705692 0.283602 0.001517 0.007463
0 0.696762 0.252732 0.014440 0.189193
2 0.927236 0.282494 0.001681 0.014756
2 0.910704 0.014613 0.001681 0.014756
4 0.759297 0.342941 0.006023 0.011214
4 0.751586 0.341041 0.004468 0.007413
4 0.755228 0.342647 0.002115 0.006575
4 0.758824 0.194524 0.002101 0.005828
11 0.874594 0.318093 0.004435 0.025173
11 0.719529 0.146000 0.002059 0.024305
11 0.747285 0.146000 0.002059 0.024305
11 0.747259 0.145987 0.001684 0.012112
11 0.802798 0.146000 0.002059 0.024305
11 0.802789 0.144303 0.001684 0.012112
11 0.830554 0.146000 0.002059 0.024305
11 0.830546 0.144303 0.001684 0.012112
11 0.902443 0.315055 0.004249 0.013310
11 0.684999 0.487857 0.001868 0.083041
11 0.764313 0.229989 0.003274 0.058447
11 0.746861 0.328150 0.001807 0.031108
11 0.747069 0.249960 0.002301 0.125315
11 0.749713 0.194213 0.001495 0.013105
11 0.753566 0.194793 0.003957 0.011945
11 0.751024 0.191935 0.001126 0.007245
11 0.766014 0.226957 0.002766 0.064510
11 0.766580 0.283517 0.001634 0.048609
11 0.765622 0.329004 0.003551 0.042365
11 0.755228 0.342647 0.002115 0.006575
11 0.763078 0.345603 0.001541 0.007279
11 0.756915 0.195801 0.001716 0.009929
11 0.758824 0.194524 0.002101 0.005828
11 0.760756 0.196661 0.001763 0.008208
11 0.958845 0.286042 0.001068 0.014178
11 0.950073 0.286331 0.001068 0.013599
11 0.915893 0.062948 0.002742 0.032060
11 0.708584 0.325869 0.007301 0.042912
11 0.717398 0.146000 0.002203 0.024305
11 0.745154 0.146000 0.002203 0.024305
11 0.800667 0.146000 0.002203 0.024305
11 0.828423 0.146000 0.002203 0.024305
11 0.708584 0.325869 0.007301 0.042912
11 0.783983 0.318057 0.013586 0.033925
11 0.684999 0.487857 0.001868 0.083041
11 0.747069 0.249960 0.002301 0.125315
11 0.865396 0.317804 0.013960 0.025751
11 0.764313 0.229989 0.003274 0.058447
11 0.766014 0.226957 0.002766 0.064510
11 0.915893 0.062948 0.002742 0.032060
11 0.765622 0.329004 0.003551 0.042365
11 0.747864 0.256681 0.001272 0.111830
11 0.766580 0.283517 0.001634 0.048609
11 0.717398 0.146000 0.002203 0.024305
11 0.745154 0.146000 0.002203 0.024305
11 0.828423 0.146000 0.002203 0.024305
11 0.800667 0.146000 0.002203 0.024305
11 0.802798 0.146000 0.002059 0.024305
11 0.830554 0.146000 0.002059 0.024305
11 0.719529 0.146000 0.002059 0.024305
11 0.747285 0.146000 0.002059 0.024305
11 0.753566 0.194793 0.003957 0.011945
11 0.746861 0.328150 0.001807 0.031108
11 0.927236 0.282494 0.001681 0.014756
11 0.910704 0.014613 0.001681 0.014756
11 0.749713 0.194213 0.001495 0.013105
11 0.756915 0.195801 0.001716 0.009929
11 0.958845 0.286042 0.001068 0.014178
11 0.950073 0.286331 0.001068 0.013599
11 0.760756 0.196661 0.001763 0.008208
11 0.763078 0.345603 0.001541 0.007279
11 0.751024 0.191935 0.001126 0.007245
