0 0.874635 0.888210 0.001074 0.001174
0 0.953992 0.882104 0.001118 0.001076
0 0.917716 0.882104 0.001118 0.001076
1 0.837422 0.989007 0.017222 0.021985
2 0.851512 0.800332 0.001948 0.003518
2 0.854931 0.802129 0.007519 0.013485
2 0.847030 0.801141 0.008504 0.015257
2 0.853144 0.801088 0.003934 0.007012
2 0.843627 0.800438 0.015279 0.027624
2 0.846817 0.801131 0.005051 0.009105
2 0.849896 0.801472 0.001285 0.002229
2 0.848086 0.801502 0.002544 0.004498
2 0.850250 0.802050 0.002004 0.003527
2 0.849675 0.810378 0.002499 0.004511
2 0.876426 0.811642 0.001221 0.002999
2 0.876345 0.813059 0.001382 0.002470
2 0.876206 0.814380 0.001104 0.002633
2 0.876206 0.813585 0.001104 0.002218
2 0.875820 0.815051 0.002233 0.004563
2 0.876485 0.812482 0.001101 0.001988
2 0.875820 0.814034 0.002233 0.004592
2 0.876174 0.812745 0.001040 0.001877
2 0.876034 0.813555 0.001805 0.003594
2 0.883343 0.812166 0.001013 0.001814
11 0.847147 0.998952 0.002228 0.002094
11 0.861553 0.998952 0.002228 0.002094
11 0.881003 0.998952 0.002228 0.002094
11 0.900453 0.998952 0.002228 0.002094
11 0.921625 0.998952 0.002228 0.002094
11 0.854309 0.954771 0.002228 0.002094
11 0.838536 0.816651 0.002228 0.002094
11 0.865148 0.816651 0.002228 0.002094
11 0.860162 0.854973 0.002557 0.004397
11 0.860129 0.854971 0.002092 0.002191
11 0.860129 0.854531 0.001141 0.001312
11 0.857516 0.854973 0.002736 0.004397
11 0.854309 0.895226 0.002228 0.002094
11 0.933565 0.854973 0.002557 0.004397
11 0.933554 0.854666 0.002092 0.002191
11 0.930918 0.854973 0.002736 0.004397
11 0.897289 0.854973 0.002557 0.004397
11 0.897278 0.854666 0.002092 0.002191
11 0.894642 0.854973 0.002736 0.004397
11 0.857516 0.854973 0.002736 0.004397
11 0.930918 0.854973 0.002736 0.004397
11 0.894642 0.854973 0.002736 0.004397
11 0.897289 0.854973 0.002557 0.004397
11 0.933565 0.854973 0.002557 0.004397
11 0.860162 0.854973 0.002557 0.004397
11 0.921625 0.998952 0.002228 0.002094
11 0.847147 0.998952 0.002228 0.002094
11 0.861553 0.998952 0.002228 0.002094
11 0.881003 0.998952 0.002228 0.002094
11 0.900453 0.998952 0.002228 0.002094
11 0.854309 0.954771 0.002228 0.002094
11 0.838536 0.816651 0.002228 0.002094
11 0.865148 0.816651 0.002228 0.002094
11 0.854309 0.895226 0.002228 0.002094
