0 0.765840 0.457022 0.001107 0.002682
0 0.761319 0.457022 0.001107 0.002682
0 0.439978 0.457022 0.001107 0.002682
0 0.435456 0.457022 0.001107 0.002682
0 0.422307 0.436235 0.001569 0.005364
0 0.453196 0.458363 0.001661 0.005364
0 0.410819 0.299776 0.001569 0.006706
0 0.680371 0.300446 0.002399 0.006706
0 0.073784 0.463590 0.001384 0.010058
0 0.071477 0.522348 0.001384 0.009891
0 0.088386 0.405251 0.003137 0.022799
0 0.088386 0.377088 0.003137 0.022799
0 0.088386 0.439450 0.003137 0.022799
0 0.088386 0.348924 0.003137 0.022799
0 0.088386 0.320761 0.003137 0.022799
0 0.088386 0.292597 0.003137 0.022799
0 0.559262 0.458363 0.002399 0.005364
0 0.841998 0.627261 0.009938 0.054150
0 0.914525 0.627261 0.009938 0.054150
0 0.832632 0.617225 0.008794 0.034077
0 0.832632 0.310108 0.008794 0.034077
0 0.914525 0.320145 0.009938 0.054150
0 0.316431 0.538326 0.001371 0.002012
0 0.316431 0.508404 0.001371 0.002012
0 0.322454 0.538326 0.001371 0.002012
0 0.305829 0.538326 0.001371 0.002012
0 0.177025 0.564994 0.001107 0.004023
0 0.403945 0.540339 0.001107 0.004023
0 0.406402 0.517372 0.001915 0.002012
0 0.405424 0.474789 0.001113 0.002682
0 0.403880 0.439923 0.001532 0.002682
0 0.410819 0.595493 0.001569 0.005364
0 0.419147 0.299776 0.001569 0.006706
0 0.419261 0.302413 0.001341 0.001431
0 0.425514 0.299105 0.001569 0.005364
0 0.425619 0.301196 0.001359 0.001183
0 0.432204 0.299105 0.001569 0.005364
0 0.432309 0.301196 0.001359 0.001183
0 0.434557 0.299776 0.001938 0.006706
0 0.434670 0.302413 0.001710 0.001431
0 0.443415 0.299776 0.001938 0.006706
0 0.443529 0.302413 0.001710 0.001431
0 0.449736 0.299776 0.001938 0.006706
0 0.449850 0.302413 0.001710 0.001431
0 0.455664 0.299776 0.002814 0.006706
0 0.464638 0.595493 0.001569 0.005364
0 0.464638 0.299776 0.001569 0.006706
0 0.464752 0.302413 0.001341 0.001431
0 0.471558 0.439923 0.001523 0.002682
0 0.470013 0.474789 0.001107 0.002682
0 0.471351 0.540342 0.001107 0.004023
0 0.510380 0.540339 0.001107 0.004023
0 0.512836 0.517372 0.001915 0.002012
0 0.511856 0.474789 0.001107 0.002682
0 0.510310 0.439923 0.001523 0.002682
0 0.508673 0.385272 0.001015 0.015088
0 0.529042 0.436235 0.002399 0.005364
0 0.531949 0.299105 0.001569 0.005364
0 0.532054 0.301196 0.001359 0.001183
0 0.538639 0.299105 0.001569 0.005364
0 0.538743 0.301196 0.001359 0.001183
0 0.540992 0.299776 0.001938 0.006706
0 0.541105 0.302413 0.001710 0.001431
0 0.547728 0.297764 0.001107 0.002682
0 0.549850 0.299776 0.001938 0.006706
0 0.549964 0.302413 0.001710 0.001431
0 0.556171 0.299776 0.001938 0.006706
0 0.556284 0.302413 0.001710 0.001431
0 0.561315 0.299776 0.001246 0.006706
0 0.561431 0.302557 0.001014 0.001143
0 0.570926 0.302557 0.002324 0.001143
0 0.577786 0.540342 0.001107 0.004023
0 0.576448 0.474789 0.001107 0.002682
0 0.577993 0.439923 0.001523 0.002682
0 0.570738 0.597620 0.002237 0.001110
0 0.668975 0.458363 0.002399 0.005364
0 0.620093 0.540339 0.001107 0.004023
0 0.622550 0.517372 0.001915 0.002012
0 0.621570 0.474789 0.001107 0.002682
0 0.620024 0.439923 0.001523 0.002682
0 0.638756 0.436235 0.002399 0.005364
0 0.641662 0.299105 0.001569 0.005364
0 0.641767 0.301196 0.001359 0.001183
0 0.648352 0.299105 0.001569 0.005364
0 0.648457 0.301196 0.001359 0.001183
0 0.650705 0.299776 0.001938 0.006706
0 0.650819 0.302413 0.001710 0.001431
0 0.657441 0.297764 0.001107 0.002682
0 0.659564 0.299776 0.001938 0.006706
0 0.659677 0.302413 0.001710 0.001431
0 0.665884 0.299776 0.001938 0.006706
0 0.665998 0.302413 0.001710 0.001431
0 0.671029 0.299776 0.001246 0.006706
0 0.671144 0.302557 0.001014 0.001143
0 0.680524 0.303228 0.002093 0.001143
0 0.687499 0.540339 0.001107 0.004023
0 0.686161 0.474789 0.001107 0.002682
0 0.680452 0.597620 0.002237 0.001110
0 0.729013 0.330330 0.001035 0.002596
0 0.751376 0.299105 0.001569 0.005364
0 0.751481 0.301196 0.001359 0.001183
0 0.758066 0.299105 0.001569 0.005364
0 0.758171 0.301196 0.001359 0.001183
0 0.767155 0.596834 0.001107 0.002682
0 0.760419 0.299776 0.001938 0.006706
0 0.760533 0.302413 0.001710 0.001431
0 0.767155 0.297764 0.001107 0.002682
0 0.769277 0.299776 0.001938 0.006706
0 0.769391 0.302413 0.001710 0.001431
0 0.775598 0.299776 0.001938 0.006706
0 0.775712 0.302413 0.001710 0.001431
0 0.780742 0.299776 0.001246 0.006706
0 0.834644 0.264394 0.004772 0.057353
0 0.907171 0.264394 0.004772 0.057353
0 0.175193 0.220759 0.002644 0.014252
0 0.175561 0.219398 0.001904 0.008967
0 0.173798 0.235244 0.001811 0.013740
0 0.189239 0.223364 0.001292 0.002012
0 0.546413 0.457022 0.001107 0.002682
0 0.541891 0.457022 0.001107 0.002682
0 0.656126 0.457022 0.001107 0.002682
0 0.651605 0.457022 0.001107 0.002682
0 0.395985 0.828802 0.010938 0.044044
0 0.404566 0.860654 0.010938 0.044044
0 0.181962 0.620650 0.001107 0.003018
0 0.246023 0.580752 0.001615 0.009053
0 0.246227 0.583062 0.001207 0.001079
11 0.014784 0.443524 0.002048 0.016344
11 0.077559 0.557095 0.002836 0.022023
11 0.529048 0.436758 0.003440 0.010175
11 0.578026 0.439466 0.002024 0.004463
11 0.175274 0.516196 0.004076 0.041412
11 0.473036 0.544406 0.001022 0.016713
11 0.339312 0.162453 0.001318 0.014082
11 0.558893 0.458563 0.003440 0.010175
11 0.088386 0.439450 0.003137 0.022799
11 0.088386 0.348924 0.003137 0.022799
11 0.088386 0.377088 0.003137 0.022799
11 0.088386 0.320761 0.003137 0.022799
11 0.088386 0.292597 0.003137 0.022799
11 0.088386 0.405251 0.003137 0.022799
