0 0.945982 0.844608 0.004925 0.010380
0 0.936739 0.837639 0.004925 0.010380
0 0.945896 0.837049 0.004970 0.010270
0 0.936877 0.844173 0.004970 0.010270
0 0.848953 0.709399 0.004925 0.010380
0 0.839711 0.702430 0.004925 0.010380
0 0.848868 0.701840 0.004970 0.010270
0 0.839848 0.708964 0.004970 0.010270
0 0.904218 0.708867 0.009422 0.008249
0 0.914162 0.708867 0.009422 0.008249
0 0.904218 0.696139 0.009422 0.008249
0 0.914162 0.696139 0.009422 0.008249
0 0.060310 0.968218 0.002545 0.003071
0 0.060649 0.926642 0.002885 0.004724
0 0.060649 0.883295 0.002885 0.004724
0 0.060649 0.840775 0.002885 0.004724
0 0.060649 0.798255 0.002885 0.004724
0 0.091109 0.926289 0.002545 0.004016
0 0.091363 0.798256 0.003054 0.004016
0 0.114357 0.926289 0.002545 0.004016
0 0.114357 0.883296 0.002545 0.004016
0 0.114357 0.840776 0.002545 0.004016
0 0.114357 0.798256 0.002545 0.004016
0 0.212099 0.926289 0.002545 0.004016
0 0.212099 0.883296 0.002545 0.004016
0 0.212099 0.840776 0.002545 0.004016
0 0.212099 0.798256 0.002545 0.004016
0 0.266061 0.926643 0.002545 0.004724
0 0.266061 0.883296 0.002545 0.004724
0 0.266061 0.840776 0.002545 0.004724
0 0.266061 0.798256 0.002545 0.004724
0 0.031123 0.925816 0.002545 0.003071
0 0.295503 0.925816 0.002206 0.003071
0 0.295503 0.798256 0.002206 0.003071
0 0.090939 0.968218 0.002206 0.003071
0 0.235517 0.968218 0.002206 0.003071
0 0.266231 0.968218 0.002206 0.003071
0 0.060310 0.755854 0.002545 0.003071
0 0.090939 0.755854 0.002545 0.003071
0 0.114357 0.755854 0.002545 0.003071
0 0.266231 0.755854 0.002206 0.003071
0 0.235517 0.755854 0.002206 0.003071
0 0.296661 0.887582 0.003140 0.009008
0 0.092904 0.845081 0.003930 0.009008
0 0.146938 0.755854 0.002206 0.003071
0 0.179518 0.755854 0.002206 0.003071
0 0.212099 0.755854 0.002206 0.003071
0 0.114357 0.968218 0.002206 0.003071
0 0.146938 0.968218 0.002206 0.003071
0 0.179518 0.968218 0.002206 0.003071
0 0.212099 0.968218 0.002206 0.003071
0 0.031123 0.798256 0.002545 0.003071
0 0.235347 0.798256 0.002545 0.004016
0 0.235347 0.926289 0.002545 0.004016
0 0.038165 0.761877 0.016630 0.017008
0 0.146938 0.926643 0.002545 0.004724
0 0.179518 0.926643 0.002545 0.004724
0 0.146938 0.883296 0.002545 0.004724
0 0.179518 0.883296 0.002545 0.004724
0 0.179518 0.840776 0.002545 0.004724
0 0.146938 0.840776 0.002545 0.004724
0 0.146938 0.798256 0.002545 0.004724
0 0.179518 0.798256 0.002545 0.004724
0 0.288291 0.761877 0.016630 0.017008
0 0.436136 0.888806 0.002462 0.011021
0 0.465807 0.807344 0.003769 0.018176
0 0.495698 0.807247 0.002462 0.017982
0 0.667898 0.763016 0.003382 0.013143
0 0.435924 0.846274 0.002886 0.011046
0 0.465635 0.766174 0.003765 0.020642
0 0.495992 0.763468 0.001952 0.014049
0 0.519116 0.847914 0.002462 0.014276
0 0.495717 0.973662 0.002501 0.010887
0 0.551697 0.804625 0.002462 0.012739
0 0.551697 0.847914 0.002462 0.014276
0 0.551952 0.890225 0.001952 0.016476
0 0.551697 0.933706 0.002462 0.014126
0 0.584278 0.804625 0.002462 0.012739
0 0.584533 0.847259 0.001952 0.015585
0 0.584533 0.890225 0.001952 0.016476
0 0.584278 0.933706 0.002462 0.014126
0 0.670821 0.807184 0.002462 0.017857
0 0.670677 0.848348 0.002175 0.015143
0 0.640276 0.805554 0.002462 0.014597
0 0.616627 0.803952 0.002000 0.011392
0 0.614406 0.848042 0.002442 0.014532
0 0.640191 0.933644 0.002632 0.014711
0 0.668509 0.973710 0.002501 0.010983
0 0.465807 0.849864 0.003769 0.018176
0 0.465807 0.934904 0.003769 0.018176
0 0.465670 0.891726 0.003496 0.016860
0 0.551716 0.762552 0.002501 0.013396
0 0.584297 0.762552 0.002501 0.013396
0 0.616878 0.762552 0.002501 0.013396
0 0.640125 0.762552 0.002501 0.013396
0 0.616858 0.933644 0.002462 0.014711
0 0.519116 0.804639 0.002462 0.012767
0 0.519116 0.890880 0.002462 0.015167
0 0.435940 0.803753 0.002886 0.011046
0 0.441279 0.975392 0.002432 0.017432
0 0.694949 0.976264 0.002676 0.019176
0 0.440033 0.777221 0.002670 0.014639
0 0.689019 0.776593 0.002670 0.014639
0 0.642760 0.890028 0.002270 0.016337
0 0.498717 0.890212 0.002321 0.016704
0 0.463838 0.968218 0.002206 0.003071
0 0.464177 0.926643 0.002885 0.004724
0 0.464177 0.883296 0.002885 0.004724
0 0.464177 0.840776 0.002885 0.004724
0 0.464177 0.798256 0.002885 0.004724
0 0.494637 0.926289 0.002545 0.004016
0 0.494806 0.798256 0.002885 0.004016
0 0.517885 0.926289 0.002545 0.004016
0 0.517885 0.883296 0.002545 0.004016
0 0.517885 0.840776 0.002545 0.004016
0 0.517885 0.798256 0.002545 0.004016
0 0.550465 0.926643 0.002715 0.004724
0 0.550465 0.883296 0.002715 0.004724
0 0.550465 0.840776 0.002715 0.004724
0 0.550465 0.798256 0.002715 0.004724
0 0.583046 0.926643 0.002715 0.004724
0 0.583046 0.883296 0.002715 0.004724
0 0.583046 0.840776 0.002715 0.004724
0 0.583046 0.798256 0.002715 0.004724
0 0.615627 0.926289 0.002545 0.004016
0 0.615627 0.883296 0.002545 0.004016
0 0.615627 0.840776 0.002545 0.004016
0 0.615627 0.798256 0.002545 0.004016
0 0.638875 0.926289 0.002545 0.004016
0 0.638875 0.798256 0.002545 0.004016
0 0.669589 0.926643 0.002545 0.004724
0 0.669589 0.840776 0.002545 0.004724
0 0.669589 0.798256 0.002545 0.004724
0 0.434481 0.925816 0.002206 0.003071
0 0.434481 0.798256 0.002206 0.003071
0 0.699031 0.925816 0.002206 0.003071
0 0.699031 0.798256 0.002206 0.003071
0 0.494467 0.968218 0.002206 0.003071
0 0.517885 0.968218 0.002206 0.003071
0 0.550465 0.968218 0.002206 0.003071
0 0.583046 0.968218 0.002206 0.003071
0 0.615627 0.968218 0.002206 0.003071
0 0.639045 0.968218 0.002206 0.003071
0 0.669759 0.968218 0.002206 0.003071
0 0.463838 0.755854 0.002206 0.003071
0 0.494467 0.755854 0.002206 0.003071
0 0.550465 0.755854 0.002206 0.003071
0 0.583046 0.755854 0.002206 0.003071
0 0.615627 0.755854 0.002206 0.003071
0 0.669759 0.755854 0.002206 0.003071
0 0.639045 0.755854 0.002206 0.003071
0 0.497429 0.934904 0.003769 0.018176
0 0.441693 0.761877 0.016630 0.017008
0 0.691819 0.761877 0.016630 0.017008
0 0.443096 0.691757 0.023611 0.004624
0 0.884958 0.934709 0.003949 0.009522
0 0.890867 0.934709 0.003949 0.009522
0 0.963234 0.919160 0.002597 0.011128
0 0.961132 0.928162 0.006800 0.006877
0 0.954333 0.928162 0.006800 0.006877
0 0.952231 0.919160 0.002597 0.011128
0 0.998019 0.916699 0.003949 0.009522
0 0.998019 0.926222 0.003949 0.009522
0 0.986171 0.926222 0.003949 0.009522
0 0.986171 0.916699 0.003949 0.009522
0 0.519133 0.973660 0.002501 0.010887
0 0.551716 0.973660 0.002501 0.010887
0 0.584297 0.973662 0.002501 0.010887
0 0.616879 0.973660 0.002501 0.010887
0 0.640297 0.973660 0.002501 0.010887
0 0.700281 0.931308 0.002501 0.010983
0 0.670615 0.932526 0.002051 0.011765
0 0.519116 0.933352 0.002462 0.014126
0 0.435731 0.931260 0.002501 0.010887
0 0.616858 0.890652 0.002462 0.014711
0 0.699348 0.888739 0.002501 0.010887
0 0.699348 0.846219 0.002501 0.010887
0 0.700281 0.803747 0.002501 0.010983
0 0.031038 0.840776 0.002376 0.004724
0 0.031038 0.883296 0.002376 0.004724
0 0.295418 0.840776 0.002376 0.004724
0 0.295418 0.883296 0.002376 0.004724
0 0.434566 0.840776 0.002376 0.004724
0 0.434566 0.883296 0.002376 0.004724
0 0.698946 0.840776 0.002376 0.004724
0 0.698946 0.883296 0.002376 0.004724
0 0.091448 0.729869 0.001188 0.001654
0 0.113848 0.729869 0.001188 0.001654
0 0.494722 0.862036 0.001358 0.009449
0 0.667553 0.786444 0.027151 0.014173
0 0.667553 0.810067 0.027151 0.014173
0 0.667553 0.828965 0.027151 0.014173
0 0.667553 0.852587 0.027151 0.014173
0 0.625249 0.789279 0.009163 0.026457
0 0.606074 0.789279 0.009163 0.026457
0 0.592668 0.789279 0.009163 0.026457
0 0.573493 0.789279 0.009163 0.026457
0 0.560766 0.789279 0.009163 0.026457
0 0.529678 0.790933 0.007806 0.023150
0 0.540199 0.790933 0.007806 0.023150
0 0.436136 0.257901 0.002462 0.011021
0 0.465807 0.176439 0.003769 0.018176
0 0.495698 0.176342 0.002462 0.017982
0 0.667898 0.132111 0.003382 0.013143
0 0.435924 0.215368 0.002886 0.011046
0 0.465635 0.135269 0.003765 0.020642
0 0.495992 0.132563 0.001952 0.014049
0 0.519116 0.217008 0.002462 0.014276
0 0.495717 0.342757 0.002501 0.010887
0 0.551697 0.173720 0.002462 0.012739
0 0.551697 0.217008 0.002462 0.014276
0 0.551952 0.259320 0.001952 0.016476
0 0.551697 0.302801 0.002462 0.014126
0 0.584278 0.173720 0.002462 0.012739
0 0.584533 0.216354 0.001952 0.015585
0 0.584533 0.259320 0.001952 0.016476
0 0.584278 0.302801 0.002462 0.014126
0 0.670821 0.176279 0.002462 0.017857
0 0.670677 0.217442 0.002175 0.015143
0 0.670821 0.258760 0.002462 0.012739
0 0.640276 0.174649 0.002462 0.014597
0 0.616627 0.173046 0.002000 0.011392
0 0.614406 0.217136 0.002442 0.014532
0 0.640191 0.302739 0.002632 0.014711
0 0.668509 0.342805 0.002501 0.010983
0 0.465807 0.218959 0.003769 0.018176
0 0.465807 0.303999 0.003769 0.018176
0 0.465670 0.260821 0.003496 0.016860
0 0.519135 0.131647 0.002501 0.013396
0 0.551716 0.131647 0.002501 0.013396
0 0.584297 0.131647 0.002501 0.013396
0 0.616878 0.131647 0.002501 0.013396
0 0.640125 0.131647 0.002501 0.013396
0 0.616858 0.302739 0.002462 0.014711
0 0.519116 0.173734 0.002462 0.012767
0 0.519116 0.259974 0.002462 0.015167
0 0.435940 0.172848 0.002886 0.011046
0 0.441279 0.344487 0.002432 0.017432
0 0.694949 0.345359 0.002676 0.019176
0 0.440033 0.146316 0.002670 0.014639
0 0.689019 0.145688 0.002670 0.014639
0 0.642760 0.259123 0.002270 0.016337
0 0.498717 0.259306 0.002321 0.016704
0 0.463838 0.337313 0.002206 0.003071
0 0.464177 0.295738 0.002885 0.004724
0 0.464177 0.252391 0.002885 0.004724
0 0.464177 0.209871 0.002885 0.004724
0 0.464177 0.167350 0.002885 0.004724
0 0.494637 0.295384 0.002545 0.004016
0 0.494806 0.167350 0.002885 0.004016
0 0.517885 0.295384 0.002545 0.004016
0 0.517885 0.252391 0.002545 0.004016
0 0.517885 0.209871 0.002545 0.004016
0 0.517885 0.167350 0.002545 0.004016
0 0.550465 0.295738 0.002715 0.004724
0 0.550465 0.252391 0.002715 0.004724
0 0.550465 0.209871 0.002715 0.004724
0 0.550465 0.167350 0.002715 0.004724
0 0.583046 0.295738 0.002715 0.004724
0 0.583046 0.252391 0.002715 0.004724
0 0.583046 0.209871 0.002715 0.004724
0 0.583046 0.167350 0.002715 0.004724
0 0.615627 0.295384 0.002545 0.004016
0 0.615627 0.252391 0.002545 0.004016
0 0.615627 0.209871 0.002545 0.004016
0 0.615627 0.167350 0.002545 0.004016
0 0.638875 0.295384 0.002545 0.004016
0 0.638875 0.167350 0.002545 0.004016
0 0.669589 0.295738 0.002545 0.004724
0 0.669589 0.252391 0.002545 0.004724
0 0.669589 0.209871 0.002545 0.004724
0 0.669589 0.167350 0.002545 0.004724
0 0.434481 0.294911 0.002206 0.003071
0 0.434481 0.167350 0.002206 0.003071
0 0.699031 0.294911 0.002206 0.003071
0 0.699031 0.167350 0.002206 0.003071
0 0.494467 0.337313 0.002206 0.003071
0 0.517885 0.337313 0.002206 0.003071
0 0.550465 0.337313 0.002206 0.003071
0 0.583046 0.337313 0.002206 0.003071
0 0.615627 0.337313 0.002206 0.003071
0 0.639045 0.337313 0.002206 0.003071
0 0.669759 0.337313 0.002206 0.003071
0 0.463838 0.124948 0.002206 0.003071
0 0.494467 0.124948 0.002206 0.003071
0 0.517885 0.124948 0.002206 0.003071
0 0.550465 0.124948 0.002206 0.003071
0 0.583046 0.124948 0.002206 0.003071
0 0.615627 0.124948 0.002206 0.003071
0 0.669759 0.124948 0.002206 0.003071
0 0.639045 0.124948 0.002206 0.003071
0 0.497429 0.303999 0.003769 0.018176
0 0.441693 0.130972 0.016630 0.017008
0 0.691819 0.130972 0.016630 0.017008
0 0.519133 0.342754 0.002501 0.010887
0 0.551716 0.342754 0.002501 0.010887
0 0.584297 0.342757 0.002501 0.010887
0 0.616879 0.342754 0.002501 0.010887
0 0.640297 0.342754 0.002501 0.010887
0 0.700281 0.300403 0.002501 0.010983
0 0.670615 0.301620 0.002051 0.011765
0 0.519116 0.302447 0.002462 0.014126
0 0.435731 0.300354 0.002501 0.010887
0 0.616858 0.259746 0.002462 0.014711
0 0.699348 0.257834 0.002501 0.010887
0 0.699348 0.215314 0.002501 0.010887
0 0.700281 0.172842 0.002501 0.010983
0 0.434566 0.209871 0.002376 0.004724
0 0.434566 0.252391 0.002376 0.004724
0 0.698946 0.209871 0.002376 0.004724
0 0.698946 0.252391 0.002376 0.004724
0 0.494722 0.231131 0.001358 0.009449
0 0.667553 0.155539 0.027151 0.014173
0 0.667553 0.179162 0.027151 0.014173
0 0.667553 0.198059 0.027151 0.014173
0 0.667553 0.221682 0.027151 0.014173
0 0.625249 0.158374 0.009163 0.026457
0 0.606074 0.158374 0.009163 0.026457
0 0.592668 0.158374 0.009163 0.026457
0 0.573493 0.158374 0.009163 0.026457
0 0.560766 0.158374 0.009163 0.026457
0 0.529678 0.160027 0.007806 0.023150
0 0.540199 0.160027 0.007806 0.023150
0 0.443096 0.060852 0.023611 0.004624
0 0.519409 0.763468 0.001952 0.014049
0 0.517885 0.755854 0.002206 0.003071
0 0.670821 0.889668 0.002462 0.012739
0 0.669589 0.883298 0.002545 0.004724
2 0.464177 0.840776 0.002885 0.004724
2 0.464177 0.883296 0.002885 0.004724
2 0.874905 0.812908 0.001985 0.001843
2 0.874217 0.812873 0.002318 0.003226
2 0.920680 0.788240 0.002255 0.003139
2 0.921272 0.788253 0.002156 0.002001
2 0.912495 0.788240 0.002255 0.003139
2 0.913087 0.788253 0.002156 0.002001
2 0.905028 0.787940 0.002156 0.002001
2 0.904192 0.787928 0.002255 0.003139
2 0.871175 0.787928 0.002255 0.003139
2 0.872011 0.787940 0.002156 0.002001
2 0.880535 0.788253 0.002156 0.002001
2 0.879944 0.788240 0.002255 0.003139
2 0.889400 0.788253 0.002156 0.002001
2 0.888809 0.788240 0.002255 0.003139
2 0.909045 0.892913 0.004887 0.004535
2 0.907445 0.886389 0.004043 0.003752
2 0.876703 0.892913 0.004887 0.004535
2 0.887390 0.845104 0.002022 0.001876
2 0.886786 0.845060 0.002346 0.003266
2 0.877286 0.831481 0.002022 0.001876
2 0.876697 0.831418 0.002360 0.003285
2 0.882171 0.821016 0.002022 0.001876
2 0.881526 0.820942 0.002360 0.003285
2 0.880664 0.800445 0.001449 0.002017
2 0.877293 0.801934 0.002022 0.001876
2 0.881656 0.799185 0.001236 0.001721
2 0.881656 0.800058 0.001005 0.001399
2 0.871710 0.800445 0.001449 0.002017
2 0.872701 0.799185 0.001236 0.001721
2 0.872701 0.800058 0.001005 0.001399
2 0.876542 0.801778 0.002360 0.003285
2 0.897310 0.788025 0.003369 0.003127
2 0.875103 0.886389 0.004043 0.003752
2 0.865056 0.788025 0.003369 0.003127
2 0.904584 0.812416 0.001985 0.001843
2 0.903897 0.812381 0.002318 0.003226
2 0.878936 0.811035 0.001222 0.001134
2 0.910100 0.810921 0.001222 0.001134
2 0.935625 0.787928 0.002255 0.003139
2 0.936461 0.787940 0.002156 0.002001
2 0.944986 0.788253 0.002156 0.002001
2 0.944394 0.788240 0.002255 0.003139
2 0.953851 0.788253 0.002156 0.002001
2 0.953259 0.788240 0.002255 0.003139
2 0.941153 0.892913 0.004887 0.004535
2 0.939554 0.886389 0.004043 0.003752
2 0.929506 0.788025 0.003369 0.003127
2 0.842154 0.765993 0.004887 0.004535
2 0.841773 0.757732 0.003971 0.003685
2 0.877779 0.765993 0.004887 0.004535
2 0.877064 0.757773 0.004043 0.003752
2 0.951264 0.850122 0.001833 0.002552
2 0.951735 0.850157 0.001580 0.001466
2 0.932234 0.848107 0.001580 0.001466
2 0.931763 0.848072 0.001833 0.002552
2 0.931413 0.806075 0.001844 0.002567
2 0.932000 0.806197 0.001580 0.001466
2 0.947752 0.802371 0.001132 0.001576
2 0.944925 0.802371 0.001132 0.001576
2 0.938149 0.802371 0.001132 0.001576
2 0.935322 0.802371 0.001132 0.001576
2 0.933028 0.818386 0.001844 0.002567
2 0.933531 0.818444 0.001580 0.001466
2 0.932629 0.812366 0.001551 0.001440
2 0.932092 0.812339 0.001811 0.002521
2 0.835219 0.712780 0.001580 0.001466
2 0.834748 0.712745 0.001833 0.002552
2 0.834267 0.667219 0.001844 0.002567
2 0.834855 0.667340 0.001580 0.001466
2 0.850606 0.663515 0.001132 0.001576
2 0.847779 0.663515 0.001132 0.001576
2 0.841003 0.663515 0.001132 0.001576
2 0.838176 0.663515 0.001132 0.001576
2 0.835882 0.679530 0.001844 0.002567
2 0.836385 0.679587 0.001580 0.001466
2 0.835483 0.673509 0.001551 0.001440
2 0.834946 0.673482 0.001811 0.002521
2 0.844154 0.663515 0.001132 0.001576
2 0.854745 0.714643 0.001844 0.002567
2 0.855332 0.714765 0.001580 0.001466
2 0.840316 0.652286 0.002255 0.003139
2 0.841152 0.652298 0.002156 0.002001
2 0.849116 0.652611 0.002156 0.002001
2 0.848524 0.652599 0.002255 0.003139
2 0.857263 0.652611 0.002156 0.002001
2 0.856671 0.652599 0.002255 0.003139
2 0.834197 0.652383 0.003369 0.003127
2 0.872570 0.652286 0.002255 0.003139
2 0.873407 0.652298 0.002156 0.002001
2 0.881931 0.652611 0.002156 0.002001
2 0.881339 0.652599 0.002255 0.003139
2 0.890796 0.652611 0.002156 0.002001
2 0.890204 0.652599 0.002255 0.003139
2 0.866451 0.652383 0.003369 0.003127
2 0.889662 0.709113 0.002022 0.001876
2 0.889058 0.709068 0.002346 0.003266
2 0.880912 0.692635 0.002022 0.001876
2 0.880366 0.692612 0.002360 0.003285
2 0.868035 0.667219 0.001844 0.002567
2 0.868623 0.667340 0.001580 0.001466
2 0.884374 0.663515 0.001132 0.001576
2 0.881547 0.663515 0.001132 0.001576
2 0.874771 0.663515 0.001132 0.001576
2 0.871944 0.663515 0.001132 0.001576
2 0.869650 0.679530 0.001844 0.002567
2 0.870153 0.679587 0.001580 0.001466
2 0.869096 0.672128 0.001551 0.001440
2 0.868559 0.672102 0.001811 0.002521
2 0.877922 0.663515 0.001132 0.001576
2 0.919821 0.712419 0.001844 0.002567
2 0.920408 0.712540 0.001580 0.001466
2 0.898228 0.711165 0.001580 0.001466
2 0.897756 0.711130 0.001833 0.002552
2 0.898034 0.667228 0.001844 0.002567
2 0.898621 0.667350 0.001580 0.001466
2 0.914372 0.663524 0.001132 0.001576
2 0.911545 0.663524 0.001132 0.001576
2 0.904769 0.663524 0.001132 0.001576
2 0.901942 0.663524 0.001132 0.001576
2 0.899648 0.679539 0.001844 0.002567
2 0.900152 0.679597 0.001580 0.001466
2 0.899250 0.673518 0.001551 0.001440
2 0.898713 0.673492 0.001811 0.002521
2 0.903308 0.652066 0.002255 0.003139
2 0.904145 0.652078 0.002156 0.002001
2 0.911873 0.652391 0.002156 0.002001
2 0.911281 0.652379 0.002255 0.003139
2 0.919772 0.652391 0.002156 0.002001
2 0.919180 0.652379 0.002255 0.003139
2 0.897794 0.652163 0.003369 0.003127
2 0.909365 0.765993 0.004887 0.004535
2 0.511370 0.668373 0.002291 0.002126
2 0.569626 0.668373 0.002291 0.002126
2 0.610611 0.668373 0.002291 0.002126
2 0.659114 0.668373 0.002291 0.002126
2 0.907812 0.757898 0.004043 0.003752
2 0.961377 0.787953 0.003369 0.003127
2 0.967170 0.788148 0.002255 0.003139
2 0.967781 0.788160 0.002156 0.002001
2 0.975630 0.788473 0.002156 0.002001
2 0.974613 0.788460 0.002255 0.003139
2 0.981798 0.788473 0.002156 0.002001
2 0.981206 0.788460 0.002255 0.003139
2 0.966526 0.810065 0.001985 0.001843
2 0.965839 0.810031 0.002318 0.003226
2 0.972286 0.797602 0.001449 0.002017
2 0.966733 0.799091 0.002022 0.001876
2 0.973277 0.796342 0.001236 0.001721
2 0.973277 0.797215 0.001005 0.001399
2 0.963331 0.797602 0.001449 0.002017
2 0.964323 0.796342 0.001236 0.001721
2 0.964323 0.797215 0.001005 0.001399
2 0.966135 0.798936 0.002360 0.003285
2 0.970557 0.808771 0.001222 0.001134
2 0.967845 0.797725 0.001449 0.002017
2 0.968836 0.796465 0.001236 0.001721
2 0.968836 0.797338 0.001005 0.001399
2 0.982658 0.843388 0.002022 0.001876
2 0.982055 0.843343 0.002346 0.003266
2 0.966807 0.831685 0.002022 0.001876
2 0.966219 0.831622 0.002360 0.003285
2 0.970767 0.892913 0.004887 0.004535
2 0.969167 0.886389 0.004043 0.003752
2 0.972262 0.818174 0.002022 0.001876
2 0.971783 0.818100 0.002360 0.003285
2 0.841247 0.893032 0.004887 0.004535
2 0.838765 0.886343 0.003971 0.003685
2 0.834191 0.787971 0.003369 0.003127
2 0.854632 0.788409 0.002255 0.003139
2 0.855224 0.788421 0.002156 0.002001
2 0.847740 0.788491 0.002255 0.003139
2 0.848332 0.788503 0.002156 0.002001
2 0.840606 0.788160 0.002156 0.002001
2 0.839770 0.788148 0.002255 0.003139
2 0.464177 0.209871 0.002885 0.004724
2 0.464177 0.252391 0.002885 0.004724
2 0.511370 0.037468 0.002291 0.002126
2 0.569626 0.037468 0.002291 0.002126
2 0.610611 0.037468 0.002291 0.002126
2 0.659114 0.037468 0.002291 0.002126
2 0.674029 0.874957 0.006919 0.016683
2 0.674029 0.891640 0.006919 0.016683
2 0.665150 0.891640 0.006919 0.016683
2 0.665150 0.874957 0.006919 0.016683
3 0.957733 0.921648 0.010104 0.014066
11 0.443193 0.652857 0.003662 0.005739
11 0.824834 0.782954 0.003662 0.005739
11 0.824901 0.647173 0.003662 0.005739
11 0.668738 0.755288 0.026234 0.030021
11 0.642484 0.870994 0.042345 0.080661
11 0.522608 0.882401 0.027592 0.034873
11 0.492464 0.926282 0.025433 0.032906
11 0.434748 0.926282 0.025433 0.032906
11 0.518430 0.120594 0.029969 0.035296
11 0.668738 0.124383 0.026234 0.030021
11 0.642484 0.240088 0.042345 0.080661
11 0.522608 0.251496 0.027592 0.034873
11 0.492464 0.295376 0.025433 0.032906
11 0.434748 0.295376 0.025433 0.032906
11 0.443193 0.021952 0.003662 0.005739
11 0.667553 0.786444 0.027151 0.014173
11 0.667553 0.810067 0.027151 0.014173
11 0.667553 0.828965 0.027151 0.014173
11 0.667553 0.155539 0.027151 0.014173
11 0.667553 0.179162 0.027151 0.014173
11 0.667553 0.221682 0.027151 0.014173
11 0.667553 0.852587 0.027151 0.014173
11 0.667553 0.198059 0.027151 0.014173
11 0.625249 0.158374 0.009163 0.026457
11 0.625249 0.789279 0.009163 0.026457
11 0.606074 0.789279 0.009163 0.026457
11 0.592668 0.789279 0.009163 0.026457
11 0.573493 0.789279 0.009163 0.026457
11 0.560766 0.789279 0.009163 0.026457
11 0.592668 0.158374 0.009163 0.026457
11 0.573493 0.158374 0.009163 0.026457
11 0.560766 0.158374 0.009163 0.026457
11 0.606074 0.158374 0.009163 0.026457
11 0.529678 0.790933 0.007806 0.023150
11 0.540199 0.790933 0.007806 0.023150
11 0.540199 0.160027 0.007806 0.023150
11 0.529678 0.160027 0.007806 0.023150
