0 0.058669 0.240075 0.007120 0.009757
0 0.223375 0.967326 0.002477 0.027876
0 0.276621 0.967326 0.002477 0.027876
0 0.252941 0.501281 0.023214 0.024057
0 0.242132 0.489436 0.009467 0.010385
0 0.310274 0.434648 0.009531 0.026376
0 0.159264 0.322812 0.005725 0.026019
10 0.255080 0.621455 0.002786 0.004181
10 0.247522 0.482981 0.101539 0.008363
10 0.312587 0.518453 0.002786 0.004181
10 0.300521 0.509805 0.016844 0.012531
11 0.073306 0.331492 0.028286 0.024739
11 0.065878 0.519102 0.104401 0.137986
11 0.077878 0.959474 0.155731 0.080997
11 0.313290 0.076687 0.061501 0.153318
