0 0.108527 0.409951 0.026128 0.006850
0 0.110568 0.409884 0.011722 0.005564
0 0.115219 0.289998 0.023883 0.007334
0 0.116138 0.297023 0.011722 0.005564
0 0.215068 0.289998 0.023883 0.007334
0 0.210092 0.297023 0.011722 0.005564
0 0.398385 0.856971 0.026128 0.005199
0 0.400426 0.862928 0.011722 0.005564
0 0.446776 0.953760 0.028174 0.005236
0 0.439654 0.954500 0.011722 0.005564
0 0.447799 0.856971 0.026128 0.005199
0 0.441490 0.862928 0.011722 0.005564
0 0.400136 0.987163 0.029629 0.005199
0 0.400426 0.987948 0.011722 0.005564
0 0.531142 0.990084 0.033760 0.010484
0 0.532505 0.988200 0.011722 0.005564
0 0.402084 0.966901 0.033526 0.010484
0 0.403564 0.965017 0.011722 0.005564
0 0.400060 0.937226 0.029476 0.010484
0 0.403564 0.935342 0.011722 0.005564
0 0.256074 0.393297 0.029476 0.010484
0 0.259579 0.391412 0.011722 0.005564
0 0.167988 0.425754 0.029476 0.010484
0 0.160216 0.423869 0.011722 0.005564
0 0.201851 0.425754 0.029476 0.010484
0 0.194079 0.423869 0.011722 0.005564
