0 0.834307 0.567316 0.008049 0.062298
0 0.842226 0.628603 0.007068 0.054706
0 0.533433 0.666575 0.129178 0.057385
0 0.519825 0.628636 0.229235 0.101834
0 0.569565 0.598825 0.129756 0.059341
0 0.230907 0.610909 0.109907 0.050523
0 0.124198 0.566628 0.100699 0.046948
0 0.262505 0.630280 0.052549 0.023344
0 0.204584 0.604633 0.063291 0.027950
0 0.175176 0.687261 0.162916 0.068388
0 0.282909 0.733127 0.052549 0.023344
0 0.188747 0.645050 0.209387 0.093017
0 0.113247 0.638487 0.039056 0.017350
0 0.204699 0.674203 0.129178 0.057385
0 0.452932 0.550135 0.100699 0.046948
0 0.533318 0.588140 0.063291 0.027950
0 0.441980 0.630859 0.039056 0.017350
0 0.524389 0.701116 0.203873 0.090567
0 0.594655 0.615305 0.059382 0.026380
0 0.168309 0.091703 0.101775 0.045199
0 0.249232 0.128834 0.063293 0.027952
0 0.229446 0.171537 0.202127 0.101752
0 0.275556 0.135111 0.109907 0.050523
0 0.225692 0.238630 0.216541 0.096195
0 0.308078 0.154894 0.054399 0.024166
0 0.834307 0.911321 0.008049 0.062298
0 0.842226 0.972609 0.007068 0.054706
3 0.856152 0.520384 0.019238 0.011395
3 0.856152 0.864389 0.019238 0.011395
4 0.977499 0.138348 0.044917 0.276620
11 0.751236 0.159239 0.497442 0.318402
11 0.175927 0.385373 0.350196 0.170061
11 0.824859 0.397224 0.350196 0.087074
11 0.886172 0.940067 0.109015 0.119790
11 0.886172 0.596062 0.109015 0.119790
