0 0.041692 0.024255 0.001325 0.001820
0 0.041758 0.035242 0.001193 0.002310
0 0.003778 0.044022 0.005578 0.001532
0 0.004082 0.021540 0.001193 0.001820
0 0.004082 0.010819 0.001193 0.001820
0 0.004082 0.032527 0.001193 0.002310
0 0.072711 0.039537 0.004781 0.001532
0 0.083335 0.050258 0.005605 0.001532
0 0.014597 0.044022 0.005578 0.001532
11 0.041122 0.044758 0.003320 0.001659
11 0.040509 0.023686 0.003751 0.003063
11 0.040509 0.034663 0.003751 0.003574
11 0.002439 0.010250 0.004537 0.003063
11 0.002439 0.020971 0.004537 0.003063
11 0.002439 0.031948 0.004537 0.003574
11 0.081458 0.016103 0.003861 0.002297
11 0.081458 0.026824 0.003861 0.002297
11 0.081458 0.038184 0.003861 0.003574
11 0.012782 0.010250 0.003758 0.003063
11 0.012782 0.020971 0.003758 0.003063
11 0.012782 0.031948 0.003758 0.003574
11 0.030678 0.023686 0.002681 0.003063
11 0.030678 0.034663 0.002681 0.003574
11 0.083023 0.005892 0.004980 0.003318
11 0.050285 0.023686 0.003741 0.003063
11 0.050285 0.034663 0.003741 0.003574
11 0.050893 0.044758 0.003320 0.001659
11 0.070877 0.016486 0.003138 0.003063
11 0.070877 0.027462 0.003138 0.003574
11 0.070877 0.005765 0.003138 0.003063
