0 0.212843 0.612581 0.003933 0.013120
0 0.210905 0.611515 0.003933 0.013120
0 0.208968 0.610450 0.003933 0.013120
0 0.207030 0.609385 0.003933 0.013120
0 0.205093 0.608319 0.003933 0.013120
0 0.203155 0.607254 0.003933 0.013120
0 0.201218 0.606189 0.003933 0.013120
0 0.199280 0.605124 0.003933 0.013120
0 0.197342 0.604058 0.003933 0.013120
0 0.195405 0.602993 0.003933 0.013120
0 0.214781 0.613646 0.003933 0.013120
0 0.216718 0.614711 0.003933 0.013120
0 0.218656 0.615777 0.003933 0.013120
0 0.220593 0.616842 0.003933 0.013120
0 0.222531 0.617907 0.003933 0.013120
0 0.224468 0.618973 0.003933 0.013120
0 0.226406 0.620038 0.003933 0.013120
0 0.228344 0.621103 0.003933 0.013120
0 0.230281 0.622168 0.003933 0.013120
0 0.123298 0.672504 0.003540 0.011808
0 0.125236 0.673570 0.003540 0.011808
0 0.234729 0.778344 0.003540 0.011808
0 0.232792 0.777279 0.003540 0.011808
0 0.261868 0.687818 0.003540 0.011808
0 0.259931 0.686752 0.003540 0.011808
