0 0.486857 0.851753 0.043697 0.026589
0 0.470655 0.832723 0.006755 0.021824
0 0.472924 0.833932 0.006755 0.021824
0 0.478217 0.836751 0.006755 0.021824
0 0.504685 0.850849 0.006755 0.021824
0 0.508216 0.852730 0.006755 0.021824
0 0.468386 0.831515 0.006755 0.021824
0 0.489129 0.844412 0.043575 0.026192
0 0.491340 0.837270 0.043575 0.026192
0 0.510855 0.854136 0.006755 0.021824
0 0.492998 0.831913 0.042469 0.022621
11 0.466674 0.974239 0.077056 0.051503
11 0.470551 0.961714 0.077056 0.051503
11 0.474428 0.949189 0.077056 0.051503
11 0.478305 0.936664 0.077056 0.051503
11 0.481697 0.925705 0.076087 0.048372
11 0.405497 0.866880 0.079964 0.060897
11 0.385628 0.931071 0.077056 0.051503
11 0.389505 0.918546 0.077056 0.051503
11 0.393382 0.906021 0.077056 0.051503
11 0.397259 0.893496 0.077056 0.051503
11 0.400651 0.882536 0.076087 0.048372
11 0.410828 0.849658 0.077056 0.051503
11 0.414705 0.837133 0.077056 0.051503
11 0.418582 0.824608 0.077056 0.051503
11 0.422459 0.812083 0.077056 0.051503
11 0.426336 0.799558 0.077056 0.051503
11 0.707237 0.374645 0.045837 0.019700
