0 0.194005 0.437504 0.169926 0.667148
0 0.250928 0.489529 0.155076 0.653577
0 0.297951 0.532507 0.150127 0.649053
0 0.085108 0.337978 0.140227 0.640005
0 0.127181 0.376431 0.155076 0.653577
0 0.168885 0.576791 0.271608 0.359911
0 0.146779 0.699363 0.263570 0.315340
0 0.191995 0.448647 0.265579 0.326483
0 0.156881 0.403575 0.115478 0.617385
0 0.212091 0.337218 0.265579 0.326483
0 0.232187 0.225788 0.265579 0.326483
0 0.246254 0.147788 0.253522 0.259625
0 0.214955 0.321339 0.002713 0.015043
0 0.213470 0.319982 0.002713 0.015043
0 0.211985 0.318625 0.002713 0.015043
0 0.210500 0.317267 0.002713 0.015043
0 0.209015 0.315910 0.002713 0.015043
0 0.207530 0.314553 0.002713 0.015043
0 0.206045 0.313196 0.002713 0.015043
0 0.204560 0.311839 0.002713 0.015043
0 0.203075 0.310482 0.002713 0.015043
0 0.201590 0.309124 0.002713 0.015043
0 0.216439 0.322696 0.002713 0.015043
0 0.217924 0.324053 0.002713 0.015043
0 0.219409 0.325411 0.002713 0.015043
0 0.220894 0.326768 0.002713 0.015043
0 0.222379 0.328125 0.002713 0.015043
0 0.223864 0.329482 0.002713 0.015043
0 0.225349 0.330839 0.002713 0.015043
0 0.226834 0.332196 0.002713 0.015043
0 0.228319 0.333554 0.002713 0.015043
0 0.145724 0.401023 0.002412 0.013372
0 0.147209 0.402380 0.002412 0.013372
0 0.231728 0.532519 0.002412 0.013372
0 0.230243 0.531162 0.002412 0.013372
0 0.252678 0.416354 0.002713 0.015043
0 0.251193 0.414997 0.002713 0.015043
6 0.895919 0.801943 0.001402 0.002105
11 0.912001 0.678642 0.018698 0.081779
11 0.862230 0.706696 0.022705 0.048105
