0 0.963848 0.728118 0.001165 0.002340
0 0.962682 0.728118 0.001165 0.002340
0 0.958735 0.732624 0.005652 0.011351
0 0.963215 0.652638 0.001791 0.007547
0 0.963872 0.650123 0.001791 0.007547
0 0.930212 0.643981 0.002967 0.004541
0 0.932028 0.652429 0.001162 0.001255
0 0.929507 0.657328 0.013135 0.017640
0 0.929395 0.718397 0.004284 0.012291
0 0.936925 0.717195 0.004699 0.013004
0 0.912498 0.598545 0.003021 0.002406
0 0.902406 0.727863 0.004701 0.010770
0 0.904127 0.722112 0.007096 0.003699
0 0.898923 0.715171 0.012750 0.001548
0 0.270085 0.566785 0.052367 0.016500
0 0.257482 0.547321 0.015686 0.012789
0 0.147905 0.368180 0.006214 0.005067
0 0.234008 0.522662 0.023805 0.117754
0 0.129364 0.743158 0.258718 0.244561
0 0.204636 0.780698 0.009658 0.047775
0 0.231149 0.635127 0.020536 0.097649
0 0.310188 0.465030 0.004428 0.021360
0 0.210162 0.804479 0.002975 0.014694
0 0.142600 0.389142 0.008897 0.043320
0 0.346560 0.319349 0.010574 0.008771
0 0.074539 0.705803 0.053150 0.043405
0 0.173263 0.786426 0.048098 0.039279
0 0.025535 0.665102 0.003287 0.016255
0 0.034793 0.669841 0.017540 0.014303
0 0.246988 0.784034 0.014548 0.071961
0 0.257751 0.727670 0.002968 0.044035
0 0.216423 0.607914 0.007101 0.035125
0 0.181248 0.486515 0.172045 0.602578
0 0.238881 0.533504 0.157010 0.590320
0 0.286492 0.572322 0.151999 0.586234
0 0.070993 0.396621 0.141976 0.578061
0 0.113592 0.431353 0.157010 0.590320
0 0.155815 0.612320 0.274995 0.325077
0 0.138520 0.697868 0.256683 0.234497
0 0.179214 0.496579 0.268891 0.294884
0 0.143661 0.455869 0.116918 0.557631
0 0.199560 0.395935 0.268891 0.294884
0 0.219907 0.295290 0.268891 0.294884
0 0.234149 0.224839 0.256683 0.234497
0 0.087514 0.445118 0.003473 0.016014
0 0.298590 0.519247 0.015267 0.075517
0 0.318306 0.421720 0.010141 0.050164
0 0.291479 0.385533 0.005071 0.025082
0 0.240608 0.484189 0.004823 0.022535
0 0.244510 0.580094 0.006829 0.029705
0 0.108740 0.554510 0.026717 0.132156
0 0.259698 0.497026 0.012081 0.058406
0 0.095809 0.724999 0.008894 0.008081
0 0.179462 0.793310 0.013376 0.012009
0 0.253141 0.791978 0.010963 0.050610
0 0.271971 0.695239 0.019589 0.094021
0 0.205758 0.784346 0.005596 0.020670
0 0.210398 0.782960 0.005698 0.033343
0 0.131305 0.697348 0.037195 0.030520
0 0.179323 0.712074 0.009623 0.014841
0 0.096593 0.648711 0.003667 0.020031
0 0.213993 0.607923 0.005444 0.024584
0 0.221777 0.728364 0.006865 0.018783
0 0.225054 0.710823 0.008846 0.006375
0 0.247234 0.726551 0.017028 0.026659
0 0.242056 0.716790 0.014833 0.021716
0 0.259573 0.506901 0.023207 0.102731
0 0.309504 0.517894 0.004452 0.022118
0 0.328213 0.427445 0.004684 0.022429
0 0.249749 0.413154 0.002185 0.012939
0 0.237823 0.384247 0.023418 0.021084
0 0.175946 0.333622 0.024629 0.017098
0 0.156055 0.346623 0.007268 0.022914
0 0.141383 0.399935 0.004465 0.016964
0 0.103793 0.392780 0.036004 0.175109
0 0.070551 0.534218 0.018421 0.082618
0 0.064972 0.606188 0.008563 0.024269
0 0.206467 0.234482 0.008121 0.014346
0 0.197863 0.248598 0.012942 0.012558
0 0.175121 0.213044 0.028554 0.020217
0 0.194085 0.234023 0.009375 0.021742
0 0.148674 0.201240 0.006226 0.016171
0 0.156957 0.206805 0.007774 0.007739
0 0.118476 0.256412 0.009772 0.041877
0 0.133401 0.218416 0.005694 0.030842
0 0.255899 0.278789 0.019466 0.015488
0 0.314369 0.318246 0.010137 0.020796
0 0.262321 0.298199 0.036486 0.024942
0 0.269599 0.319125 0.009284 0.006990
0 0.304800 0.341611 0.012174 0.016604
0 0.326140 0.352549 0.025184 0.022305
0 0.287764 0.576256 0.025658 0.021828
0 0.109207 0.569612 0.013346 0.063878
0 0.139219 0.248440 0.008885 0.026726
0 0.156926 0.706280 0.017638 0.014509
0 0.089602 0.495690 0.011500 0.047895
0 0.240624 0.293340 0.008090 0.018840
0 0.211179 0.600882 0.007866 0.006413
0 0.197356 0.589611 0.019780 0.016127
0 0.213887 0.594274 0.010223 0.008335
0 0.198886 0.582043 0.019780 0.016127
0 0.081739 0.449822 0.008082 0.006589
0 0.053497 0.430342 0.048401 0.032370
0 0.036143 0.663069 0.005621 0.027239
0 0.031836 0.643739 0.014007 0.011420
0 0.222751 0.547392 0.008907 0.007262
0 0.208408 0.535697 0.019780 0.016127
0 0.220811 0.556992 0.008907 0.007262
0 0.206467 0.545297 0.019780 0.016127
0 0.299426 0.563911 0.016939 0.013811
0 0.319781 0.580508 0.023772 0.019382
0 0.052044 0.623318 0.006043 0.015260
0 0.041439 0.624765 0.015168 0.012366
0 0.027599 0.643671 0.022710 0.018516
0 0.039961 0.655959 0.005039 0.024928
0 0.030431 0.633670 0.024101 0.019650
0 0.072902 0.694473 0.004813 0.023806
0 0.064741 0.673954 0.021136 0.017233
0 0.075825 0.688027 0.006021 0.029782
0 0.067572 0.663953 0.022526 0.018366
0 0.128904 0.740313 0.004875 0.024116
0 0.119718 0.718778 0.023248 0.018954
0 0.132356 0.731247 0.005024 0.024852
0 0.122549 0.708777 0.024638 0.020088
0 0.168383 0.772417 0.004846 0.023972
0 0.159896 0.751536 0.021820 0.017790
0 0.171322 0.765891 0.006022 0.029786
0 0.162728 0.741535 0.023211 0.018924
0 0.205236 0.826886 0.023248 0.018954
0 0.200283 0.784465 0.009122 0.007437
0 0.185970 0.772682 0.020057 0.016127
0 0.204402 0.775514 0.013088 0.010671
0 0.188138 0.762115 0.020121 0.016127
0 0.252451 0.780353 0.015288 0.012465
0 0.273775 0.797740 0.027361 0.022308
0 0.256904 0.771674 0.010655 0.008688
0 0.275911 0.787172 0.027361 0.022308
0 0.260720 0.762476 0.007296 0.005949
0 0.278048 0.776604 0.027361 0.022308
0 0.255202 0.736150 0.025908 0.021124
0 0.281836 0.757865 0.027361 0.022308
0 0.253893 0.722773 0.032798 0.026741
0 0.283973 0.747298 0.027361 0.022308
0 0.262469 0.717456 0.019919 0.016241
0 0.286109 0.736730 0.027361 0.022308
0 0.290257 0.590144 0.016399 0.013371
0 0.312137 0.607984 0.027361 0.022308
0 0.314273 0.597416 0.027361 0.022308
0 0.321705 0.453707 0.016939 0.013811
0 0.342060 0.470303 0.023772 0.019382
0 0.307168 0.551664 0.007895 0.006437
0 0.323002 0.565880 0.023772 0.021994
0 0.318963 0.493323 0.007895 0.006437
0 0.334797 0.507356 0.023772 0.021629
0 0.318171 0.480368 0.013751 0.011212
0 0.336933 0.495665 0.023772 0.019382
0 0.317051 0.467145 0.020265 0.016522
0 0.339070 0.485098 0.023772 0.019382
0 0.331161 0.432983 0.007895 0.006437
0 0.346995 0.445893 0.023772 0.019382
0 0.343698 0.370970 0.007895 0.006437
0 0.359532 0.383880 0.023772 0.019382
0 0.347530 0.352018 0.007895 0.006437
0 0.363363 0.364928 0.023772 0.019382
0 0.349664 0.341460 0.007895 0.006437
0 0.365498 0.354370 0.023772 0.019382
0 0.338893 0.320148 0.033787 0.027548
0 0.367672 0.343613 0.023772 0.019382
0 0.340391 0.377883 0.011175 0.009111
0 0.357864 0.392129 0.023772 0.019382
0 0.250467 0.248930 0.009035 0.044231
0 0.247361 0.221521 0.015247 0.011805
0 0.254735 0.243533 0.009718 0.048069
0 0.250734 0.212275 0.017720 0.014447
0 0.271208 0.264162 0.007944 0.039294
0 0.286989 0.254144 0.023619 0.019257
0 0.270305 0.260616 0.011241 0.055603
0 0.288430 0.243009 0.025009 0.020391
0 0.312526 0.292885 0.006451 0.032125
0 0.326662 0.286491 0.021820 0.017790
0 0.304536 0.287020 0.010718 0.053019
0 0.324802 0.272664 0.029813 0.024307
0 0.306888 0.269471 0.011646 0.057609
0 0.328131 0.253238 0.030839 0.025144
0 0.262093 0.233149 0.011716 0.057955
0 0.256834 0.195107 0.022235 0.018128
0 0.286552 0.409903 0.004783 0.023659
0 0.294820 0.430424 0.021320 0.017383
0 0.281958 0.418470 0.004001 0.019789
0 0.290912 0.437296 0.021910 0.017864
0 0.334572 0.358435 0.029483 0.015010
0 0.361200 0.375631 0.023772 0.019382
0 0.225086 0.539881 0.010308 0.008405
0 0.210042 0.527615 0.019780 0.016127
0 0.242694 0.437933 0.005154 0.004202
0 0.230227 0.427768 0.019780 0.016127
0 0.245450 0.431253 0.007567 0.006170
0 0.231776 0.420104 0.019780 0.016127
0 0.185769 0.338071 0.015734 0.027450
0 0.205198 0.361223 0.023126 0.018855
0 0.225818 0.357293 0.007567 0.006170
0 0.212144 0.346145 0.019780 0.016127
0 0.257071 0.401593 0.005154 0.004202
0 0.267807 0.410345 0.016317 0.013303
0 0.255513 0.383108 0.009640 0.005301
0 0.268491 0.387109 0.016317 0.013303
0 0.251737 0.375059 0.020940 0.010464
0 0.270365 0.376479 0.016317 0.013303
0 0.245088 0.313505 0.007418 0.036694
0 0.232023 0.324224 0.018712 0.015256
0 0.244592 0.311016 0.003869 0.019139
0 0.233730 0.313306 0.017854 0.014557
0 0.267167 0.327919 0.008664 0.042854
0 0.253234 0.341518 0.019203 0.015657
0 0.285011 0.340795 0.009244 0.045725
0 0.272255 0.357026 0.016269 0.013264
0 0.265165 0.328509 0.003619 0.017902
0 0.254562 0.330291 0.017587 0.014339
0 0.227747 0.347749 0.007567 0.006170
0 0.214074 0.336600 0.019780 0.016127
0 0.193830 0.334006 0.010183 0.021842
0 0.208811 0.352991 0.019780 0.016127
0 0.164694 0.336058 0.007472 0.036960
0 0.171769 0.363352 0.021621 0.017628
0 0.154926 0.366537 0.013363 0.010895
0 0.170625 0.379337 0.018036 0.014705
0 0.158220 0.360316 0.009867 0.008045
0 0.172171 0.371691 0.018036 0.014705
0 0.193114 0.308158 0.010810 0.009871
0 0.208409 0.311286 0.019780 0.016127
0 0.233873 0.492031 0.008560 0.006979
0 0.219702 0.480478 0.019780 0.016127
0 0.232094 0.655104 0.005195 0.004236
0 0.246147 0.666563 0.022911 0.018680
0 0.238345 0.630058 0.007236 0.005900
0 0.249949 0.639519 0.015970 0.013021
0 0.244999 0.597897 0.007236 0.005900
0 0.256537 0.607304 0.015840 0.012915
0 0.274246 0.445412 0.002968 0.014683
0 0.267050 0.430993 0.017361 0.014154
0 0.270834 0.483154 0.020225 0.100044
0 0.274653 0.464264 0.012587 0.062263
0 0.270456 0.424579 0.020982 0.017107
0 0.173898 0.692584 0.008576 0.042423
0 0.166512 0.661854 0.023347 0.019036
0 0.170668 0.699759 0.007708 0.038128
0 0.163612 0.671799 0.021820 0.017790
0 0.167422 0.706280 0.006618 0.032734
0 0.160648 0.681692 0.020165 0.016441
0 0.145651 0.676540 0.011002 0.054420
0 0.142786 0.642509 0.016731 0.013641
0 0.142503 0.683307 0.009969 0.049310
0 0.139886 0.652454 0.015204 0.012396
0 0.123121 0.670160 0.006618 0.032734
0 0.118347 0.647203 0.016166 0.013181
0 0.183025 0.732775 0.004598 0.022746
0 0.191094 0.752261 0.020736 0.017589
0 0.114013 0.582773 0.013586 0.011077
0 0.124705 0.591491 0.007798 0.006358
0 0.109415 0.599664 0.015619 0.012735
0 0.121123 0.609210 0.007798 0.006358
0 0.107031 0.607652 0.016939 0.013811
0 0.119432 0.617763 0.007864 0.006411
0 0.125449 0.526207 0.013586 0.011077
0 0.136141 0.534925 0.007798 0.006358
0 0.098806 0.683780 0.005779 0.031184
0 0.086913 0.692031 0.018008 0.014682
0 0.099189 0.673893 0.005498 0.027194
0 0.086982 0.682334 0.019214 0.016423
0 0.221886 0.682258 0.007866 0.006413
0 0.208062 0.670988 0.019780 0.016127
0 0.224411 0.677635 0.009136 0.015866
0 0.209953 0.661638 0.019780 0.016127
0 0.246198 0.689627 0.001717 0.022717
0 0.238766 0.672909 0.013146 0.010718
0 0.187977 0.196058 0.006324 0.031283
0 0.199888 0.187550 0.017498 0.014267
0 0.185703 0.192515 0.010011 0.049518
0 0.200741 0.175936 0.020065 0.016360
0 0.184151 0.175358 0.013715 0.067839
0 0.203513 0.151633 0.025009 0.020391
0 0.215815 0.225506 0.013207 0.006371
0 0.229884 0.230304 0.016200 0.015966
0 0.208481 0.261784 0.010232 0.008343
0 0.221380 0.272300 0.015566 0.012691
0 0.206745 0.270374 0.010232 0.008343
0 0.221529 0.282428 0.019336 0.015765
0 0.214048 0.234245 0.013207 0.006371
0 0.228435 0.237406 0.015566 0.012691
0 0.177532 0.250850 0.008258 0.043978
0 0.182931 0.271429 0.017498 0.014267
0 0.169573 0.248552 0.010068 0.046982
0 0.177258 0.276617 0.025438 0.020741
0 0.163979 0.244179 0.010707 0.052964
0 0.173500 0.282789 0.029749 0.024255
0 0.153817 0.168207 0.006324 0.031283
0 0.168378 0.161859 0.022797 0.018587
0 0.151544 0.164664 0.010011 0.049518
0 0.169231 0.150245 0.025364 0.020680
0 0.117832 0.218027 0.007866 0.006413
0 0.094925 0.199350 0.037948 0.030940
0 0.118702 0.240019 0.016993 0.013855
0 0.091231 0.217621 0.037948 0.030940
0 0.118493 0.252158 0.020849 0.016998
0 0.089095 0.228189 0.037948 0.030940
0 0.117926 0.264005 0.023988 0.019558
0 0.086958 0.238756 0.037948 0.030940
0 0.135386 0.284969 0.006598 0.005380
0 0.148463 0.295631 0.019555 0.015944
0 0.152154 0.285081 0.022232 0.018126
0 0.107891 0.313647 0.023988 0.019558
0 0.076923 0.288398 0.037948 0.030940
0 0.102915 0.321900 0.018310 0.014929
0 0.074786 0.298966 0.037948 0.030940
0 0.103609 0.340618 0.025999 0.021198
0 0.071636 0.314549 0.037948 0.030940
0 0.083685 0.409760 0.015789 0.012873
0 0.056816 0.387853 0.037948 0.030940
0 0.088809 0.426247 0.030311 0.024713
0 0.054680 0.398421 0.037948 0.030940
0 0.090051 0.404087 0.024751 0.020180
0 0.058702 0.378527 0.037948 0.030940
0 0.079679 0.443422 0.020596 0.016793
0 0.050407 0.419556 0.037948 0.030940
0 0.075883 0.452637 0.017277 0.014086
0 0.126545 0.328703 0.006598 0.005380
0 0.138907 0.338782 0.018127 0.014779
0 0.060282 0.521696 0.014461 0.011790
0 0.034077 0.500331 0.037948 0.030940
0 0.058754 0.543143 0.019281 0.015721
0 0.030139 0.519813 0.037948 0.030940
0 0.059352 0.555941 0.024751 0.020180
0 0.028003 0.530381 0.037948 0.030940
0 0.050126 0.560728 0.010570 0.008618
0 0.025866 0.540948 0.037948 0.030940
0 0.051342 0.574029 0.017277 0.014086
0 0.023730 0.551516 0.037948 0.030940
0 0.076651 0.476806 0.026984 0.022001
0 0.044185 0.450336 0.037948 0.030940
0 0.066837 0.628953 0.002985 0.023085
0 0.078941 0.649147 0.021224 0.017304
0 0.064828 0.638528 0.003378 0.021868
0 0.077129 0.658114 0.021224 0.017304
0 0.251194 0.529403 0.005283 0.006347
0 0.242727 0.527827 0.011651 0.009499
0 0.266989 0.544038 0.007693 0.007345
0 0.276661 0.545116 0.011651 0.009499
0 0.052600 0.675698 0.005217 0.025806
0 0.062514 0.668752 0.014612 0.011914
0 0.093852 0.708645 0.004979 0.024626
0 0.103647 0.702289 0.014612 0.011914
0 0.175269 0.775027 0.004979 0.024626
0 0.172386 0.758334 0.010745 0.008761
0 0.263188 0.770396 0.009133 0.007446
0 0.277748 0.782268 0.019988 0.016296
0 0.267531 0.746337 0.010027 0.008176
0 0.207032 0.761222 0.012430 0.010135
0 0.199703 0.791784 0.007408 0.023587
0 0.200575 0.781868 0.004752 0.025521
0 0.147998 0.721376 0.003822 0.018903
0 0.152006 0.735653 0.011837 0.009651
0 0.189255 0.725104 0.003622 0.018673
0 0.198139 0.740207 0.014145 0.011533
0 0.172100 0.731424 0.004823 0.023858
0 0.175606 0.748178 0.011836 0.009650
0 0.096883 0.666361 0.003087 0.015270
0 0.087705 0.667772 0.015269 0.012449
0 0.210309 0.626540 0.002557 0.012649
0 0.215413 0.638069 0.012766 0.010409
0 0.218673 0.666009 0.012430 0.010135
0 0.208550 0.657755 0.007816 0.006373
0 0.216237 0.734321 0.008426 0.006870
0 0.204243 0.724542 0.015562 0.012688
0 0.218038 0.711887 0.005187 0.004247
0 0.208194 0.703853 0.014499 0.011822
0 0.226136 0.732113 0.006433 0.005264
0 0.232831 0.737581 0.006959 0.005674
0 0.236821 0.740281 0.003799 0.018746
0 0.241241 0.754807 0.012640 0.010306
0 0.250800 0.694808 0.002656 0.022250
0 0.246041 0.678720 0.012174 0.009926
0 0.232860 0.709619 0.004522 0.022369
0 0.220408 0.686439 0.029426 0.023992
0 0.238082 0.607419 0.004032 0.010830
0 0.228767 0.606883 0.014597 0.011901
0 0.225145 0.572959 0.002847 0.009646
0 0.232077 0.582273 0.011016 0.008982
0 0.245546 0.560283 0.005641 0.004033
0 0.236687 0.557376 0.012077 0.009847
0 0.260950 0.581060 0.009055 0.007383
0 0.304385 0.574456 0.010155 0.008280
0 0.319456 0.586744 0.019988 0.016296
0 0.274829 0.586113 0.001524 0.013816
0 0.276995 0.595407 0.005855 0.004773
0 0.288576 0.552718 0.008136 0.049915
0 0.279338 0.523545 0.010339 0.008430
0 0.250482 0.571893 0.002655 0.028864
0 0.255079 0.591156 0.011849 0.009661
0 0.310243 0.543214 0.010155 0.008280
0 0.325314 0.555502 0.019988 0.016296
0 0.307353 0.556441 0.010155 0.008280
0 0.319691 0.497735 0.010155 0.008280
0 0.330949 0.442799 0.010155 0.008280
0 0.346021 0.455087 0.019988 0.016296
0 0.338391 0.408473 0.010155 0.008280
0 0.353462 0.420761 0.019988 0.016296
0 0.285341 0.466318 0.010155 0.008280
0 0.302198 0.465742 0.005590 0.004558
0 0.294141 0.459172 0.010526 0.008582
0 0.233351 0.412315 0.019780 0.016127
0 0.222664 0.390770 0.006900 0.034131
0 0.211908 0.401879 0.014612 0.011914
0 0.243932 0.422953 0.008426 0.006870
0 0.235039 0.415702 0.009361 0.007632
0 0.248131 0.449362 0.006591 0.005374
0 0.257583 0.457068 0.012313 0.010039
0 0.272344 0.408687 0.011220 0.009148
0 0.282027 0.419712 0.007085 0.012827
0 0.271530 0.420456 0.013909 0.011340
0 0.279068 0.349182 0.005476 0.027086
0 0.270720 0.358151 0.011220 0.009148
0 0.283590 0.366665 0.013600 0.023217
0 0.270093 0.372814 0.013393 0.010919
0 0.302417 0.371394 0.002043 0.011392
0 0.309049 0.381664 0.011220 0.009148
0 0.184810 0.359236 0.006900 0.034131
0 0.188666 0.382259 0.014612 0.011914
0 0.162600 0.349286 0.005822 0.028240
0 0.171668 0.368426 0.012313 0.010039
0 0.150804 0.383932 0.008432 0.006875
0 0.159700 0.391186 0.009361 0.007632
0 0.147831 0.394891 0.008432 0.006875
0 0.156727 0.402144 0.009361 0.007632
0 0.120752 0.515222 0.005220 0.012674
0 0.131319 0.528046 0.015914 0.012975
0 0.075722 0.489616 0.008082 0.006589
0 0.050960 0.469426 0.041443 0.033790
0 0.069075 0.648474 0.014462 0.011791
0 0.074834 0.599633 0.015864 0.012929
0 0.087299 0.609793 0.009066 0.007391
0 0.079216 0.589482 0.011862 0.009667
0 0.089680 0.598012 0.009066 0.007391
0 0.216156 0.233792 0.011257 0.015725
0 0.200998 0.268338 0.006672 0.033004
0 0.204265 0.290224 0.013207 0.010768
0 0.180451 0.278585 0.014096 0.011492
0 0.165374 0.180527 0.009060 0.044816
0 0.175408 0.162607 0.011007 0.008974
0 0.201951 0.208712 0.008492 0.042004
0 0.211585 0.192103 0.010775 0.008785
0 0.170282 0.276261 0.010346 0.008435
0 0.160307 0.242391 0.008934 0.044190
0 0.159531 0.267495 0.007381 0.006018
0 0.156026 0.171672 0.008654 0.042808
0 0.164848 0.153933 0.008990 0.007330
0 0.109549 0.274056 0.008082 0.006589
0 0.088972 0.257279 0.033072 0.026964
0 0.132207 0.199762 0.008082 0.006589
0 0.108351 0.180312 0.039629 0.032311
0 0.084090 0.534014 0.006773 0.005522
0 0.095138 0.543022 0.015324 0.012494
0 0.283616 0.276918 0.009077 0.044901
0 0.294235 0.259425 0.012161 0.009915
0 0.307957 0.270613 0.015231 0.012419
0 0.330571 0.312636 0.008187 0.040495
0 0.329948 0.288543 0.009432 0.007690
0 0.278898 0.270400 0.008150 0.040313
0 0.275716 0.244327 0.014513 0.011833
0 0.276940 0.328596 0.007248 0.035853
0 0.267706 0.341949 0.011220 0.009148
0 0.262987 0.326754 0.003939 0.019483
0 0.240609 0.307404 0.004322 0.021380
0 0.232838 0.313520 0.011220 0.009148
0 0.315380 0.359676 0.010049 0.008193
0 0.333751 0.367148 0.009960 0.006893
0 0.325027 0.367542 0.007488 0.006105
0 0.257000 0.305456 0.003321 0.012945
0 0.249729 0.307355 0.011220 0.009148
0 0.118370 0.534634 0.004981 0.006078
0 0.127175 0.536743 0.012628 0.010296
0 0.140977 0.270550 0.012402 0.017495
0 0.152988 0.284034 0.011620 0.009474
0 0.186071 0.251875 0.002083 0.010301
0 0.189252 0.260468 0.008444 0.006885
0 0.163391 0.725178 0.004708 0.023286
0 0.164927 0.739992 0.007779 0.006343
0 0.094758 0.483094 0.006773 0.005522
0 0.105806 0.492102 0.015324 0.012494
0 0.087301 0.522400 0.006773 0.005522
0 0.098349 0.531408 0.015324 0.012494
0 0.132760 0.481098 0.007904 0.012111
0 0.144495 0.493499 0.015566 0.012691
0 0.143377 0.421542 0.013586 0.011077
0 0.158203 0.433630 0.016065 0.013098
0 0.147674 0.407407 0.011115 0.009062
0 0.161264 0.418487 0.016065 0.013098
0 0.147936 0.396365 0.014498 0.011821
0 0.163217 0.408824 0.016065 0.013098
1 0.967135 0.733951 0.001107 0.002223
1 0.967135 0.737060 0.001107 0.002223
1 0.954752 0.737060 0.001107 0.002223
1 0.954752 0.733951 0.001107 0.002223
1 0.967135 0.730843 0.001107 0.002223
1 0.954752 0.730843 0.001107 0.002223
1 0.954752 0.727734 0.001107 0.002223
1 0.928717 0.668112 0.004321 0.010491
1 0.928948 0.660438 0.004230 0.008494
1 0.904112 0.710663 0.001056 0.002120
1 0.183757 0.240025 0.008837 0.017747
1 0.137297 0.246361 0.008819 0.017710
1 0.300643 0.334649 0.009420 0.018918
1 0.175685 0.224153 0.005692 0.011430
1 0.122910 0.321104 0.005920 0.011889
1 0.254327 0.408301 0.003706 0.007442
1 0.279353 0.292745 0.008614 0.017298
1 0.259470 0.267987 0.003373 0.006774
1 0.308546 0.307108 0.010586 0.021260
1 0.266791 0.290577 0.010815 0.021720
1 0.280740 0.308972 0.010518 0.021122
1 0.155027 0.186964 0.010176 0.020436
1 0.124044 0.302022 0.008186 0.016439
1 0.079645 0.520204 0.010680 0.021448
1 0.232052 0.682536 0.006848 0.013752
1 0.250388 0.704318 0.007408 0.014877
1 0.261783 0.544908 0.003884 0.007801
1 0.208107 0.798978 0.010457 0.021001
1 0.187623 0.710529 0.005229 0.010501
1 0.260810 0.559626 0.010016 0.020114
1 0.308576 0.535996 0.007479 0.015020
1 0.302843 0.459952 0.009114 0.018303
1 0.250736 0.435390 0.010355 0.020795
1 0.286125 0.332559 0.009167 0.018410
1 0.121779 0.506413 0.007679 0.015422
1 0.244563 0.287719 0.009649 0.019377
1 0.250857 0.264426 0.009824 0.019728
1 0.252520 0.274115 0.008395 0.016860
1 0.185812 0.240922 0.006263 0.012578
2 0.964347 0.720192 0.002696 0.005414
2 0.313617 0.329738 0.012740 0.025585
2 0.324470 0.351157 0.011373 0.022839
2 0.289908 0.554185 0.041683 0.083708
2 0.135984 0.212195 0.021628 0.043434
2 0.120073 0.299017 0.015049 0.030221
2 0.099432 0.404220 0.013054 0.026215
2 0.317745 0.322766 0.011110 0.022311
2 0.099228 0.455572 0.014785 0.029692
2 0.253208 0.385282 0.014203 0.028523
2 0.255867 0.396845 0.012373 0.024848
2 0.141978 0.183990 0.029104 0.058447
2 0.158833 0.216617 0.010916 0.021921
2 0.194606 0.226057 0.018096 0.036341
2 0.207299 0.222466 0.011895 0.023888
2 0.171796 0.207358 0.017867 0.035880
2 0.102628 0.330653 0.015169 0.030464
2 0.112744 0.376124 0.013388 0.026887
2 0.082830 0.522417 0.026251 0.052719
2 0.093770 0.404871 0.020542 0.041253
2 0.075264 0.503186 0.012904 0.025915
2 0.055108 0.566414 0.011655 0.023407
2 0.130045 0.198345 0.019671 0.039504
2 0.107211 0.387950 0.012593 0.025290
2 0.073756 0.523392 0.015537 0.031202
2 0.212882 0.558304 0.024872 0.049949
2 0.221063 0.661308 0.012376 0.024854
2 0.288057 0.573848 0.128798 0.258656
2 0.286334 0.639399 0.012680 0.025464
2 0.292077 0.618937 0.013638 0.027388
2 0.333192 0.486082 0.037903 0.076119
2 0.323401 0.346421 0.042711 0.085773
2 0.252831 0.412670 0.073764 0.148136
2 0.152131 0.377290 0.011537 0.023168
2 0.278670 0.298192 0.010818 0.021725
3 0.907221 0.729878 0.005962 0.011974
3 0.448370 0.574462 0.008113 0.016293
3 0.466124 0.574462 0.008113 0.016293
4 0.270085 0.566785 0.052367 0.016500
4 0.199426 0.255782 0.026847 0.016231
11 0.960169 0.732304 0.009171 0.012247
11 0.963543 0.651381 0.003761 0.015093
11 0.957006 0.649284 0.002627 0.010422
11 0.963842 0.652638 0.001970 0.007547
11 0.963245 0.650123 0.001970 0.007547
11 0.930165 0.649081 0.002677 0.005814
11 0.933732 0.647362 0.003369 0.008679
11 0.930194 0.649495 0.006557 0.007200
11 0.933831 0.651201 0.003593 0.004161
11 0.926663 0.658112 0.003426 0.010671
11 0.925837 0.655838 0.002766 0.015339
11 0.907947 0.658707 0.005962 0.003448
11 0.904187 0.654011 0.003234 0.008031
11 0.903938 0.653689 0.009403 0.011380
11 0.900409 0.658729 0.005925 0.003324
11 0.909231 0.593411 0.003512 0.007863
11 0.903540 0.585126 0.002894 0.006521
11 0.897371 0.587265 0.003859 0.004890
11 0.905800 0.584274 0.003352 0.010410
11 0.912454 0.735401 0.014205 0.008135
11 0.913283 0.732394 0.012546 0.006382
11 0.296209 0.286874 0.103595 0.067350
11 0.289422 0.352143 0.028594 0.023313
11 0.233050 0.640711 0.024337 0.108818
11 0.231017 0.719097 0.035248 0.042592
11 0.172140 0.340519 0.052706 0.051870
11 0.170926 0.344884 0.044920 0.047505
11 0.214444 0.605738 0.013566 0.041520
11 0.233295 0.522079 0.027136 0.120471
11 0.238704 0.397424 0.036621 0.116648
11 0.153233 0.702068 0.090778 0.063810
11 0.166027 0.706379 0.042240 0.025092
11 0.262465 0.579853 0.039116 0.026151
11 0.199426 0.255782 0.026847 0.016231
11 0.309592 0.464544 0.018116 0.032674
11 0.231376 0.775423 0.049781 0.100503
11 0.108154 0.584982 0.030359 0.195836
11 0.100196 0.662516 0.011935 0.020608
11 0.210052 0.784646 0.015109 0.044272
11 0.248020 0.307868 0.016551 0.033239
11 0.289122 0.398030 0.007384 0.010643
11 0.291665 0.385450 0.007384 0.010643
11 0.294209 0.372869 0.007384 0.010643
11 0.320482 0.408945 0.007384 0.010643
11 0.323025 0.396364 0.007384 0.010643
11 0.317939 0.421525 0.007384 0.010643
11 0.315395 0.434106 0.007384 0.010643
11 0.312852 0.446686 0.007384 0.010643
11 0.305731 0.481912 0.007384 0.010643
11 0.303188 0.494493 0.007384 0.010643
11 0.300644 0.507073 0.007384 0.010643
11 0.298076 0.519634 0.007384 0.010643
11 0.295558 0.532234 0.007384 0.010643
11 0.293014 0.544815 0.007384 0.010643
11 0.290471 0.557395 0.007384 0.010643
11 0.274371 0.470998 0.007384 0.010643
11 0.271828 0.483578 0.007384 0.010643
11 0.269284 0.496159 0.007384 0.010643
11 0.266741 0.508739 0.007384 0.010643
11 0.264198 0.521320 0.007384 0.010643
11 0.261654 0.533900 0.007384 0.010643
11 0.179296 0.222611 0.072411 0.061570
11 0.035996 0.673123 0.017635 0.032297
11 0.069256 0.585948 0.023020 0.074999
11 0.093776 0.651034 0.022515 0.045216
11 0.320726 0.379466 0.035313 0.070918
11 0.127202 0.474560 0.010238 0.019274
11 0.230374 0.772593 0.047776 0.094843
11 0.153233 0.710069 0.090778 0.047807
11 0.150398 0.700156 0.080836 0.049121
11 0.242789 0.397302 0.028452 0.116403
11 0.240279 0.404884 0.030292 0.097636
11 0.237815 0.410332 0.030380 0.083727
11 0.170926 0.344884 0.044920 0.047505
11 0.309592 0.464544 0.018116 0.032674
11 0.214444 0.605738 0.013566 0.041520
11 0.127202 0.474560 0.010238 0.019274
11 0.903938 0.653689 0.009403 0.011380
