0 0.376181 0.204483 0.032536 0.024423
0 0.215655 0.204483 0.024402 0.024423
0 0.738828 0.380098 0.098936 0.007108
0 0.737879 0.221078 0.100834 0.004125
0 0.737879 0.385220 0.100834 0.003136
0 0.761168 0.248888 0.004067 0.005226
0 0.765235 0.248888 0.004067 0.005226
0 0.770587 0.255422 0.006101 0.005226
0 0.761168 0.226242 0.004067 0.005226
0 0.765235 0.226242 0.004067 0.005226
0 0.770587 0.232776 0.006101 0.005226
0 0.298594 0.785282 0.098936 0.007108
0 0.297645 0.626262 0.100834 0.004125
0 0.297645 0.790404 0.100834 0.003136
0 0.320934 0.654072 0.004067 0.005226
0 0.325001 0.654072 0.004067 0.005226
0 0.330353 0.660606 0.006101 0.005226
0 0.320934 0.631425 0.004067 0.005226
0 0.325001 0.631425 0.004067 0.005226
0 0.330353 0.637959 0.006101 0.005226
0 0.738828 0.785282 0.098936 0.007108
0 0.737879 0.626262 0.100834 0.004125
0 0.737879 0.790404 0.100834 0.003136
0 0.761168 0.654072 0.004067 0.005226
0 0.765235 0.654072 0.004067 0.005226
0 0.770587 0.660606 0.006101 0.005226
0 0.761168 0.631425 0.004067 0.005226
0 0.765235 0.631425 0.004067 0.005226
0 0.770587 0.637959 0.006101 0.005226
