0 0.011836 0.408056 0.004824 0.024781
0 0.095084 0.423165 0.004824 0.024781
0 0.004833 0.057598 0.003675 0.042482
0 0.004833 0.100080 0.003675 0.042482
0 0.021327 0.726119 0.007351 0.042482
0 0.021327 0.683637 0.007351 0.042482
0 0.021327 0.641156 0.007351 0.042482
0 0.021327 0.598674 0.007351 0.042482
0 0.940872 0.310164 0.002412 0.012391
0 0.900330 0.294812 0.002412 0.012391
0 0.929940 0.446162 0.002412 0.012391
0 0.908712 0.522870 0.002412 0.012391
0 0.933550 0.558555 0.001378 0.042482
0 0.934553 0.542509 0.001206 0.006195
0 0.940442 0.558555 0.001378 0.042482
0 0.941445 0.542509 0.001206 0.006195
0 0.933191 0.517743 0.002412 0.012391
0 0.916477 0.388759 0.002412 0.012391
0 0.935108 0.408750 0.005513 0.024781
0 0.929594 0.408750 0.005513 0.024781
0 0.949353 0.391226 0.002757 0.021241
0 0.946597 0.391226 0.002757 0.021241
0 0.943840 0.391226 0.002757 0.021241
1 0.020706 0.858874 0.016126 0.124259
1 0.004581 0.858874 0.016126 0.124259
1 0.225052 0.036410 0.013438 0.103549
1 0.225052 0.139960 0.013438 0.103549
1 0.163898 0.376108 0.013438 0.103549
1 0.150460 0.376108 0.013438 0.103549
1 0.936854 0.291098 0.002050 0.010532
2 0.017674 0.432570 0.032114 0.863229
2 0.925247 0.409843 0.002050 0.010532
2 0.925385 0.425422 0.002326 0.011951
2 0.925247 0.433412 0.002050 0.010532
11 0.021327 0.726119 0.007351 0.042482
11 0.021327 0.683637 0.007351 0.042482
11 0.021327 0.641156 0.007351 0.042482
11 0.021327 0.598674 0.007351 0.042482
11 0.006671 0.213365 0.005513 0.070803
11 0.006671 0.284167 0.005513 0.070803
11 0.006671 0.354970 0.005513 0.070803
11 0.020408 0.556192 0.005513 0.042482
11 0.020408 0.513710 0.005513 0.042482
11 0.105946 0.473462 0.005513 0.056642
11 0.111459 0.473462 0.005513 0.056642
11 0.100433 0.473462 0.005513 0.056642
11 0.020408 0.471229 0.005513 0.042482
11 0.948245 0.437135 0.103492 0.402111
11 0.948245 0.437135 0.103492 0.402111
