0 0.126427 0.153162 0.009733 0.015741
0 0.176186 0.155130 0.019466 0.011806
0 0.229993 0.155130 0.014600 0.011806
0 0.080373 0.181531 0.017033 0.005903
0 0.342030 0.146664 0.024333 0.007870
0 0.281749 0.155130 0.022386 0.008658
0 0.402467 0.155130 0.019953 0.008658
0 0.698132 0.681352 0.001825 0.085021
0 0.785498 0.680706 0.001825 0.082378
0 0.739541 0.680706 0.001825 0.082378
0 0.029823 0.798091 0.003650 0.005112
0 0.115961 0.555698 0.003650 0.005112
0 0.850179 0.804920 0.003650 0.005112
0 0.849969 0.582137 0.003650 0.005112
0 0.662922 0.558661 0.003650 0.005112
0 0.027010 0.624486 0.003650 0.005112
0 0.673894 0.804920 0.003650 0.005112
0 0.674707 0.582137 0.003650 0.005112
0 0.628261 0.800467 0.003650 0.005112
0 0.832705 0.680706 0.001825 0.082378
0 0.761858 0.754360 0.183711 0.104284
0 0.762466 0.616135 0.184927 0.081656
0 0.762712 0.740921 0.189406 0.002087
0 0.762466 0.678607 0.184927 0.035417
0 0.862258 0.004838 0.011898 0.007714
3 0.915943 0.213829 0.007300 0.007870
11 0.341865 0.169087 0.030410 0.010389
11 0.342030 0.152393 0.022386 0.016180
11 0.281749 0.155130 0.024333 0.011806
11 0.402467 0.155130 0.021899 0.011806
