0 0.040404 0.425400 0.005283 0.009134
0 0.040404 0.568746 0.005283 0.009134
0 0.040404 0.695365 0.005283 0.009134
0 0.049796 0.627404 0.005283 0.009134
0 0.053905 0.626191 0.005283 0.009134
0 0.033390 0.449627 0.005283 0.009134
0 0.029281 0.449627 0.005283 0.009134
0 0.025172 0.449627 0.005283 0.009134
0 0.128056 0.329072 0.005283 0.009134
0 0.127536 0.573387 0.005283 0.009134
0 0.127707 0.679878 0.005283 0.009134
0 0.136028 0.400216 0.005283 0.009134
0 0.140137 0.396697 0.005283 0.009134
0 0.137099 0.649921 0.005283 0.009134
0 0.140600 0.647257 0.005283 0.009134
0 0.144709 0.641929 0.005283 0.009134
0 0.137099 0.742481 0.005283 0.009134
0 0.140813 0.736741 0.005283 0.009134
0 0.149563 0.449627 0.005283 0.009134
0 0.145454 0.449627 0.005283 0.009134
0 0.141345 0.449627 0.005283 0.009134
0 0.210635 0.332706 0.005283 0.009134
0 0.210635 0.508795 0.005283 0.009134
0 0.210635 0.668057 0.005283 0.009134
0 0.203804 0.449627 0.005283 0.009134
0 0.199695 0.449627 0.005283 0.009134
0 0.195586 0.449627 0.005283 0.009134
0 0.295164 0.331184 0.005283 0.009134
0 0.295164 0.505655 0.005283 0.009134
0 0.295164 0.668057 0.005283 0.009134
0 0.304556 0.632684 0.005283 0.009134
0 0.308640 0.631283 0.005283 0.009134
0 0.312432 0.625956 0.005283 0.009134
0 0.286292 0.449627 0.005283 0.009134
0 0.282183 0.449627 0.005283 0.009134
0 0.278074 0.449627 0.005283 0.009134
0 0.388840 0.278971 0.005283 0.009134
0 0.379692 0.679440 0.005283 0.009134
0 0.392949 0.273454 0.005283 0.009134
0 0.389084 0.435147 0.005283 0.009134
0 0.392704 0.440380 0.005283 0.009134
0 0.389084 0.631397 0.005283 0.009134
0 0.393436 0.628734 0.005283 0.009134
0 0.397545 0.623406 0.005283 0.009134
0 0.389084 0.739981 0.005283 0.009134
0 0.393193 0.731989 0.005283 0.009134
0 0.370217 0.449627 0.005283 0.009134
0 0.366108 0.449627 0.005283 0.009134
0 0.361999 0.449627 0.005283 0.009134
0 0.479109 0.449627 0.005283 0.009134
0 0.541319 0.449627 0.005283 0.009134
0 0.632691 0.333315 0.005283 0.009134
0 0.632870 0.499667 0.005283 0.009134
0 0.632991 0.740600 0.005283 0.009134
0 0.625261 0.449627 0.005283 0.009134
0 0.621151 0.449627 0.005283 0.009134
0 0.617042 0.449627 0.005283 0.009134
0 0.048204 0.328007 0.005283 0.009134
0 0.132354 0.326950 0.005283 0.009134
0 0.217054 0.331437 0.005283 0.009134
0 0.273228 0.331437 0.005283 0.009134
0 0.386789 0.330525 0.005283 0.009134
0 0.470983 0.332329 0.005283 0.009134
0 0.529546 0.330525 0.005283 0.009134
0 0.620704 0.333772 0.005283 0.009134
0 0.653775 0.330467 0.005283 0.009134
0 0.167647 0.306412 0.005283 0.009134
0 0.240755 0.308603 0.005283 0.009134
0 0.319481 0.309134 0.005283 0.009134
0 0.427840 0.309495 0.005283 0.009134
0 0.511156 0.309552 0.005283 0.009134
0 0.596095 0.310938 0.005283 0.009134
0 0.433517 0.344415 0.005283 0.009134
0 0.433517 0.355071 0.005283 0.009134
0 0.433517 0.333759 0.005283 0.009134
0 0.433517 0.365726 0.005283 0.009134
0 0.664976 0.335471 0.005283 0.009134
0 0.665383 0.567684 0.005283 0.009134
0 0.664976 0.680457 0.005283 0.009134
0 0.674368 0.411300 0.005283 0.009134
0 0.678390 0.411246 0.005283 0.009134
0 0.674368 0.630762 0.005283 0.009134
0 0.677923 0.622770 0.005283 0.009134
0 0.689624 0.449627 0.005283 0.009134
0 0.685515 0.449627 0.005283 0.009134
0 0.681406 0.449627 0.005283 0.009134
0 0.759484 0.370802 0.005283 0.009134
0 0.759589 0.502847 0.005283 0.009134
0 0.759484 0.699364 0.005283 0.009134
0 0.768876 0.433499 0.005283 0.009134
0 0.768876 0.626061 0.005283 0.009134
0 0.772985 0.606151 0.005283 0.009134
0 0.757136 0.449627 0.005283 0.009134
0 0.753027 0.449627 0.005283 0.009134
0 0.748917 0.449627 0.005283 0.009134
0 0.216804 0.498169 0.005283 0.009134
0 0.300959 0.498169 0.005283 0.009134
0 0.385786 0.498169 0.005283 0.009134
0 0.456088 0.498169 0.005283 0.009134
0 0.531987 0.498169 0.005283 0.009134
0 0.764933 0.498169 0.005283 0.009134
0 0.344691 0.476857 0.005283 0.009134
0 0.423474 0.476857 0.005283 0.009134
0 0.511586 0.476857 0.005283 0.009134
0 0.595312 0.476857 0.005283 0.009134
0 0.638670 0.499530 0.005283 0.009134
0 0.704351 0.476857 0.005283 0.009134
0 0.809232 0.476857 0.005283 0.009134
0 0.433170 0.448136 0.005283 0.009134
0 0.433170 0.458792 0.005283 0.009134
0 0.433170 0.469448 0.005283 0.009134
0 0.048355 0.562104 0.005283 0.009134
0 0.132884 0.562104 0.005283 0.009134
0 0.217667 0.562104 0.005283 0.009134
0 0.301941 0.562104 0.005283 0.009134
0 0.386470 0.562104 0.005283 0.009134
0 0.470998 0.562104 0.005283 0.009134
0 0.555527 0.562104 0.005283 0.009134
0 0.612196 0.562104 0.005283 0.009134
0 0.670428 0.562104 0.005283 0.009134
0 0.731688 0.562104 0.005283 0.009134
0 0.827068 0.562104 0.005283 0.009134
0 0.070411 0.537748 0.005283 0.009134
0 0.066480 0.527092 0.005283 0.009134
0 0.174933 0.537748 0.005283 0.009134
0 0.257851 0.537748 0.005283 0.009134
0 0.342365 0.537748 0.005283 0.009134
0 0.414883 0.537748 0.005283 0.009134
0 0.511011 0.537748 0.005283 0.009134
0 0.595996 0.537748 0.005283 0.009134
0 0.648158 0.537748 0.005283 0.009134
0 0.718552 0.537748 0.005283 0.009134
0 0.810181 0.537748 0.005283 0.009134
0 0.433170 0.512537 0.005283 0.009134
0 0.433170 0.523193 0.005283 0.009134
0 0.433170 0.502123 0.005283 0.009134
0 0.433170 0.533849 0.005283 0.009134
0 0.623708 0.730355 0.005283 0.009134
0 0.674053 0.738687 0.005283 0.009134
0 0.091310 0.707587 0.005283 0.009134
0 0.161493 0.708485 0.005283 0.009134
0 0.234789 0.708485 0.005283 0.009134
0 0.342135 0.708052 0.005283 0.009134
0 0.583160 0.708052 0.005283 0.009134
0 0.648158 0.715853 0.005283 0.009134
0 0.643022 0.705197 0.005283 0.009134
0 0.695006 0.716018 0.005283 0.009134
0 0.808694 0.715651 0.005283 0.009134
0 0.432955 0.676129 0.005283 0.009134
0 0.432955 0.686785 0.005283 0.009134
0 0.432955 0.665473 0.005283 0.009134
0 0.432955 0.697441 0.005283 0.009134
0 0.765060 0.365731 0.005283 0.009134
0 0.834367 0.365731 0.005283 0.009134
0 0.705538 0.342897 0.005283 0.009134
0 0.798236 0.342897 0.005283 0.009134
0 0.735316 0.316724 0.005283 0.009134
0 0.735316 0.327380 0.005283 0.009134
0 0.735316 0.306069 0.005283 0.009134
0 0.735316 0.338036 0.005283 0.009134
0 0.096756 0.449627 0.005283 0.009134
0 0.092647 0.449627 0.005283 0.009134
0 0.088538 0.449627 0.005283 0.009134
0 0.047617 0.424901 0.005283 0.009134
0 0.031421 0.272899 0.005283 0.009134
0 0.031224 0.282571 0.005283 0.009134
0 0.088098 0.404549 0.005283 0.009134
0 0.061500 0.372206 0.005283 0.009134
0 0.061500 0.382862 0.005283 0.009134
0 0.061500 0.361550 0.005283 0.009134
0 0.061500 0.393518 0.005283 0.009134
0 0.180949 0.380089 0.005283 0.009134
0 0.180949 0.390745 0.005283 0.009134
0 0.180949 0.401401 0.005283 0.009134
0 0.253403 0.526078 0.005283 0.009134
0 0.261704 0.284442 0.005283 0.009134
0 0.261704 0.372379 0.005283 0.009134
0 0.261704 0.630507 0.005283 0.009134
0 0.261704 0.737317 0.005283 0.009134
0 0.251138 0.449627 0.005283 0.009134
0 0.247029 0.449627 0.005283 0.009134
0 0.242920 0.449627 0.005283 0.009134
0 0.433517 0.240920 0.005283 0.009134
0 0.433517 0.251576 0.005283 0.009134
0 0.433517 0.262232 0.005283 0.009134
0 0.433170 0.779172 0.005283 0.009134
0 0.433170 0.789828 0.005283 0.009134
0 0.433170 0.800483 0.005283 0.009134
0 0.084565 0.697176 0.005283 0.009134
0 0.092647 0.629871 0.005283 0.009134
0 0.092647 0.737952 0.005283 0.009134
0 0.083255 0.645876 0.005283 0.009134
0 0.079146 0.645876 0.005283 0.009134
0 0.075037 0.645876 0.005283 0.009134
0 0.177176 0.426567 0.005283 0.009134
0 0.166559 0.449627 0.005283 0.009134
0 0.162450 0.449627 0.005283 0.009134
0 0.158341 0.449627 0.005283 0.009134
0 0.338015 0.289457 0.005283 0.009134
0 0.346233 0.284442 0.005283 0.009134
0 0.346233 0.630507 0.005283 0.009134
0 0.346233 0.737317 0.005283 0.009134
0 0.335205 0.449627 0.005283 0.009134
0 0.331096 0.449627 0.005283 0.009134
0 0.326987 0.449627 0.005283 0.009134
0 0.416656 0.449627 0.005283 0.009134
0 0.522925 0.449627 0.005283 0.009134
0 0.583914 0.449627 0.005283 0.009134
0 0.714284 0.524675 0.005283 0.009134
0 0.733068 0.449627 0.005283 0.009134
0 0.728959 0.449627 0.005283 0.009134
0 0.724850 0.449627 0.005283 0.009134
0 0.021720 0.385213 0.005283 0.009134
0 0.056253 0.528478 0.005283 0.009134
0 0.073935 0.449627 0.005283 0.009134
0 0.069826 0.449627 0.005283 0.009134
0 0.065717 0.449627 0.005283 0.009134
0 0.278685 0.432711 0.005283 0.009134
0 0.372303 0.432711 0.005283 0.009134
0 0.456279 0.432711 0.005283 0.009134
0 0.540730 0.432711 0.005283 0.009134
0 0.433517 0.385304 0.005283 0.009134
0 0.433517 0.395960 0.005283 0.009134
0 0.433517 0.406616 0.005283 0.009134
0 0.108208 0.624517 0.005283 0.009134
0 0.203246 0.624517 0.005283 0.009134
0 0.287775 0.624517 0.005283 0.009134
0 0.372303 0.624517 0.005283 0.009134
0 0.456832 0.624517 0.005283 0.009134
0 0.539127 0.624517 0.005283 0.009134
0 0.089019 0.603205 0.005283 0.009134
0 0.433170 0.571051 0.005283 0.009134
0 0.433170 0.581707 0.005283 0.009134
0 0.433170 0.592362 0.005283 0.009134
0 0.846947 0.369266 0.005283 0.009134
0 0.846947 0.505828 0.005283 0.009134
0 0.846825 0.666862 0.005283 0.009134
0 0.856339 0.433499 0.005283 0.009134
0 0.856339 0.592629 0.005283 0.009134
0 0.840390 0.591445 0.005283 0.009134
0 0.836281 0.591445 0.005283 0.009134
0 0.832172 0.591445 0.005283 0.009134
0 0.804683 0.524675 0.005283 0.009134
0 0.812901 0.447709 0.005283 0.009134
0 0.812901 0.593010 0.005283 0.009134
0 0.802335 0.449627 0.005283 0.009134
0 0.798226 0.449627 0.005283 0.009134
0 0.794117 0.449627 0.005283 0.009134
0 0.669387 0.200032 0.005283 0.009134
0 0.665278 0.200032 0.005283 0.009134
0 0.661169 0.200032 0.005283 0.009134
0 0.403627 0.708052 0.005283 0.009134
0 0.049713 0.730421 0.005283 0.009134
0 0.049410 0.742466 0.005283 0.009134
0 0.106687 0.730421 0.005283 0.009134
0 0.200631 0.736779 0.005283 0.009134
0 0.277350 0.730886 0.005283 0.009134
0 0.368836 0.730886 0.005283 0.009134
0 0.454357 0.730886 0.005283 0.009134
0 0.529292 0.730886 0.005283 0.009134
0 0.765145 0.738687 0.005283 0.009134
0 0.838677 0.738687 0.005283 0.009134
0 0.513138 0.708052 0.005283 0.009134
0 0.622463 0.288096 0.005283 0.009134
0 0.049796 0.454386 0.005283 0.009134
0 0.053202 0.461263 0.005283 0.009134
0 0.220027 0.633175 0.005283 0.009134
0 0.223751 0.627456 0.005283 0.009134
0 0.220027 0.398124 0.005283 0.009134
0 0.220027 0.281006 0.005283 0.009134
0 0.224136 0.273014 0.005283 0.009134
0 0.304340 0.280684 0.005283 0.009134
0 0.308449 0.275167 0.005283 0.009134
0 0.303977 0.743246 0.005283 0.009134
0 0.308086 0.735679 0.005283 0.009134
0 0.379692 0.330639 0.005283 0.009134
0 0.379692 0.506581 0.005283 0.009134
0 0.642083 0.749139 0.005283 0.009134
0 0.645878 0.741391 0.005283 0.009134
0 0.656121 0.307633 0.005283 0.009134
0 0.177176 0.632619 0.005283 0.009134
0 0.346233 0.431715 0.005283 0.009134
0 0.642083 0.289622 0.005283 0.009134
0 0.645766 0.285925 0.005283 0.009134
0 0.650489 0.418616 0.005283 0.009134
0 0.642083 0.442053 0.005283 0.009134
0 0.646192 0.439389 0.005283 0.009134
0 0.068416 0.259878 0.005283 0.009134
0 0.064307 0.259878 0.005283 0.009134
0 0.060198 0.259878 0.005283 0.009134
0 0.080760 0.306432 0.005283 0.009134
0 0.075842 0.295776 0.005283 0.009134
0 0.608532 0.632333 0.005283 0.009134
0 0.608532 0.642989 0.005283 0.009134
0 0.608532 0.653645 0.005283 0.009134
0 0.642083 0.636276 0.005283 0.009134
0 0.646192 0.613881 0.005283 0.009134
0 0.650301 0.635193 0.005283 0.009134
0 0.654410 0.629865 0.005283 0.009134
0 0.030541 0.262380 0.005283 0.009134
0 0.658400 0.450465 0.005283 0.009134
0 0.040681 0.740492 0.005283 0.009134
0 0.127707 0.738983 0.005283 0.009134
0 0.177176 0.738914 0.005283 0.009134
0 0.295354 0.738983 0.005283 0.009134
0 0.379644 0.738983 0.005283 0.009134
0 0.638025 0.562104 0.005283 0.009134
0 0.168958 0.564205 0.005283 0.009134
0 0.099547 0.773533 0.005283 0.009134
0 0.099547 0.784189 0.005283 0.009134
0 0.099547 0.794845 0.005283 0.009134
0 0.121384 0.769159 0.005283 0.009134
0 0.179997 0.769159 0.005283 0.009134
0 0.236278 0.769159 0.005283 0.009134
0 0.285863 0.769159 0.005283 0.009134
0 0.207203 0.449627 0.005283 0.009134
0 0.218266 0.751123 0.005283 0.009134
0 0.214157 0.751123 0.005283 0.009134
0 0.210048 0.751123 0.005283 0.009134
0 0.231180 0.751123 0.005283 0.009134
0 0.097112 0.352615 0.005283 0.009134
0 0.304556 0.375548 0.005283 0.009134
0 0.308461 0.385308 0.005283 0.009134
0 0.110854 0.356274 0.005283 0.009134
0 0.133073 0.373704 0.005283 0.009134
0 0.176085 0.354788 0.005283 0.009134
0 0.174208 0.346163 0.005283 0.009134
0 0.109268 0.347642 0.005283 0.009134
0 0.031571 0.291978 0.005283 0.009134
0 0.031571 0.394308 0.005283 0.009134
0 0.239660 0.300728 0.005283 0.009134
0 0.596033 0.302754 0.005283 0.009134
0 0.168958 0.733511 0.005283 0.009134
0 0.210635 0.284910 0.005283 0.009134
0 0.253403 0.733785 0.005283 0.009134
0 0.253403 0.296283 0.005283 0.009134
0 0.084565 0.735968 0.005283 0.009134
0 0.295837 0.284910 0.005283 0.009134
0 0.380071 0.284910 0.005283 0.009134
0 0.633274 0.284910 0.005283 0.009134
0 0.338015 0.736588 0.005283 0.009134
0 0.632991 0.695839 0.005283 0.009134
0 0.109319 0.512337 0.005283 0.009134
0 0.109319 0.522993 0.005283 0.009134
0 0.109319 0.533649 0.005283 0.009134
0 0.180789 0.418493 0.005283 0.009134
0 0.646789 0.696686 0.005283 0.009134
0 0.646594 0.528738 0.005283 0.009134
0 0.014405 0.344340 0.005283 0.009134
0 0.010296 0.344340 0.005283 0.009134
0 0.006187 0.344340 0.005283 0.009134
0 0.084565 0.564613 0.005283 0.009134
0 0.168958 0.329325 0.005283 0.009134
0 0.253403 0.332047 0.005283 0.009134
0 0.253403 0.687872 0.005283 0.009134
0 0.338015 0.331915 0.005283 0.009134
0 0.714284 0.366165 0.005283 0.009134
0 0.714284 0.705978 0.005283 0.009134
0 0.804683 0.367039 0.005283 0.009134
0 0.804683 0.694453 0.005283 0.009134
0 0.656121 0.298304 0.005283 0.009134
0 0.017849 0.342327 0.005283 0.009134
0 0.040404 0.393677 0.005283 0.009134
0 0.040404 0.327046 0.005283 0.009134
0 0.646594 0.481289 0.005283 0.009134
0 0.088098 0.395747 0.005283 0.009134
0 0.056645 0.457182 0.005283 0.009134
0 0.338015 0.563638 0.005283 0.009134
0 0.295164 0.570693 0.005283 0.009134
