0 0.135548 0.099131 0.009589 0.016268
0 0.184569 0.101164 0.019177 0.012201
0 0.237578 0.101164 0.014383 0.012201
0 0.090178 0.128448 0.016780 0.006100
0 0.289584 0.101164 0.022054 0.008947
0 0.687775 0.681904 0.001798 0.087866
0 0.773845 0.681236 0.001798 0.085135
0 0.728569 0.681236 0.001798 0.085135
0 0.029381 0.802550 0.003596 0.005283
0 0.114241 0.552045 0.003596 0.005283
0 0.837566 0.809608 0.003596 0.005283
0 0.837359 0.579370 0.003596 0.005283
0 0.653087 0.555108 0.003596 0.005283
0 0.026610 0.623135 0.003596 0.005283
0 0.663896 0.809608 0.003596 0.005283
0 0.664698 0.579370 0.003596 0.005283
0 0.618941 0.805006 0.003596 0.005283
0 0.591585 0.647451 0.019136 0.006598
0 0.820351 0.681236 0.001798 0.085135
0 0.750555 0.757356 0.180985 0.107774
0 0.751154 0.614505 0.182184 0.084389
0 0.751397 0.743467 0.186596 0.002157
0 0.893466 0.016356 0.011721 0.007972
3 0.930060 0.220290 0.007191 0.008134
11 0.289584 0.101164 0.023972 0.012201
