0 0.318737 0.350479 0.015597 0.013617
0 0.539736 0.219287 0.002814 0.012484
0 0.315976 0.368516 0.002307 0.001494
0 0.211626 0.956161 0.025896 0.034428
0 0.255131 0.942402 0.025896 0.034428
0 0.315976 0.607238 0.002307 0.001494
0 0.303450 0.578195 0.001801 0.001867
0 0.303450 0.575640 0.001801 0.001867
0 0.270758 0.940160 0.030322 0.029944
0 0.314688 0.978220 0.030322 0.029944
0 0.307181 0.743835 0.045335 0.004185
0 0.288271 0.731747 0.045335 0.004185
0 0.325661 0.351515 0.009859 0.008608
0 0.317748 0.947376 0.001013 0.001867
0 0.290309 0.573822 0.009455 0.001278
0 0.329905 0.608245 0.001463 0.007960
0 0.311107 0.604511 0.001013 0.015036
0 0.311107 0.720818 0.001013 0.015036
0 0.294980 0.589840 0.018347 0.001278
0 0.294980 0.706147 0.018347 0.001278
0 0.294980 0.825508 0.018347 0.001278
0 0.307828 0.829100 0.005997 0.005237
0 0.311107 0.840178 0.001013 0.015036
0 0.201839 0.933387 0.012490 0.016397
0 0.210225 0.941246 0.012490 0.016397
0 0.294980 0.941158 0.018347 0.001278
0 0.307715 0.944651 0.005772 0.005040
0 0.311107 0.955828 0.001013 0.015036
0 0.290309 0.925139 0.009455 0.001278
0 0.329905 0.959562 0.001463 0.007960
0 0.215417 0.459276 0.001486 0.001769
0 0.315976 0.487877 0.002307 0.001494
0 0.303450 0.458834 0.001801 0.001867
0 0.303450 0.456279 0.001801 0.001867
0 0.387206 0.045442 0.016434 0.002850
0 0.308029 0.709915 0.006400 0.005589
0 0.308109 0.593400 0.006560 0.006006
0 0.312290 0.344851 0.015597 0.013617
0 0.319381 0.361784 0.015758 0.001228
0 0.316142 0.466772 0.010807 0.009435
0 0.321852 0.580852 0.012770 0.011149
0 0.313651 0.588209 0.009207 0.008039
0 0.310819 0.476475 0.001139 0.001133
0 0.307797 0.473766 0.003314 0.002893
0 0.320956 0.474045 0.005853 0.005110
0 0.325450 0.464704 0.004970 0.004478
0 0.318172 0.458350 0.005129 0.004339
1 0.266643 0.583659 0.002870 0.002506
1 0.266643 0.586165 0.002870 0.002506
1 0.312627 0.605287 0.003149 0.002555
1 0.312627 0.608589 0.003152 0.002555
1 0.312627 0.956653 0.003380 0.002653
1 0.266643 0.699966 0.002870 0.002506
1 0.266643 0.702472 0.002870 0.002506
1 0.266643 0.819327 0.002870 0.002506
1 0.266643 0.821833 0.002870 0.002506
1 0.312627 0.485926 0.003152 0.002555
1 0.312627 0.960221 0.003380 0.002653
2 0.215879 0.934524 0.015590 0.010810
2 0.210966 0.224789 0.009207 0.025552
2 0.207251 0.229039 0.001553 0.002801
2 0.207251 0.225796 0.001553 0.002801
2 0.207251 0.222553 0.001553 0.002801
2 0.207251 0.219310 0.001553 0.002801
2 0.207251 0.215207 0.001553 0.004521
2 0.207251 0.232774 0.001553 0.003784
2 0.207251 0.236287 0.001553 0.002359
2 0.214680 0.236287 0.001553 0.002359
2 0.210966 0.236287 0.005876 0.002359
2 0.308109 0.593539 0.006560 0.005728
2 0.322597 0.931520 0.014503 0.012663
2 0.311445 0.731530 0.001013 0.005012
2 0.986560 0.953433 0.001126 0.002162
2 0.989646 0.953491 0.001351 0.002162
2 0.993080 0.953665 0.002375 0.002511
2 0.992514 0.953665 0.001131 0.002413
2 0.993674 0.953665 0.001075 0.002413
2 0.979545 0.949258 0.001351 0.002162
2 0.982842 0.949258 0.001688 0.002162
2 0.986140 0.949258 0.001463 0.002162
2 0.989654 0.949258 0.001463 0.002162
2 0.991639 0.933938 0.002476 0.003636
2 0.982160 0.939406 0.005290 0.003636
2 0.983334 0.933981 0.007654 0.003636
2 0.961233 0.918735 0.009905 0.003636
2 0.976713 0.918735 0.015640 0.003636
2 0.964813 0.912772 0.016090 0.003636
2 0.311217 0.582667 0.001632 0.001425
2 0.315496 0.586402 0.005969 0.005212
2 0.319774 0.590138 0.001632 0.001425
2 0.975597 0.913313 0.001013 0.004717
2 0.979710 0.913313 0.001351 0.004717
2 0.983933 0.913130 0.002026 0.004717
2 0.990632 0.913124 0.003489 0.004717
2 0.960015 0.907350 0.007542 0.004717
2 0.970361 0.907361 0.007767 0.004717
2 0.977715 0.907056 0.002251 0.002948
2 0.982314 0.907056 0.002476 0.002948
2 0.988433 0.907056 0.005290 0.002948
2 0.959780 0.901623 0.005178 0.002948
2 0.968073 0.901683 0.006303 0.002948
2 0.977827 0.901844 0.007667 0.002948
2 0.960473 0.895855 0.008442 0.002948
2 0.971921 0.895855 0.009905 0.002948
2 0.984497 0.895855 0.010243 0.002948
2 0.964072 0.884682 0.015640 0.002948
2 0.982465 0.884682 0.016090 0.002948
2 0.964686 0.879506 0.017571 0.003341
2 0.976417 0.878818 0.001351 0.001966
2 0.988012 0.879113 0.002026 0.002555
2 0.980265 0.873740 0.008667 0.002555
2 0.988903 0.874281 0.002927 0.003636
2 0.988200 0.873740 0.001407 0.002457
2 0.989663 0.873740 0.001407 0.002457
2 0.970463 0.868908 0.009275 0.003636
2 0.973067 0.868368 0.002005 0.002457
2 0.967915 0.868368 0.002005 0.002457
2 0.983077 0.868908 0.010243 0.003636
2 0.965396 0.862194 0.017109 0.003636
2 0.964651 0.862268 0.001491 0.001228
2 0.964651 0.861039 0.001491 0.001228
2 0.963159 0.861039 0.001491 0.001228
2 0.963159 0.862268 0.001491 0.001228
2 0.981286 0.868368 0.002120 0.002457
2 0.319324 0.369720 0.002139 0.001278
2 0.985569 0.862268 0.008386 0.003784
2 0.962748 0.849939 0.009905 0.003685
2 0.977644 0.849718 0.002476 0.003341
2 0.978249 0.849202 0.001154 0.002211
2 0.961017 0.849374 0.001454 0.002457
2 0.962471 0.849374 0.001454 0.002457
2 0.987901 0.849718 0.002927 0.003341
2 0.989011 0.901871 0.009275 0.002948
2 0.965701 0.843351 0.017559 0.003341
2 0.987935 0.861678 0.001162 0.002506
2 0.986773 0.861678 0.001162 0.002506
2 0.277196 0.702462 0.017109 0.003243
2 0.322738 0.580104 0.014222 0.012466
2 0.328385 0.361637 0.002251 0.001720
2 0.310348 0.490260 0.001182 0.004619
2 0.980292 0.878818 0.002251 0.001966
2 0.427503 0.008834 0.001351 0.002162
2 0.417147 0.010309 0.001351 0.002162
2 0.456881 0.008834 0.001351 0.002162
2 0.453392 0.010603 0.002026 0.004717
2 0.379946 0.010309 0.001688 0.002162
2 0.392328 0.010309 0.001688 0.002162
2 0.389345 0.011930 0.002364 0.001867
2 0.261972 0.939340 0.009399 0.001179
2 0.228373 0.924869 0.008048 0.001327
2 0.295206 0.941109 0.018573 0.001179
2 0.290365 0.925188 0.009342 0.001179
2 0.329849 0.959513 0.001351 0.007862
2 0.472122 0.020529 0.009207 0.025552
2 0.475836 0.026401 0.001553 0.002801
2 0.475836 0.023158 0.001553 0.002801
2 0.475836 0.019915 0.001553 0.002801
2 0.475836 0.016672 0.001553 0.002801
2 0.475836 0.013134 0.001553 0.003390
2 0.475836 0.009596 0.001553 0.003685
2 0.475836 0.029325 0.001553 0.002162
2 0.475836 0.032027 0.001553 0.002359
2 0.468407 0.032027 0.001553 0.002359
2 0.472122 0.032027 0.005876 0.002359
2 0.990811 0.918803 0.007767 0.003636
2 0.981850 0.943989 0.001126 0.002162
2 0.277027 0.694748 0.017447 0.006486
2 0.364832 0.011046 0.004390 0.003636
2 0.368941 0.011046 0.002927 0.003636
2 0.967690 0.862268 0.001491 0.001228
2 0.967690 0.861039 0.001491 0.001228
2 0.966198 0.861039 0.001491 0.001228
2 0.966198 0.862268 0.001491 0.001228
2 0.986343 0.843035 0.015640 0.002948
2 0.959296 0.837964 0.005290 0.003636
2 0.316086 0.586133 0.010919 0.009435
2 0.307844 0.948402 0.006030 0.013181
2 0.298598 0.946183 0.024794 0.011329
2 0.969577 0.873740 0.008329 0.002555
2 0.959616 0.873740 0.007879 0.002555
2 0.320845 0.214789 0.001975 0.002506
2 0.322932 0.214789 0.001975 0.002506
2 0.507094 0.215330 0.003039 0.003587
2 0.297231 0.215331 0.003039 0.003585
2 0.481393 0.214789 0.001975 0.002506
2 0.483480 0.214789 0.001975 0.002506
2 0.361343 0.010309 0.001351 0.002162
2 0.956656 0.900345 0.001182 0.002162
2 0.956656 0.900886 0.001182 0.001081
2 0.956656 0.899805 0.001182 0.001081
2 0.984850 0.943989 0.001013 0.002162
2 0.968881 0.838759 0.006101 0.002457
2 0.969812 0.833335 0.015998 0.013968
3 0.305645 0.931380 0.001745 0.002162
3 0.318930 0.957007 0.001351 0.004029
3 0.225869 0.469227 0.003152 0.001916
3 0.255444 0.469227 0.002533 0.001916
3 0.305858 0.475358 0.009711 0.008675
3 0.300933 0.468572 0.065710 0.035003
3 0.295024 0.453267 0.053892 0.004984
3 0.313681 0.947854 0.014326 0.029608
3 0.309275 0.933458 0.005516 0.001504
3 0.317861 0.623478 0.013395 0.011498
3 0.322420 0.510677 0.002476 0.001228
3 0.312374 0.736836 0.001520 0.017198
3 0.328639 0.736836 0.001069 0.017198
3 0.990581 0.939189 0.006191 0.002506
3 0.959976 0.868855 0.007879 0.003784
3 0.990602 0.944207 0.006754 0.002309
3 0.290816 0.467728 0.005290 0.002260
3 0.290816 0.471757 0.002476 0.001474
3 0.368941 0.011046 0.002927 0.003636
3 0.364804 0.011046 0.004446 0.003636
3 0.315774 0.937476 0.005412 0.004725
3 0.320376 0.951700 0.001723 0.021916
3 0.277731 0.976205 0.039990 0.030239
3 0.292930 0.960892 0.002961 0.002585
3 0.328883 0.981129 0.001327 0.001159
3 0.334970 0.473976 0.001688 0.016040
3 0.299341 0.449596 0.034796 0.002359
3 0.331272 0.473731 0.005709 0.024685
3 0.288030 0.215379 0.001445 0.001228
3 0.288030 0.214151 0.001445 0.001228
3 0.289474 0.214151 0.001445 0.001228
3 0.289474 0.215379 0.001445 0.001228
3 0.299905 0.578775 0.002983 0.002604
3 0.299905 0.575591 0.002983 0.002604
4 0.965396 0.862194 0.017109 0.003636
4 0.964686 0.879506 0.017571 0.003341
4 0.965701 0.843351 0.017559 0.003341
4 0.964813 0.912772 0.016090 0.003636
4 0.976713 0.918735 0.015640 0.003636
4 0.982465 0.884682 0.016090 0.002948
4 0.964072 0.884682 0.015640 0.002948
4 0.986343 0.843035 0.015640 0.002948
4 0.984497 0.895855 0.010243 0.002948
11 0.219678 0.219703 0.005966 0.001523
11 0.219678 0.222946 0.005966 0.001523
11 0.219678 0.226189 0.005966 0.001523
11 0.219678 0.229432 0.005966 0.001523
11 0.228598 0.233363 0.007598 0.002113
11 0.236646 0.233363 0.007598 0.002113
11 0.244750 0.233363 0.007598 0.002113
11 0.252855 0.233363 0.007598 0.002113
11 0.260959 0.233363 0.007598 0.002113
11 0.291378 0.249702 0.007316 0.002850
11 0.297231 0.249702 0.003039 0.002850
11 0.307189 0.249702 0.015525 0.002850
11 0.321725 0.249702 0.012196 0.002850
11 0.512778 0.249702 0.006979 0.002850
11 0.507128 0.249702 0.003039 0.002850
11 0.497137 0.249702 0.015525 0.002850
11 0.482601 0.249702 0.012196 0.002850
11 0.527861 0.223832 0.006303 0.003394
11 0.534615 0.223832 0.006303 0.003394
11 0.316142 0.582483 0.010807 0.016734
11 0.965024 0.941446 0.017178 0.027485
11 0.986560 0.953433 0.001126 0.002162
11 0.989646 0.953491 0.001351 0.002162
11 0.993080 0.953687 0.002476 0.002555
11 0.979545 0.949258 0.001351 0.002162
11 0.982842 0.949258 0.001688 0.002162
11 0.986140 0.949258 0.001463 0.002162
11 0.989654 0.949258 0.001463 0.002162
11 0.320731 0.737279 0.013282 0.014152
11 0.200603 0.945467 0.010018 0.008157
11 0.197586 0.943587 0.007316 0.003734
11 0.313844 0.468533 0.004593 0.004010
11 0.315515 0.467074 0.006504 0.005678
11 0.322738 0.460743 0.014222 0.012466
11 0.310038 0.489670 0.001351 0.003440
11 0.256991 0.453281 0.001914 0.001278
11 0.248887 0.453281 0.001914 0.001278
11 0.240783 0.453281 0.001914 0.001278
11 0.232678 0.453281 0.001914 0.001278
11 0.232678 0.469497 0.001914 0.001278
11 0.240783 0.469497 0.001914 0.001278
11 0.248887 0.469497 0.001914 0.001278
11 0.218732 0.456009 0.025979 0.004570
11 0.310376 0.494977 0.001126 0.004815
11 0.427503 0.008834 0.001351 0.002162
11 0.417147 0.010309 0.001351 0.002162
11 0.456881 0.008834 0.001351 0.002162
11 0.430204 0.029104 0.007542 0.002113
11 0.438252 0.029104 0.007542 0.002113
11 0.446413 0.029104 0.007542 0.002113
11 0.421171 0.029104 0.009399 0.002113
11 0.454151 0.029104 0.006810 0.002113
11 0.379946 0.010309 0.001688 0.002162
11 0.392328 0.010309 0.001688 0.002162
11 0.355890 0.020185 0.002915 0.002260
11 0.362418 0.020185 0.009218 0.002260
11 0.368947 0.020185 0.002915 0.002260
11 0.358444 0.045442 0.007598 0.002850
11 0.368068 0.045442 0.005572 0.002850
11 0.363763 0.045442 0.002251 0.002850
11 0.375597 0.045442 0.005434 0.002850
11 0.981850 0.943989 0.001126 0.002162
11 0.267112 0.378259 0.006758 0.009050
11 0.314991 0.365740 0.007429 0.006683
11 0.297222 0.580790 0.001329 0.001247
11 0.361343 0.010309 0.001351 0.002162
11 0.984850 0.943989 0.001013 0.002162
11 0.978592 0.838764 0.002701 0.002415
11 0.977916 0.838764 0.001351 0.002415
11 0.979267 0.838764 0.001351 0.002415
11 0.965024 0.941446 0.017178 0.027485
11 0.313681 0.947854 0.014326 0.029608
11 0.472122 0.020529 0.009207 0.025552
11 0.210966 0.224789 0.009207 0.025552
11 0.298598 0.946183 0.024794 0.011329
11 0.215879 0.934588 0.015432 0.010545
11 0.983077 0.868908 0.010243 0.003636
11 0.970361 0.907361 0.007767 0.004717
11 0.962748 0.849939 0.009905 0.003685
11 0.961233 0.918735 0.009905 0.003636
11 0.960015 0.907350 0.007542 0.004717
11 0.970463 0.868908 0.009275 0.003636
11 0.985569 0.862268 0.008386 0.003784
11 0.959976 0.868855 0.007879 0.003784
11 0.971921 0.895855 0.009905 0.002948
11 0.990811 0.918803 0.007767 0.003636
11 0.983334 0.933981 0.007654 0.003636
11 0.989011 0.901871 0.009275 0.002948
11 0.960473 0.895855 0.008442 0.002948
11 0.977827 0.901844 0.007667 0.002948
11 0.980265 0.873740 0.008667 0.002555
11 0.969577 0.873740 0.008329 0.002555
11 0.959616 0.873740 0.007879 0.002555
11 0.982160 0.939406 0.005290 0.003636
11 0.959296 0.837964 0.005290 0.003636
11 0.968073 0.901683 0.006303 0.002948
11 0.990632 0.913124 0.003489 0.004717
11 0.364832 0.011046 0.004390 0.003636
11 0.988433 0.907056 0.005290 0.002948
11 0.990602 0.944207 0.006754 0.002309
11 0.990581 0.939189 0.006191 0.002506
11 0.959780 0.901623 0.005178 0.002948
11 0.968881 0.838759 0.006101 0.002457
11 0.290816 0.467728 0.005290 0.002260
11 0.507094 0.215330 0.003039 0.003587
11 0.297231 0.215331 0.003039 0.003585
11 0.988903 0.874281 0.002927 0.003636
11 0.368941 0.011046 0.002927 0.003636
11 0.987901 0.849718 0.002927 0.003341
11 0.991639 0.933938 0.002476 0.003636
11 0.977644 0.849718 0.002476 0.003341
11 0.982314 0.907056 0.002476 0.002948
11 0.977715 0.907056 0.002251 0.002948
11 0.978592 0.838764 0.002701 0.002415
11 0.993080 0.953687 0.002476 0.002555
