0 0.503441 0.874530 0.010769 0.010889
0 0.503441 0.898297 0.010769 0.010889
0 0.503441 0.911001 0.010769 0.010889
0 0.503441 0.885929 0.010769 0.010889
0 0.050601 0.866108 0.010769 0.010889
0 0.089628 0.866108 0.010769 0.010889
0 0.503441 0.324976 0.010769 0.010889
0 0.503441 0.958969 0.010769 0.010889
0 0.503441 0.983372 0.010769 0.010889
0 0.503441 0.996076 0.010769 0.010889
0 0.503441 0.971004 0.010769 0.010889
0 0.503441 0.243022 0.010769 0.010889
0 0.122452 0.557849 0.010769 0.010889
0 0.114076 0.557849 0.010769 0.010889
0 0.105699 0.557849 0.010769 0.010889
0 0.130523 0.557849 0.010769 0.010889
0 0.077685 0.304352 0.010769 0.010889
0 0.077685 0.884472 0.010769 0.010889
0 0.989613 0.558476 0.010769 0.010889
0 0.296316 0.300422 0.010769 0.010889
0 0.287940 0.300422 0.010769 0.010889
0 0.279564 0.300422 0.010769 0.010889
0 0.304387 0.300422 0.010769 0.010889
0 0.055892 0.557849 0.010769 0.010889
0 0.047516 0.557849 0.010769 0.010889
0 0.039139 0.557849 0.010769 0.010889
0 0.063963 0.557849 0.010769 0.010889
0 0.939291 0.557849 0.010769 0.010889
0 0.930879 0.558242 0.010769 0.010889
0 0.922538 0.557849 0.010769 0.010889
0 0.947361 0.557849 0.010769 0.010889
0 0.449456 0.300422 0.010769 0.010889
0 0.622615 0.300422 0.010769 0.010889
0 0.795287 0.300422 0.010769 0.010889
0 0.963335 0.300422 0.010769 0.010889
0 0.966124 0.904032 0.010769 0.010889
0 0.795522 0.904032 0.010769 0.010889
0 0.621553 0.904032 0.010769 0.010889
0 0.449582 0.904032 0.010769 0.010889
0 0.278742 0.904032 0.010769 0.010889
0 0.263676 0.866108 0.010769 0.010889
0 0.435320 0.866108 0.010769 0.010889
0 0.609124 0.866108 0.010769 0.010889
0 0.780977 0.866108 0.010769 0.010889
0 0.923135 0.866108 0.010769 0.010889
0 0.989009 0.866108 0.010769 0.010889
0 0.038756 0.688584 0.010769 0.010889
0 0.038756 0.701287 0.010769 0.010889
0 0.038756 0.713991 0.010769 0.010889
0 0.038756 0.676343 0.010769 0.010889
0 0.967338 0.688584 0.010769 0.010889
0 0.967338 0.701287 0.010769 0.010889
0 0.967338 0.713991 0.010769 0.010889
0 0.967338 0.676343 0.010769 0.010889
0 0.077685 0.798116 0.010769 0.010889
0 0.077685 0.384644 0.010769 0.010889
0 0.077685 0.617062 0.010769 0.010889
0 0.042583 0.837595 0.010769 0.010889
0 0.097203 0.886114 0.010769 0.010889
