0 0.063792 0.611662 0.006629 0.006204
0 0.063792 0.727206 0.006629 0.006204
0 0.075577 0.588019 0.006629 0.006204
0 0.075577 0.674482 0.006629 0.006204
0 0.075577 0.757542 0.006629 0.006204
0 0.080096 0.755034 0.006629 0.006204
0 0.094328 0.558251 0.006629 0.006204
0 0.089172 0.558251 0.006629 0.006204
0 0.084016 0.558251 0.006629 0.006204
0 0.173334 0.475902 0.006629 0.006204
0 0.171331 0.639349 0.006629 0.006204
0 0.171331 0.723037 0.006629 0.006204
0 0.184038 0.513871 0.006629 0.006204
0 0.197505 0.517931 0.006629 0.006204
0 0.183116 0.683614 0.006629 0.006204
0 0.188979 0.513321 0.006629 0.006204
0 0.183116 0.754693 0.006629 0.006204
0 0.187724 0.746029 0.006629 0.006204
0 0.164560 0.667265 0.006629 0.006204
0 0.159404 0.667265 0.006629 0.006204
0 0.154248 0.667265 0.006629 0.006204
0 0.277397 0.638507 0.006629 0.006204
0 0.289182 0.528347 0.006629 0.006204
0 0.289182 0.683614 0.006629 0.006204
0 0.294338 0.512592 0.006629 0.006204
0 0.299494 0.678186 0.006629 0.006204
0 0.271400 0.558251 0.006629 0.006204
0 0.266244 0.558251 0.006629 0.006204
0 0.261088 0.558251 0.006629 0.006204
0 0.481613 0.558251 0.006629 0.006204
0 0.586826 0.558251 0.006629 0.006204
0 0.818941 0.456485 0.006629 0.006204
0 0.807725 0.478372 0.006629 0.006204
0 0.807725 0.609208 0.006629 0.006204
0 0.807725 0.722003 0.006629 0.006204
0 0.819510 0.544377 0.006629 0.006204
0 0.824666 0.542568 0.006629 0.006204
0 0.819510 0.681750 0.006629 0.006204
0 0.824666 0.678016 0.006629 0.006204
0 0.797820 0.558251 0.006629 0.006204
0 0.792664 0.558251 0.006629 0.006204
0 0.787508 0.558251 0.006629 0.006204
0 0.180559 0.475436 0.006629 0.006204
0 0.266222 0.475436 0.006629 0.006204
0 0.355965 0.477339 0.006629 0.006204
0 0.467473 0.477339 0.006629 0.006204
0 0.602934 0.477339 0.006629 0.006204
0 0.677237 0.477339 0.006629 0.006204
0 0.792723 0.477248 0.006629 0.006204
0 0.834960 0.477339 0.006629 0.006204
0 0.116225 0.459927 0.006629 0.006204
0 0.111353 0.452690 0.006629 0.006204
0 0.215230 0.459759 0.006629 0.006204
0 0.309344 0.463124 0.006629 0.006204
0 0.443557 0.462906 0.006629 0.006204
0 0.533183 0.463420 0.006629 0.006204
0 0.656652 0.463230 0.006629 0.006204
0 0.736422 0.463464 0.006629 0.006204
0 0.834063 0.460787 0.006629 0.006204
0 0.562268 0.488949 0.006629 0.006204
0 0.562268 0.496187 0.006629 0.006204
0 0.562268 0.503424 0.006629 0.006204
0 0.847500 0.483817 0.006629 0.006204
0 0.847500 0.636459 0.006629 0.006204
0 0.859285 0.521474 0.006629 0.006204
0 0.859285 0.680775 0.006629 0.006204
0 0.864441 0.678532 0.006629 0.006204
0 0.880109 0.558251 0.006629 0.006204
0 0.870349 0.558251 0.006629 0.006204
0 0.865193 0.558251 0.006629 0.006204
0 0.179862 0.634782 0.006629 0.006204
0 0.285834 0.634657 0.006629 0.006204
0 0.391950 0.634657 0.006629 0.006204
0 0.497703 0.634657 0.006629 0.006204
0 0.603598 0.634657 0.006629 0.006204
0 0.677237 0.634657 0.006629 0.006204
0 0.782907 0.634657 0.006629 0.006204
0 0.097085 0.618114 0.006629 0.006204
0 0.095517 0.610876 0.006629 0.006204
0 0.337486 0.618114 0.006629 0.006204
0 0.443827 0.618114 0.006629 0.006204
0 0.520393 0.618114 0.006629 0.006204
0 0.655464 0.618114 0.006629 0.006204
0 0.735838 0.618114 0.006629 0.006204
0 0.729393 0.610876 0.006629 0.006204
0 0.825614 0.618114 0.006629 0.006204
0 0.819328 0.610876 0.006629 0.006204
0 0.562268 0.650439 0.006629 0.006204
0 0.562268 0.657677 0.006629 0.006204
0 0.562268 0.643202 0.006629 0.006204
0 0.562268 0.664915 0.006629 0.006204
0 0.146908 0.748459 0.006629 0.006204
0 0.267323 0.748459 0.006629 0.006204
0 0.368666 0.748459 0.006629 0.006204
0 0.479164 0.748459 0.006629 0.006204
0 0.584873 0.748459 0.006629 0.006204
0 0.678859 0.748162 0.006629 0.006204
0 0.796244 0.748459 0.006629 0.006204
0 0.836893 0.755629 0.006629 0.006204
0 0.125854 0.732950 0.006629 0.006204
0 0.231165 0.732950 0.006629 0.006204
0 0.337496 0.732950 0.006629 0.006204
0 0.532172 0.732950 0.006629 0.006204
0 0.655590 0.732950 0.006629 0.006204
0 0.731125 0.732950 0.006629 0.006204
0 0.824556 0.740120 0.006629 0.006204
0 0.818111 0.732882 0.006629 0.006204
0 0.562268 0.707204 0.006629 0.006204
0 0.562268 0.721108 0.006629 0.006204
0 0.562268 0.728346 0.006629 0.006204
0 0.138195 0.608614 0.006629 0.006204
0 0.158396 0.558251 0.006629 0.006204
0 0.153240 0.558251 0.006629 0.006204
0 0.148084 0.558251 0.006629 0.006204
0 0.071369 0.542485 0.006629 0.006204
0 0.082284 0.493229 0.006629 0.006204
0 0.082284 0.506985 0.006629 0.006204
0 0.082284 0.514223 0.006629 0.006204
0 0.330429 0.635435 0.006629 0.006204
0 0.342214 0.449166 0.006629 0.006204
0 0.346759 0.443738 0.006629 0.006204
0 0.342214 0.534640 0.006629 0.006204
0 0.342214 0.683788 0.006629 0.006204
0 0.342214 0.748705 0.006629 0.006204
0 0.346953 0.746728 0.006629 0.006204
0 0.321833 0.558251 0.006629 0.006204
0 0.316677 0.558251 0.006629 0.006204
0 0.311521 0.558251 0.006629 0.006204
0 0.369362 0.449580 0.006629 0.006204
0 0.479782 0.449580 0.006629 0.006204
0 0.603263 0.449580 0.006629 0.006204
0 0.686901 0.449580 0.006629 0.006204
0 0.562268 0.411291 0.006629 0.006204
0 0.562268 0.418528 0.006629 0.006204
0 0.562268 0.425766 0.006629 0.006204
0 0.176316 0.776308 0.006629 0.006204
0 0.231549 0.775923 0.006629 0.006204
0 0.311586 0.776963 0.006629 0.006204
0 0.105461 0.761833 0.006629 0.006204
0 0.562268 0.786477 0.006629 0.006204
0 0.562268 0.793715 0.006629 0.006204
0 0.562268 0.800952 0.006629 0.006204
0 0.118298 0.724588 0.006629 0.006204
0 0.130083 0.674740 0.006629 0.006204
0 0.134792 0.747346 0.006629 0.006204
0 0.112196 0.667265 0.006629 0.006204
0 0.107040 0.667265 0.006629 0.006204
0 0.101884 0.667265 0.006629 0.006204
0 0.224364 0.636366 0.006629 0.006204
0 0.236149 0.521690 0.006629 0.006204
0 0.236149 0.683788 0.006629 0.006204
0 0.236149 0.749053 0.006629 0.006204
0 0.241658 0.747397 0.006629 0.006204
0 0.216213 0.558251 0.006629 0.006204
0 0.211057 0.558251 0.006629 0.006204
0 0.205901 0.558251 0.006629 0.006204
0 0.455487 0.558251 0.006629 0.006204
0 0.641278 0.558251 0.006629 0.006204
0 0.043511 0.525507 0.006629 0.006204
0 0.180378 0.592265 0.006629 0.006204
0 0.390029 0.592265 0.006629 0.006204
0 0.466768 0.592265 0.006629 0.006204
0 0.602853 0.592265 0.006629 0.006204
0 0.709514 0.592265 0.006629 0.006204
0 0.231730 0.577790 0.006629 0.006204
0 0.337209 0.577790 0.006629 0.006204
0 0.427108 0.577790 0.006629 0.006204
0 0.549682 0.577790 0.006629 0.006204
0 0.656721 0.577790 0.006629 0.006204
0 0.762388 0.577790 0.006629 0.006204
0 0.562268 0.596401 0.006629 0.006204
0 0.562268 0.603638 0.006629 0.006204
0 0.562268 0.610876 0.006629 0.006204
0 0.861319 0.400956 0.006629 0.006204
0 0.856163 0.400956 0.006629 0.006204
0 0.851007 0.400956 0.006629 0.006204
0 0.562268 0.714061 0.006629 0.006204
0 0.209174 0.618114 0.006629 0.006204
0 0.202729 0.610876 0.006629 0.006204
0 0.082284 0.499613 0.006629 0.006204
0 0.562268 0.482717 0.006629 0.006204
0 0.834134 0.454198 0.006629 0.006204
0 0.823347 0.447099 0.006629 0.006204
0 0.099296 0.558251 0.006629 0.006204
0 0.289182 0.445264 0.006629 0.006204
0 0.293348 0.443455 0.006629 0.006204
0 0.297561 0.439836 0.006629 0.006204
0 0.294338 0.665718 0.006629 0.006204
0 0.277540 0.481893 0.006629 0.006204
0 0.277397 0.721924 0.006629 0.006204
0 0.383462 0.636994 0.006629 0.006204
0 0.395247 0.524614 0.006629 0.006204
0 0.405391 0.524141 0.006629 0.006204
0 0.395247 0.683614 0.006629 0.006204
0 0.400403 0.505425 0.006629 0.006204
0 0.405559 0.678186 0.006629 0.006204
0 0.395247 0.748004 0.006629 0.006204
0 0.400403 0.747246 0.006629 0.006204
0 0.377927 0.558251 0.006629 0.006204
0 0.372771 0.558251 0.006629 0.006204
0 0.367615 0.558251 0.006629 0.006204
0 0.395247 0.445264 0.006629 0.006204
0 0.400045 0.439836 0.006629 0.006204
0 0.400403 0.665718 0.006629 0.006204
0 0.383606 0.477867 0.006629 0.006204
0 0.383462 0.721924 0.006629 0.006204
0 0.701659 0.611676 0.006629 0.006204
0 0.713445 0.531947 0.006629 0.006204
0 0.723588 0.534341 0.006629 0.006204
0 0.713445 0.683614 0.006629 0.006204
0 0.718600 0.523388 0.006629 0.006204
0 0.723756 0.678186 0.006629 0.006204
0 0.713445 0.748267 0.006629 0.006204
0 0.718600 0.747509 0.006629 0.006204
0 0.697136 0.558251 0.006629 0.006204
0 0.691980 0.558251 0.006629 0.006204
0 0.686824 0.558251 0.006629 0.006204
0 0.713445 0.445264 0.006629 0.006204
0 0.717949 0.439836 0.006629 0.006204
0 0.718600 0.665718 0.006629 0.006204
0 0.701803 0.484009 0.006629 0.006204
0 0.701659 0.724928 0.006629 0.006204
0 0.802276 0.558251 0.006629 0.006204
0 0.819510 0.755649 0.006629 0.006204
0 0.824594 0.754783 0.006629 0.006204
0 0.875151 0.558251 0.006629 0.006204
0 0.116762 0.667265 0.006629 0.006204
0 0.220906 0.558251 0.006629 0.006204
0 0.329962 0.448952 0.006629 0.006204
0 0.747343 0.558251 0.006629 0.006204
0 0.072332 0.477067 0.006629 0.006204
0 0.443175 0.761833 0.006629 0.006204
0 0.443052 0.732950 0.006629 0.006204
0 0.098763 0.426346 0.006629 0.006204
0 0.093607 0.426346 0.006629 0.006204
0 0.088451 0.426346 0.006629 0.006204
0 0.130083 0.750452 0.006629 0.006204
0 0.118298 0.747593 0.006629 0.006204
0 0.171331 0.754067 0.006629 0.006204
0 0.224364 0.725041 0.006629 0.006204
0 0.224364 0.747748 0.006629 0.006204
0 0.277540 0.447961 0.006629 0.006204
0 0.383462 0.752272 0.006629 0.006204
0 0.701659 0.754810 0.006629 0.006204
0 0.847500 0.724241 0.006629 0.006204
0 0.143136 0.784445 0.006629 0.006204
0 0.143136 0.791682 0.006629 0.006204
0 0.143136 0.798920 0.006629 0.006204
0 0.371828 0.776963 0.006629 0.006204
0 0.497535 0.776963 0.006629 0.006204
0 0.584653 0.776963 0.006629 0.006204
0 0.689378 0.776963 0.006629 0.006204
0 0.072421 0.748459 0.006629 0.006204
0 0.830579 0.577790 0.006629 0.006204
0 0.063792 0.547110 0.006629 0.006204
0 0.728067 0.676078 0.006629 0.006204
0 0.275508 0.558251 0.006629 0.006204
0 0.326242 0.558251 0.006629 0.006204
0 0.381794 0.558251 0.006629 0.006204
0 0.145045 0.489043 0.006629 0.006204
0 0.139889 0.489043 0.006629 0.006204
0 0.134733 0.489043 0.006629 0.006204
0 0.149802 0.487936 0.006629 0.006204
0 0.169197 0.667265 0.006629 0.006204
0 0.193520 0.513321 0.006629 0.006204
0 0.202140 0.513951 0.006629 0.006204
0 0.082208 0.486973 0.006629 0.006204
0 0.103445 0.426346 0.006629 0.006204
0 0.162912 0.558251 0.006629 0.006204
0 0.167095 0.556469 0.006629 0.006204
0 0.257200 0.170319 0.006629 0.006204
0 0.257200 0.177557 0.006629 0.006204
0 0.220555 0.153563 0.006629 0.006204
0 0.201111 0.153352 0.006629 0.006204
0 0.201754 0.140819 0.006629 0.006204
0 0.257200 0.163347 0.006629 0.006204
0 0.306051 0.308131 0.006629 0.006204
0 0.306051 0.315368 0.006629 0.006204
0 0.306051 0.301159 0.006629 0.006204
0 0.366109 0.111101 0.006629 0.006204
0 0.360953 0.111101 0.006629 0.006204
0 0.355797 0.111101 0.006629 0.006204
0 0.370565 0.111101 0.006629 0.006204
0 0.321571 0.225835 0.006629 0.006204
0 0.321878 0.087985 0.006629 0.006204
0 0.247219 0.111101 0.006629 0.006204
0 0.242063 0.111101 0.006629 0.006204
0 0.236907 0.111101 0.006629 0.006204
0 0.251675 0.111101 0.006629 0.006204
0 0.186247 0.111101 0.006629 0.006204
0 0.181092 0.111101 0.006629 0.006204
0 0.175936 0.111101 0.006629 0.006204
0 0.310939 0.111101 0.006629 0.006204
0 0.305783 0.111101 0.006629 0.006204
0 0.300627 0.111101 0.006629 0.006204
0 0.286249 0.225835 0.006629 0.006204
0 0.257200 0.061211 0.006629 0.006204
0 0.257200 0.068448 0.006629 0.006204
0 0.257200 0.054239 0.006629 0.006204
0 0.202165 0.088657 0.006629 0.006204
0 0.051095 0.439103 0.006629 0.006204
0 0.050848 0.445672 0.006629 0.006204
0 0.049991 0.431958 0.006629 0.006204
0 0.051283 0.452062 0.006629 0.006204
0 0.051283 0.520677 0.006629 0.006204
0 0.199486 0.134226 0.006629 0.006204
0 0.196340 0.076479 0.006629 0.006204
0 0.257200 0.157369 0.006629 0.006204
0 0.257200 0.047980 0.006629 0.006204
0 0.524907 0.165840 0.006629 0.006204
0 0.524907 0.173078 0.006629 0.006204
0 0.524907 0.180315 0.006629 0.006204
0 0.479683 0.153429 0.006629 0.006204
0 0.553067 0.153429 0.006629 0.006204
0 0.524907 0.097677 0.006629 0.006204
0 0.592471 0.100094 0.006629 0.006204
0 0.587315 0.100094 0.006629 0.006204
0 0.582159 0.100094 0.006629 0.006204
0 0.507029 0.100094 0.006629 0.006204
0 0.465207 0.100094 0.006629 0.006204
0 0.460052 0.100094 0.006629 0.006204
0 0.454896 0.100094 0.006629 0.006204
0 0.172300 0.610670 0.006629 0.006204
0 0.284053 0.592265 0.006629 0.006204
0 0.112465 0.445878 0.006629 0.006204
0 0.063792 0.754683 0.006629 0.006204
0 0.383606 0.449414 0.006629 0.006204
0 0.701803 0.452727 0.006629 0.006204
0 0.807725 0.450503 0.006629 0.006204
0 0.807725 0.755475 0.006629 0.006204
0 0.312343 0.153563 0.006629 0.006204
0 0.329371 0.153563 0.006629 0.006204
0 0.312343 0.244550 0.006629 0.006204
0 0.329371 0.244550 0.006629 0.006204
0 0.329288 0.088657 0.006629 0.006204
0 0.307711 0.088657 0.006629 0.006204
0 0.365445 0.177723 0.006629 0.006204
0 0.360289 0.177723 0.006629 0.006204
0 0.355133 0.177723 0.006629 0.006204
0 0.305157 0.196540 0.006629 0.006204
0 0.305157 0.203778 0.006629 0.006204
0 0.305157 0.189568 0.006629 0.006204
0 0.047650 0.206641 0.006629 0.006204
0 0.047650 0.213879 0.006629 0.006204
0 0.047650 0.199670 0.006629 0.006204
0 0.070501 0.189141 0.006629 0.006204
0 0.075707 0.250687 0.006629 0.006204
0 0.075707 0.257925 0.006629 0.006204
0 0.075707 0.243716 0.006629 0.006204
0 0.113470 0.198135 0.006629 0.006204
0 0.108314 0.198135 0.006629 0.006204
0 0.103158 0.198135 0.006629 0.006204
0 0.224364 0.477373 0.006629 0.006204
0 0.330429 0.725041 0.006629 0.006204
0 0.330429 0.747748 0.006629 0.006204
0 0.330429 0.477373 0.006629 0.006204
0 0.286545 0.763448 0.006629 0.006204
0 0.281389 0.763448 0.006629 0.006204
0 0.276233 0.763448 0.006629 0.006204
0 0.302749 0.763448 0.006629 0.006204
0 0.822059 0.726585 0.006629 0.006204
0 0.822976 0.604842 0.006629 0.006204
0 0.834134 0.448007 0.006629 0.006204
0 0.030613 0.489548 0.006629 0.006204
0 0.025457 0.489548 0.006629 0.006204
0 0.020301 0.489548 0.006629 0.006204
0 0.035581 0.488956 0.006629 0.006204
0 0.063792 0.520141 0.006629 0.006204
0 0.063792 0.475994 0.006629 0.006204
0 0.073219 0.634782 0.006629 0.006204
0 0.826167 0.571546 0.006629 0.006204
0 0.813351 0.592265 0.006629 0.006204
0 0.561553 0.558251 0.006629 0.006204
