0 0.077177 0.734829 0.004409 0.004794
0 0.180603 0.507493 0.004409 0.004794
0 0.841890 0.510272 0.004409 0.004794
0 0.073779 0.572008 0.004409 0.004794
0 0.841319 0.737057 0.004409 0.004794
0 0.145629 0.937553 0.006466 0.021868
0 0.076482 0.979551 0.006466 0.021868
0 0.168374 0.986978 0.012332 0.003322
0 0.168374 0.955654 0.012332 0.003322
0 0.168374 0.944981 0.012332 0.003322
0 0.240320 0.947430 0.006466 0.021868
0 0.309467 0.978754 0.006466 0.021868
0 0.217575 0.986182 0.012332 0.003322
0 0.217575 0.954857 0.012332 0.003322
0 0.373570 0.947269 0.006466 0.021868
0 0.442717 0.978593 0.006466 0.021868
0 0.350825 0.986021 0.012332 0.003322
0 0.350825 0.954697 0.012332 0.003322
0 0.868748 0.162121 0.015255 0.012013
0 0.566180 0.995698 0.020574 0.005536
0 0.615177 0.985403 0.011756 0.014763
0 0.675281 0.987248 0.023513 0.011072
0 0.740274 0.987248 0.017635 0.011072
0 0.802790 0.987248 0.027040 0.008120
2 0.146669 0.648933 0.009100 0.008042
2 0.147581 0.656565 0.006613 0.005536
2 0.131487 0.573522 0.006613 0.005536
2 0.132652 0.565890 0.010116 0.008042
2 0.126750 0.536336 0.004409 0.005536
2 0.131159 0.536336 0.004409 0.005536
2 0.134612 0.542794 0.006613 0.005536
2 0.236503 0.191468 0.004409 0.005536
2 0.240912 0.191468 0.004409 0.005536
2 0.244365 0.197926 0.006613 0.005536
11 0.658102 0.240540 0.022043 0.027681
11 0.110923 0.930274 0.013777 0.047439
11 0.275026 0.929477 0.013777 0.047439
11 0.408276 0.929316 0.013777 0.047439
11 0.802790 0.987248 0.029391 0.011072
