0 0.427259 0.356312 0.093858 0.036666
0 0.469587 0.825937 0.010122 0.006111
0 0.483850 0.762383 0.009202 0.148495
0 0.070141 0.624582 0.004601 0.124663
0 0.173891 0.356312 0.201978 0.036666
0 0.077503 0.570500 0.010122 0.006111
0 0.077503 0.825937 0.010122 0.006111
0 0.070141 0.885610 0.004601 0.150145
0 0.063240 0.822973 0.009202 0.027316
0 0.054452 0.326980 0.028433 0.001833
0 0.063240 0.352798 0.009202 0.049804
0 0.063240 0.571111 0.009202 0.020166
0 0.077503 0.677136 0.010122 0.006111
0 0.927402 0.345313 0.028433 0.001833
0 0.736880 0.337979 0.335864 0.079442
0 0.637605 0.332327 0.106546 0.068137
0 0.906652 0.664303 0.014723 0.019555
0 0.831658 0.646886 0.164711 0.025055
0 0.907113 0.675913 0.092017 0.122218
0 0.895610 0.702374 0.023004 0.052922
0 0.774557 0.260065 0.441040 0.076387
0 0.917465 0.948155 0.006901 0.060498
0 0.731884 0.483791 0.007246 0.006416
0 0.770391 0.442400 0.001380 0.001833
0 0.123741 0.593263 0.111801 0.025055
0 0.471198 0.493197 0.016103 0.230993
1 0.468207 0.741673 0.003681 0.002444
1 0.465447 0.742284 0.001840 0.003667
1 0.480740 0.383200 0.002521 0.001222
1 0.480740 0.532307 0.002521 0.001222
1 0.467144 0.930311 0.002552 0.001955
1 0.464948 0.929700 0.001840 0.003667
1 0.066350 0.377089 0.002521 0.001222
1 0.083416 0.772562 0.121203 0.160983
1 0.066350 0.556750 0.002521 0.001222
1 0.079946 0.922544 0.002552 0.001955
1 0.082142 0.921933 0.001840 0.003667
1 0.078883 0.811215 0.003681 0.002444
1 0.081643 0.811826 0.001840 0.003667
1 0.083416 0.835577 0.121203 0.160983
2 0.462566 0.742308 0.001351 0.001794
2 0.462067 0.929675 0.001351 0.001794
2 0.084524 0.750742 0.001351 0.001794
2 0.085023 0.921908 0.001351 0.001794
2 0.084524 0.811851 0.001351 0.001794
3 0.620708 0.401516 0.112721 0.084976
3 0.763490 0.478681 0.013803 0.018333
3 0.762365 0.482311 0.003832 0.003393
3 0.762317 0.475061 0.003791 0.003357
3 0.727755 0.473274 0.007246 0.006416
3 0.735367 0.473548 0.007246 0.006416
