0 0.189307 0.909076 0.083234 0.054442
0 0.130380 0.875192 0.025165 0.016460
0 0.179028 0.881418 0.134916 0.088246
0 0.187214 0.930647 0.138832 0.090807
0 0.174239 0.825181 0.138488 0.090582
0 0.206194 0.840618 0.070818 0.047932
0 0.138283 0.796803 0.063193 0.040930
0 0.830322 0.873972 0.038262 0.025027
0 0.731948 0.888728 0.025165 0.016460
0 0.792616 0.950471 0.146501 0.095823
0 0.790395 0.847936 0.041592 0.027044
0 0.739004 0.812144 0.064884 0.044540
0 0.814156 0.858336 0.083607 0.056297
0 0.782106 0.886619 0.147705 0.096611
0 0.790874 0.922612 0.083234 0.054442
0 0.455098 0.521760 0.004554 0.051900
0 0.450303 0.467118 0.004572 0.052098
0 0.234829 0.607822 0.134640 0.088065
0 0.214684 0.569951 0.106757 0.069828
0 0.187031 0.474430 0.065577 0.042881
0 0.278694 0.535428 0.038262 0.025027
0 0.238767 0.509393 0.041592 0.027044
0 0.262528 0.519793 0.083607 0.056297
0 0.232848 0.548659 0.142967 0.093512
0 0.565220 0.874543 0.035051 0.022926
0 0.514781 0.955931 0.134640 0.088065
0 0.544265 0.855776 0.070818 0.047932
0 0.514584 0.884640 0.130178 0.085147
0 0.502814 0.916541 0.106757 0.069828
0 0.495033 0.828837 0.105322 0.068485
0 0.478722 0.812789 0.058455 0.039273
1 0.495187 0.188349 0.019101 0.003604
3 0.450943 0.430182 0.011570 0.010090
3 0.182977 0.201436 0.018594 0.016216
3 0.687687 0.201436 0.018594 0.016216
11 0.747378 0.093291 0.485938 0.186511
11 0.242832 0.093291 0.485609 0.186511
11 0.846283 0.507831 0.307378 0.160284
11 0.473709 0.320590 0.225645 0.086485
11 0.968103 0.063562 0.044489 0.127052
11 0.463930 0.063562 0.043413 0.127052
11 0.483415 0.494389 0.070242 0.106641
11 0.968103 0.156818 0.044489 0.059459
11 0.053890 0.156818 0.043911 0.059459
11 0.558601 0.156818 0.043911 0.059459
11 0.463930 0.156818 0.043413 0.059459
11 0.015981 0.156818 0.031907 0.059459
11 0.520692 0.156818 0.031907 0.059459
11 0.756885 0.523544 0.041809 0.044917
11 0.982288 0.523544 0.035369 0.044917
11 0.756885 0.482914 0.041809 0.036343
11 0.982288 0.482914 0.035369 0.036343
