1 0.514844 0.862619 0.001324 0.001642
1 0.144953 0.893972 0.001272 0.001016
1 0.108006 0.769658 0.001272 0.001016
1 0.107328 0.771597 0.001272 0.001016
1 0.108090 0.782245 0.001272 0.001016
1 0.108090 0.784058 0.001272 0.001016
1 0.106959 0.785891 0.001272 0.001016
1 0.145427 0.848658 0.001272 0.001016
1 0.145427 0.851184 0.001272 0.001016
1 0.143772 0.853618 0.001272 0.001016
1 0.145427 0.855860 0.001272 0.001016
1 0.143772 0.858207 0.001272 0.001016
1 0.145427 0.860485 0.001272 0.001016
1 0.145427 0.862855 0.001272 0.001016
1 0.143772 0.865254 0.001272 0.001016
1 0.143772 0.867454 0.001272 0.001016
1 0.145427 0.869673 0.001272 0.001016
1 0.144204 0.871882 0.001272 0.001016
1 0.144204 0.874067 0.001272 0.001016
1 0.144134 0.878465 0.001272 0.001016
1 0.145341 0.880843 0.001272 0.001016
1 0.144097 0.885327 0.001272 0.001016
1 0.163750 0.890943 0.001272 0.001016
1 0.163750 0.891595 0.001272 0.001016
1 0.144204 0.876289 0.001272 0.001016
1 0.071577 0.789082 0.001272 0.001016
1 0.185503 0.863090 0.001272 0.001016
1 0.185551 0.865164 0.001272 0.001016
1 0.184336 0.867260 0.001272 0.001016
1 0.185528 0.869312 0.001272 0.001016
1 0.185496 0.873459 0.001272 0.001016
1 0.184366 0.871407 0.001272 0.001016
1 0.184336 0.875555 0.001272 0.001016
1 0.184567 0.877629 0.001272 0.001016
1 0.182563 0.879666 0.001272 0.001016
1 0.185570 0.881754 0.001272 0.001016
1 0.185503 0.883828 0.001272 0.001016
1 0.182563 0.885888 0.001272 0.001016
1 0.185321 0.887975 0.001272 0.001016
1 0.184296 0.890071 0.001272 0.001016
1 0.185315 0.892123 0.001272 0.001016
1 0.184589 0.894219 0.001272 0.001016
1 0.182563 0.896256 0.001272 0.001016
1 0.145372 0.815334 0.001272 0.001016
1 0.145473 0.817408 0.001272 0.001016
1 0.144176 0.819513 0.001272 0.001016
1 0.145362 0.821556 0.001272 0.001016
1 0.144176 0.823660 0.001272 0.001016
1 0.145372 0.825703 0.001272 0.001016
1 0.145374 0.827777 0.001272 0.001016
1 0.144176 0.829881 0.001272 0.001016
1 0.145341 0.831924 0.001272 0.001016
1 0.144176 0.834029 0.001272 0.001016
1 0.145473 0.836072 0.001272 0.001016
1 0.144176 0.838177 0.001272 0.001016
1 0.144176 0.840250 0.001272 0.001016
1 0.145375 0.842293 0.001272 0.001016
1 0.144488 0.844398 0.001272 0.001016
1 0.144134 0.883252 0.001272 0.001016
1 0.144862 0.887680 0.001272 0.001016
1 0.144037 0.889761 0.001272 0.001016
1 0.105361 0.773718 0.001272 0.001016
1 0.106959 0.778246 0.001272 0.001016
1 0.115731 0.787810 0.001272 0.001016
1 0.106959 0.780320 0.001272 0.001016
1 0.106274 0.787811 0.001272 0.001016
1 0.115724 0.789883 0.001272 0.001016
1 0.106266 0.789885 0.001272 0.001016
1 0.106575 0.791958 0.001272 0.001016
1 0.106959 0.794017 0.001272 0.001016
1 0.108090 0.796106 0.001272 0.001016
1 0.107189 0.798165 0.001272 0.001016
1 0.105040 0.800218 0.001272 0.001016
1 0.108076 0.802327 0.001272 0.001016
1 0.106880 0.804386 0.001272 0.001016
1 0.108092 0.806475 0.001272 0.001016
1 0.108118 0.808548 0.001272 0.001016
1 0.108116 0.810622 0.001272 0.001016
1 0.106914 0.812681 0.001272 0.001016
1 0.105042 0.814734 0.001272 0.001016
1 0.108079 0.817012 0.001272 0.001016
1 0.106297 0.819086 0.001272 0.001016
1 0.106571 0.821160 0.001272 0.001016
1 0.106941 0.823218 0.001272 0.001016
1 0.107986 0.825376 0.001272 0.001016
1 0.106311 0.827434 0.001272 0.001016
1 0.108080 0.829523 0.001272 0.001016
1 0.106276 0.831582 0.001272 0.001016
1 0.108117 0.833671 0.001272 0.001016
1 0.108089 0.835745 0.001272 0.001016
1 0.106557 0.837803 0.001272 0.001016
1 0.106910 0.839858 0.001272 0.001016
1 0.108161 0.842241 0.001272 0.001016
1 0.108144 0.844329 0.001272 0.001016
1 0.106677 0.846388 0.001272 0.001016
1 0.106894 0.848462 0.001272 0.001016
1 0.106265 0.850536 0.001272 0.001016
1 0.106276 0.852609 0.001272 0.001016
1 0.106278 0.854683 0.001272 0.001016
1 0.106575 0.856757 0.001272 0.001016
1 0.107210 0.858831 0.001272 0.001016
1 0.105042 0.860884 0.001272 0.001016
1 0.108170 0.863510 0.001272 0.001016
1 0.106313 0.865598 0.001272 0.001016
1 0.108090 0.867658 0.001272 0.001016
1 0.106345 0.869745 0.001272 0.001016
1 0.106561 0.871819 0.001272 0.001016
1 0.106952 0.873894 0.001272 0.001016
1 0.106334 0.878040 0.001272 0.001016
1 0.108170 0.880101 0.001272 0.001016
1 0.108170 0.882174 0.001272 0.001016
1 0.071517 0.826681 0.001272 0.001016
1 0.071982 0.772311 0.001272 0.001016
1 0.071982 0.780590 0.001272 0.001016
1 0.070285 0.801816 0.001272 0.001016
1 0.071598 0.812077 0.001272 0.001016
1 0.070323 0.814143 0.001272 0.001016
1 0.070296 0.810172 0.001272 0.001016
1 0.071588 0.822533 0.001272 0.001016
1 0.070318 0.824606 0.001272 0.001016
1 0.070664 0.828753 0.001272 0.001016
1 0.072021 0.834924 0.001272 0.001016
1 0.072103 0.836998 0.001272 0.001016
1 0.071488 0.855017 0.001272 0.001016
1 0.071380 0.857088 0.001272 0.001016
1 0.071380 0.865383 0.001272 0.001016
1 0.071380 0.867456 0.001272 0.001016
1 0.071380 0.869832 0.001272 0.001016
1 0.071380 0.871905 0.001272 0.001016
1 0.071380 0.873979 0.001272 0.001016
1 0.071380 0.859161 0.001272 0.001016
1 0.071380 0.861235 0.001272 0.001016
1 0.071380 0.863309 0.001272 0.001016
1 0.071380 0.876053 0.001272 0.001016
1 0.071380 0.878127 0.001272 0.001016
1 0.071380 0.884666 0.001272 0.001016
1 0.193767 0.785869 0.046705 0.041466
1 0.071059 0.774364 0.001272 0.001016
1 0.071060 0.782665 0.001272 0.001016
1 0.071121 0.786789 0.001272 0.001016
1 0.070451 0.818489 0.001272 0.001016
1 0.070664 0.839071 0.001272 0.001016
1 0.071380 0.886740 0.001272 0.001016
1 0.070900 0.845674 0.001272 0.001016
1 0.071147 0.776437 0.001272 0.001016
1 0.071183 0.770303 0.001272 0.001016
1 0.071982 0.784738 0.001272 0.001016
1 0.069237 0.793413 0.001272 0.001016
1 0.070612 0.795357 0.001272 0.001016
1 0.071077 0.791256 0.001272 0.001016
1 0.070876 0.805965 0.001272 0.001016
1 0.070635 0.803877 0.001272 0.001016
1 0.070327 0.799739 0.001272 0.001016
1 0.070659 0.820570 0.001272 0.001016
1 0.070846 0.830828 0.001272 0.001016
1 0.069744 0.895249 0.001272 0.001016
1 0.071161 0.841150 0.001272 0.001016
1 0.069356 0.843221 0.001272 0.001016
1 0.068830 0.892879 0.001272 0.001016
1 0.070245 0.890848 0.001272 0.001016
1 0.070233 0.888774 0.001272 0.001016
1 0.071166 0.849826 0.001272 0.001016
1 0.115717 0.791957 0.001272 0.001016
1 0.106624 0.884262 0.001272 0.001016
1 0.106952 0.886337 0.001272 0.001016
1 0.144092 0.891728 0.001272 0.001016
1 0.142369 0.846436 0.001272 0.001016
1 0.107741 0.888532 0.001272 0.001016
1 0.106866 0.892655 0.001272 0.001016
1 0.107811 0.890601 0.001272 0.001016
1 0.104697 0.894715 0.001272 0.001016
1 0.069403 0.851901 0.001272 0.001016
1 0.072102 0.847752 0.001272 0.001016
1 0.070323 0.808105 0.001272 0.001016
1 0.070323 0.797809 0.001272 0.001016
1 0.071982 0.778634 0.001272 0.001016
1 0.108170 0.876049 0.001272 0.001016
1 0.184336 0.860933 0.001272 0.001016
1 0.184336 0.858863 0.001272 0.001016
1 0.106959 0.776124 0.001272 0.001016
1 0.071380 0.880415 0.001272 0.001016
1 0.071380 0.882504 0.001272 0.001016
1 0.070664 0.833270 0.001272 0.001016
1 0.070451 0.816299 0.001272 0.001016
11 0.322813 0.845514 0.644778 0.307955
