0 0.235655 0.153157 0.001051 0.001901
0 0.243367 0.129133 0.043414 0.054126
0 0.270039 0.066342 0.007833 0.009092
0 0.270093 0.066403 0.005299 0.006154
0 0.230810 0.067364 0.001116 0.001595
0 0.309026 0.129133 0.025705 0.054126
0 0.278877 0.053226 0.032538 0.051318
0 0.315696 0.033956 0.007935 0.004818
0 0.280624 0.129133 0.031099 0.054126
0 0.272827 0.047216 0.006498 0.001612
0 0.272827 0.036132 0.006498 0.001612
0 0.234199 0.090478 0.025079 0.023185
0 0.322333 0.064843 0.054374 0.028068
0 0.301488 0.071825 0.004980 0.005551
0 0.338908 0.129133 0.034059 0.054126
0 0.277873 0.066342 0.007833 0.009092
0 0.277818 0.066403 0.005299 0.006154
0 0.242134 0.053226 0.040948 0.051318
0 0.261728 0.095086 0.003765 0.008132
0 0.311606 0.036570 0.032920 0.028478
0 0.281867 0.042332 0.001388 0.007547
0 0.263786 0.042332 0.001388 0.007547
0 0.585688 0.053099 0.005205 0.002962
0 0.585688 0.050137 0.005205 0.002962
0 0.589947 0.053099 0.003312 0.002962
0 0.589947 0.050137 0.003312 0.002962
0 0.593259 0.053099 0.003312 0.002962
0 0.593259 0.050137 0.003312 0.002962
0 0.596571 0.053099 0.003312 0.002962
0 0.596571 0.050137 0.003312 0.002962
0 0.599883 0.053099 0.003312 0.002962
0 0.599883 0.050137 0.003312 0.002962
0 0.469363 0.077016 0.001726 0.002004
0 0.469208 0.081430 0.004178 0.002470
0 0.506335 0.083841 0.001267 0.003804
0 0.508184 0.083841 0.001267 0.003804
0 0.528916 0.084609 0.001013 0.002286
0 0.527317 0.084609 0.001018 0.002286
0 0.528916 0.082322 0.001013 0.002286
0 0.527317 0.082322 0.001018 0.002286
0 0.568929 0.023631 0.001254 0.001442
0 0.570183 0.023631 0.001254 0.001442
0 0.607565 0.143652 0.001041 0.004148
0 0.599735 0.143665 0.001041 0.002802
0 0.594247 0.144050 0.001041 0.003406
0 0.605507 0.151445 0.001041 0.002912
0 0.591882 0.151225 0.001041 0.002912
0 0.600421 0.117391 0.001041 0.002885
0 0.592550 0.079213 0.005724 0.003983
0 0.599112 0.095503 0.001041 0.003269
0 0.360561 0.075213 0.003155 0.003664
0 0.363716 0.075213 0.003155 0.003664
0 0.366870 0.075213 0.003155 0.003664
0 0.370025 0.075213 0.003155 0.003664
0 0.356618 0.075213 0.004732 0.003664
0 0.351886 0.075213 0.004732 0.003664
0 0.351886 0.059643 0.004732 0.001832
0 0.351886 0.061474 0.004732 0.001832
0 0.351886 0.065138 0.004732 0.001832
0 0.351886 0.066970 0.004732 0.001832
0 0.351886 0.068802 0.004732 0.001832
0 0.373968 0.075213 0.004732 0.003664
0 0.356618 0.065138 0.004732 0.001832
0 0.373968 0.065138 0.004732 0.001832
0 0.366870 0.065138 0.003155 0.001832
0 0.370025 0.065138 0.003155 0.001832
0 0.356618 0.061474 0.004732 0.001832
0 0.373968 0.061474 0.004732 0.001832
0 0.366870 0.061474 0.003155 0.001832
0 0.370025 0.061474 0.003155 0.001832
0 0.356618 0.059643 0.004732 0.001832
0 0.373968 0.059643 0.004732 0.001832
0 0.366870 0.059643 0.003155 0.001832
0 0.370025 0.059643 0.003155 0.001832
0 0.351886 0.057811 0.004732 0.001832
0 0.356618 0.057811 0.004732 0.001832
0 0.373968 0.057811 0.004732 0.001832
0 0.366870 0.057811 0.003155 0.001832
0 0.370025 0.057811 0.003155 0.001832
0 0.351886 0.070634 0.004732 0.001832
0 0.356618 0.070634 0.004732 0.001832
0 0.373968 0.070634 0.004732 0.001832
0 0.366870 0.070634 0.003155 0.001832
0 0.370025 0.070634 0.003155 0.001832
0 0.351886 0.072465 0.004732 0.001832
0 0.356618 0.072465 0.004732 0.001832
0 0.373968 0.072465 0.004732 0.001832
0 0.366870 0.072465 0.003155 0.001832
0 0.370025 0.072465 0.003155 0.001832
0 0.356618 0.066970 0.004732 0.001832
0 0.373968 0.066970 0.004732 0.001832
0 0.366870 0.066970 0.003155 0.001832
0 0.370025 0.066970 0.003155 0.001832
0 0.351886 0.063306 0.004732 0.001832
0 0.356618 0.063306 0.004732 0.001832
0 0.373968 0.063306 0.004732 0.001832
0 0.366870 0.063306 0.003155 0.001832
0 0.370025 0.063306 0.003155 0.001832
0 0.356618 0.068802 0.004732 0.001832
0 0.373968 0.068802 0.004732 0.001832
0 0.366870 0.068802 0.003155 0.001832
0 0.370025 0.068802 0.003155 0.001832
0 0.360561 0.049567 0.003155 0.003664
0 0.363716 0.049567 0.003155 0.003664
0 0.366870 0.049567 0.003155 0.003664
0 0.370025 0.049567 0.003155 0.003664
0 0.373968 0.049567 0.004732 0.003664
0 0.366870 0.039492 0.003155 0.001832
0 0.370025 0.039492 0.003155 0.001832
0 0.363716 0.039492 0.003155 0.001832
0 0.373968 0.039492 0.004732 0.001832
0 0.366870 0.044988 0.003155 0.001832
0 0.370025 0.044988 0.003155 0.001832
0 0.363716 0.044988 0.003155 0.001832
0 0.373968 0.044988 0.004732 0.001832
0 0.366870 0.046820 0.003155 0.001832
0 0.370025 0.046820 0.003155 0.001832
0 0.363716 0.046820 0.003155 0.001832
0 0.373968 0.046820 0.004732 0.001832
0 0.366870 0.035829 0.003155 0.001832
0 0.370025 0.035829 0.003155 0.001832
0 0.363716 0.035829 0.003155 0.001832
0 0.373968 0.035829 0.004732 0.001832
0 0.366870 0.033997 0.003155 0.001832
0 0.370025 0.033997 0.003155 0.001832
0 0.363716 0.033997 0.003155 0.001832
0 0.373968 0.033997 0.004732 0.001832
0 0.366870 0.032165 0.003155 0.001832
0 0.370025 0.032165 0.003155 0.001832
0 0.363716 0.032165 0.003155 0.001832
0 0.373968 0.032165 0.004732 0.001832
0 0.356618 0.049567 0.004732 0.003664
0 0.351886 0.049567 0.004732 0.003664
0 0.356618 0.039492 0.004732 0.001832
0 0.351886 0.039492 0.004732 0.001832
0 0.356618 0.044988 0.004732 0.001832
0 0.351886 0.044988 0.004732 0.001832
0 0.356618 0.046820 0.004732 0.001832
0 0.351886 0.046820 0.004732 0.001832
0 0.356618 0.035829 0.004732 0.001832
0 0.351886 0.035829 0.004732 0.001832
0 0.356618 0.033997 0.004732 0.001832
0 0.351886 0.033997 0.004732 0.001832
0 0.356618 0.032165 0.004732 0.001832
0 0.351886 0.032165 0.004732 0.001832
0 0.366870 0.030333 0.003155 0.001832
0 0.370025 0.030333 0.003155 0.001832
0 0.363716 0.030333 0.003155 0.001832
0 0.373968 0.030333 0.004732 0.001832
0 0.356618 0.030333 0.004732 0.001832
0 0.351886 0.030333 0.004732 0.001832
0 0.363716 0.041324 0.003155 0.001832
0 0.373968 0.041324 0.004732 0.001832
0 0.356618 0.041324 0.004732 0.001832
0 0.351886 0.041324 0.004732 0.001832
0 0.366870 0.041324 0.003155 0.001832
0 0.370025 0.041324 0.003155 0.001832
0 0.366870 0.037660 0.003155 0.001832
0 0.370025 0.037660 0.003155 0.001832
0 0.363716 0.037660 0.003155 0.001832
0 0.373968 0.037660 0.004732 0.001832
0 0.356618 0.037660 0.004732 0.001832
0 0.351886 0.037660 0.004732 0.001832
0 0.366870 0.043156 0.003155 0.001832
0 0.370025 0.043156 0.003155 0.001832
0 0.363716 0.043156 0.003155 0.001832
0 0.373968 0.043156 0.004732 0.001832
0 0.356618 0.043156 0.004732 0.001832
0 0.351886 0.043156 0.004732 0.001832
0 0.352200 0.044263 0.048268 0.069228
0 0.238209 0.016702 0.003447 0.002488
0 0.237397 0.018608 0.031473 0.017918
0 0.494318 0.741572 0.005854 0.006798
0 0.528966 0.678187 0.013512 0.001446
0 0.528966 0.676741 0.013512 0.001446
0 0.566582 0.795584 0.010810 0.001157
0 0.566582 0.794427 0.010810 0.001157
0 0.582381 0.794675 0.001435 0.017650
0 0.573759 0.788464 0.017166 0.001666
0 0.573759 0.802598 0.017166 0.001666
0 0.596901 0.795765 0.010810 0.001157
0 0.596901 0.794608 0.010810 0.001157
0 0.606836 0.794856 0.001435 0.017650
0 0.598213 0.788646 0.017166 0.001666
0 0.598213 0.802780 0.017166 0.001666
0 0.299681 0.919006 0.155737 0.154260
0 0.536262 0.919006 0.155737 0.154260
0 0.299681 0.737273 0.155737 0.154260
0 0.536262 0.737273 0.155737 0.154260
0 0.545626 0.781738 0.004799 0.018335
0 0.532396 0.797624 0.006627 0.001568
0 0.533010 0.783001 0.006136 0.011850
0 0.554047 0.891121 0.009568 0.003471
0 0.554047 0.887650 0.009568 0.003471
0 0.554047 0.884179 0.009568 0.003471
0 0.554047 0.877238 0.009568 0.003471
0 0.263226 0.779547 0.017709 0.003442
0 0.263226 0.776105 0.017709 0.003442
0 0.263226 0.769134 0.017709 0.003442
0 0.528437 0.718647 0.011423 0.001697
0 0.528437 0.692557 0.011423 0.001697
0 0.299832 0.466645 0.155737 0.154260
0 0.534602 0.466645 0.155737 0.154260
0 0.299832 0.273820 0.155737 0.154260
0 0.533627 0.273820 0.155737 0.154260
0 0.299832 0.080994 0.155737 0.154260
0 0.533627 0.081126 0.155737 0.154260
1 0.258270 0.141485 0.001390 0.001614
1 0.256058 0.120159 0.004278 0.004969
1 0.255941 0.120954 0.001564 0.001817
1 0.253000 0.141505 0.001427 0.001657
1 0.259835 0.088255 0.001057 0.001089
1 0.275064 0.112730 0.001256 0.001458
1 0.270210 0.112678 0.001175 0.001364
1 0.275063 0.118028 0.001265 0.001470
1 0.270219 0.118027 0.001265 0.001470
1 0.255035 0.094902 0.001319 0.001531
1 0.309308 0.147687 0.001279 0.001486
1 0.531418 0.152116 0.001019 0.001183
1 0.486647 0.112018 0.005802 0.007129
1 0.485149 0.114361 0.005436 0.006314
1 0.570285 0.142711 0.006337 0.007360
1 0.570285 0.138714 0.006337 0.007360
1 0.570039 0.139951 0.001877 0.002180
1 0.570039 0.141474 0.001877 0.002180
1 0.569862 0.138630 0.003591 0.004170
1 0.569862 0.142795 0.003591 0.004170
1 0.465793 0.112368 0.003488 0.004663
1 0.465806 0.111301 0.002015 0.002198
1 0.465805 0.113415 0.002003 0.002154
1 0.485003 0.111420 0.001445 0.001678
1 0.485082 0.110516 0.001221 0.001418
1 0.507417 0.112018 0.005802 0.007129
1 0.505920 0.114361 0.005436 0.006314
1 0.527388 0.113078 0.009250 0.010742
1 0.528310 0.108540 0.003912 0.003682
1 0.529224 0.110697 0.005290 0.006143
1 0.525731 0.107366 0.005372 0.006239
1 0.530890 0.107366 0.005372 0.006239
1 0.549537 0.115242 0.010781 0.012521
1 0.551456 0.109053 0.007365 0.008553
1 0.548230 0.110680 0.005943 0.006902
1 0.574221 0.112594 0.012917 0.015002
1 0.568240 0.111224 0.004564 0.005301
1 0.569484 0.110459 0.003583 0.004161
1 0.566824 0.114773 0.006560 0.007618
1 0.567998 0.108755 0.004450 0.005168
1 0.568480 0.111284 0.003170 0.003682
1 0.465439 0.081721 0.001668 0.001937
1 0.510647 0.095427 0.001019 0.001183
1 0.548531 0.081595 0.002107 0.002447
1 0.548365 0.082629 0.003351 0.003891
1 0.549631 0.081595 0.002107 0.002447
1 0.549797 0.082629 0.003351 0.003891
1 0.547515 0.080688 0.003237 0.003760
1 0.550647 0.080688 0.003237 0.003760
1 0.549081 0.082828 0.002559 0.002600
1 0.568740 0.081527 0.002267 0.002633
1 0.570965 0.081527 0.002267 0.002633
1 0.531418 0.064670 0.001019 0.001183
1 0.570285 0.055265 0.006337 0.007360
1 0.570285 0.051268 0.006337 0.007360
1 0.570039 0.052505 0.001877 0.002180
1 0.570039 0.054028 0.001877 0.002180
1 0.569862 0.051184 0.003591 0.004170
1 0.569862 0.055349 0.003591 0.004170
1 0.465793 0.024922 0.003488 0.004663
1 0.465806 0.023856 0.002015 0.002198
1 0.465805 0.025969 0.002003 0.002154
1 0.486647 0.024573 0.005802 0.007129
1 0.485149 0.026915 0.005436 0.006314
1 0.507417 0.024573 0.005802 0.007129
1 0.505920 0.026915 0.005436 0.006314
1 0.526477 0.025076 0.003490 0.004053
1 0.526477 0.026204 0.003535 0.003475
1 0.547248 0.025076 0.003490 0.004053
1 0.545492 0.026117 0.005965 0.006928
1 0.548446 0.026099 0.004854 0.005638
1 0.503665 0.688311 0.001567 0.001820
1 0.502525 0.688311 0.001567 0.001820
1 0.502525 0.687062 0.001567 0.001820
1 0.468397 0.688311 0.001567 0.001820
1 0.468397 0.687062 0.001567 0.001820
1 0.467257 0.687062 0.001567 0.001820
1 0.521776 0.677464 0.001992 0.002314
1 0.560829 0.795006 0.001594 0.001851
1 0.602654 0.795187 0.001594 0.001851
3 0.324416 0.910370 0.002490 0.001928
3 0.351444 0.940932 0.002490 0.001928
11 0.298856 0.035669 0.002266 0.009709
11 0.324517 0.040249 0.002266 0.009709
11 0.341991 0.068989 0.003956 0.008243
11 0.594820 0.083883 0.004636 0.002994
11 0.533010 0.783001 0.006136 0.011850
11 0.524131 0.777793 0.011621 0.010445
11 0.528712 0.775030 0.002358 0.006302
11 0.537257 0.775030 0.002358 0.006302
11 0.298314 0.772097 0.043536 0.044543
11 0.585520 0.956929 0.046703 0.037701
11 0.248968 0.880950 0.044160 0.035806
11 0.486023 0.907647 0.043358 0.038473
11 0.347086 0.937130 0.049349 0.026996
11 0.535231 0.887650 0.047200 0.024296
11 0.250087 0.777814 0.043987 0.020344
11 0.596666 0.085268 0.028489 0.028488
11 0.596666 0.113684 0.028489 0.028345
11 0.596666 0.142029 0.028489 0.028345
11 0.348254 0.871698 0.041915 0.017303
11 0.570387 0.024158 0.020771 0.019359
11 0.528845 0.024158 0.020771 0.019359
11 0.487303 0.024158 0.020771 0.019359
11 0.549616 0.024158 0.020771 0.019359
11 0.508074 0.082704 0.020771 0.019187
11 0.528845 0.082704 0.020771 0.019187
11 0.549616 0.082704 0.020771 0.019187
11 0.570387 0.082704 0.020771 0.019187
11 0.508074 0.052171 0.020771 0.018695
11 0.570387 0.052171 0.020771 0.018695
11 0.487303 0.139617 0.020771 0.018695
11 0.508074 0.139617 0.020771 0.018695
11 0.528845 0.139617 0.020771 0.018695
11 0.528845 0.111272 0.020771 0.018695
11 0.487303 0.052171 0.020771 0.018695
11 0.508074 0.111272 0.020771 0.018695
11 0.570387 0.111272 0.020771 0.018695
11 0.549616 0.052171 0.020771 0.018695
11 0.570387 0.139617 0.020771 0.018695
11 0.508074 0.025364 0.020771 0.016946
11 0.487303 0.084145 0.020771 0.016305
11 0.549616 0.140823 0.020771 0.016283
11 0.549616 0.112478 0.020771 0.016283
11 0.528845 0.053377 0.020771 0.016283
11 0.487303 0.112478 0.020771 0.016283
11 0.482092 0.780276 0.014943 0.011842
11 0.303853 0.035669 0.009994 0.008243
