0 0.495810 0.913173 0.073110 0.031589
0 0.510830 0.956952 0.103150 0.055970
0 0.966309 0.691603 0.067362 0.046857
0 0.079578 0.208607 0.035303 0.003194
4 0.085913 0.202969 0.066452 0.008141
11 0.568339 0.992698 0.014891 0.014593
11 0.540301 0.891204 0.014891 0.014593
11 0.932499 0.721334 0.020296 0.012213
11 0.085913 0.202969 0.066452 0.008141
11 0.018556 0.413095 0.030939 0.010395
11 0.018556 0.413095 0.030939 0.010395
11 0.932499 0.721334 0.020296 0.012213
11 0.540301 0.891204 0.014891 0.014593
11 0.568339 0.992698 0.014891 0.014593
