0 0.460119 0.108667 0.004745 0.010125
0 0.545765 0.832418 0.001237 0.001885
0 0.551226 0.832418 0.001016 0.001885
0 0.532353 0.808603 0.024063 0.054228
0 0.551226 0.827706 0.001016 0.001885
0 0.546215 0.819623 0.002137 0.001885
0 0.462226 0.109437 0.002999 0.006401
0 0.456862 0.375932 0.001996 0.004259
0 0.456874 0.464711 0.001971 0.004208
0 0.456874 0.550705 0.001971 0.004208
0 0.117800 0.653738 0.005000 0.002119
0 0.021860 0.635597 0.005445 0.018232
0 0.110257 0.631359 0.006232 0.009755
0 0.803378 0.108667 0.004745 0.010125
0 0.805485 0.109437 0.002999 0.006401
0 0.800121 0.375932 0.001996 0.004259
0 0.800133 0.464711 0.001971 0.004208
0 0.800133 0.550705 0.001971 0.004208
0 0.938411 0.150360 0.001329 0.001476
0 0.805669 0.105584 0.001006 0.002272
0 0.953319 0.151886 0.005333 0.003581
1 0.798394 0.539035 0.002534 0.006065
1 0.802119 0.559882 0.002226 0.008842
1 0.977771 0.375041 0.013639 0.029323
1 0.888958 0.375041 0.013639 0.029323
1 0.800145 0.375041 0.013639 0.029323
1 0.800248 0.206236 0.013844 0.042184
1 0.800145 0.294989 0.013639 0.042184
1 0.953335 0.140646 0.005113 0.001023
2 0.428827 0.542945 0.004743 0.008038
2 0.438124 0.540643 0.013167 0.010450
2 0.456843 0.549860 0.013553 0.028592
2 0.461805 0.554842 0.003801 0.019213
2 0.427332 0.015591 0.002801 0.018232
2 0.427332 0.023757 0.001788 0.001754
2 0.459189 0.283967 0.003279 0.006985
2 0.456886 0.289398 0.001996 0.004259
2 0.460726 0.396425 0.005958 0.012569
2 0.459133 0.284092 0.001816 0.003875
2 0.461336 0.279408 0.004327 0.009269
2 0.461490 0.365544 0.002807 0.005989
2 0.462506 0.369314 0.001096 0.002338
2 0.459724 0.363376 0.001096 0.002338
2 0.456886 0.375881 0.001996 0.004258
2 0.461490 0.454297 0.002807 0.005989
2 0.462506 0.458067 0.001096 0.002338
2 0.459724 0.452129 0.001096 0.002338
2 0.456886 0.464634 0.001996 0.004258
2 0.804558 0.365960 0.004193 0.008948
2 0.805765 0.369314 0.001096 0.002338
2 0.802983 0.363376 0.001096 0.002338
2 0.800145 0.375881 0.001996 0.004258
2 0.804749 0.454297 0.002807 0.005989
2 0.805765 0.458067 0.001096 0.002338
2 0.802983 0.452129 0.001096 0.002338
2 0.800145 0.464634 0.001996 0.004258
2 0.772086 0.542945 0.004743 0.008038
2 0.781383 0.540643 0.013167 0.010450
2 0.800102 0.549860 0.013553 0.028592
2 0.805064 0.554842 0.003801 0.019213
2 0.802448 0.283967 0.003279 0.006985
2 0.800145 0.289398 0.001996 0.004259
2 0.803985 0.396425 0.005958 0.012569
2 0.802392 0.284092 0.001816 0.003875
2 0.804596 0.279408 0.004327 0.009269
2 0.804352 0.191164 0.003782 0.008070
2 0.805151 0.189459 0.003782 0.008070
2 0.800374 0.199645 0.001674 0.003572
2 0.982185 0.365960 0.004193 0.008948
2 0.893371 0.365960 0.004193 0.008948
2 0.953242 0.137741 0.005005 0.001023
3 0.445632 0.197128 0.003835 0.001900
3 0.456235 0.201522 0.003023 0.006451
3 0.454754 0.202968 0.020094 0.039513
3 0.788891 0.197128 0.003835 0.001900
3 0.799494 0.201522 0.003023 0.006451
3 0.798013 0.202968 0.020094 0.039513
4 0.445632 0.197128 0.003835 0.001900
4 0.788891 0.197128 0.003835 0.001900
11 0.429982 0.011425 0.001815 0.001133
11 0.429982 0.013837 0.001815 0.001133
11 0.429982 0.016248 0.001815 0.001133
11 0.429982 0.018660 0.001815 0.001133
11 0.432696 0.021583 0.002311 0.001571
11 0.435145 0.021583 0.002311 0.001571
11 0.437610 0.021583 0.002311 0.001571
11 0.440076 0.021583 0.002311 0.001571
11 0.442541 0.021583 0.002311 0.001571
11 0.451796 0.033731 0.002226 0.002119
11 0.456606 0.033731 0.004723 0.002119
11 0.461028 0.033731 0.003710 0.002119
11 0.519153 0.033731 0.002123 0.002119
11 0.514394 0.033731 0.004723 0.002119
11 0.509972 0.033731 0.003710 0.002119
11 0.523741 0.014496 0.001918 0.002523
11 0.525796 0.014496 0.001918 0.002523
11 0.550502 0.830298 0.010710 0.010838
11 0.525361 0.785573 0.008209 0.008211
11 0.522355 0.783922 0.001532 0.001101
11 0.523106 0.831725 0.003501 0.008891
11 0.530153 0.830036 0.003877 0.010689
11 0.543061 0.809800 0.004170 0.005663
11 0.459211 0.281171 0.003222 0.012430
11 0.455028 0.916594 0.001075 0.002519
11 0.460623 0.114875 0.005753 0.021385
11 0.461336 0.190655 0.004327 0.009269
11 0.497460 0.989147 0.002740 0.020972
11 0.130881 0.641589 0.002294 0.001571
11 0.133330 0.641589 0.002294 0.001571
11 0.135812 0.641589 0.002294 0.001571
11 0.128133 0.641589 0.002859 0.001571
11 0.138167 0.641589 0.002072 0.001571
11 0.110259 0.635031 0.002804 0.001535
11 0.109050 0.653738 0.002311 0.002119
11 0.111978 0.653738 0.001695 0.002119
11 0.114268 0.653738 0.001653 0.002119
11 0.802470 0.281171 0.003222 0.012430
11 0.803882 0.114875 0.005753 0.021385
11 0.804596 0.190655 0.004327 0.009269
11 0.947953 0.153998 0.002169 0.001560
11 0.937967 0.150368 0.002678 0.001926
11 0.946502 0.138855 0.005235 0.021484
11 0.953309 0.145839 0.005147 0.004092
11 0.965320 0.139334 0.003364 0.025757
11 0.550502 0.830298 0.010710 0.010838
11 0.021860 0.635597 0.005445 0.018232
11 0.965320 0.139334 0.003364 0.025757
11 0.438124 0.540643 0.013167 0.010450
11 0.781383 0.540643 0.013167 0.010450
11 0.803985 0.396425 0.005958 0.012569
11 0.460726 0.396425 0.005958 0.012569
11 0.525361 0.785573 0.008209 0.008211
11 0.110257 0.631359 0.006232 0.009755
11 0.497460 0.989147 0.002740 0.020972
11 0.530153 0.830036 0.003877 0.010689
11 0.805064 0.554842 0.003801 0.019213
11 0.461805 0.554842 0.003801 0.019213
11 0.523106 0.831725 0.003501 0.008891
11 0.427332 0.015591 0.002801 0.018232
11 0.543061 0.809800 0.004170 0.005663
11 0.802119 0.559882 0.002226 0.008842
11 0.798394 0.539035 0.002534 0.006065
