0 0.726744 0.613831 0.009274 0.003387
4 0.208814 0.689787 0.004393 0.033866
4 0.208814 0.735548 0.004393 0.029669
11 0.208814 0.689787 0.004393 0.033866
11 0.028434 0.740525 0.006833 0.019231
11 0.021784 0.754797 0.005613 0.010281
11 0.025414 0.727221 0.012874 0.033261
11 0.025414 0.689061 0.012874 0.045961
11 0.025414 0.659066 0.012874 0.013063
11 0.010497 0.663299 0.010494 0.020078
11 0.010497 0.629977 0.010494 0.030358
11 0.017147 0.568354 0.023795 0.022738
11 0.194964 0.728121 0.017450 0.031190
11 0.208814 0.735548 0.004393 0.029669
11 0.194964 0.682348 0.017450 0.059386
11 0.191120 0.642798 0.009762 0.019231
11 0.378730 0.727153 0.026846 0.033126
11 0.378730 0.691480 0.026846 0.037252
11 0.371530 0.642798 0.011226 0.019231
11 0.559872 0.727153 0.026846 0.033126
11 0.559872 0.691480 0.026846 0.037252
11 0.552672 0.642798 0.011226 0.019231
11 0.734676 0.727213 0.024161 0.033005
11 0.734676 0.691541 0.024161 0.037373
11 0.724731 0.647938 0.004271 0.008950
11 0.727171 0.638262 0.009152 0.009918
11 0.727171 0.624172 0.009152 0.017296
11 0.853605 0.727213 0.024527 0.033004
11 0.853605 0.691541 0.024527 0.037373
11 0.846222 0.642979 0.009274 0.018626
11 0.946038 0.727213 0.024527 0.033004
11 0.946038 0.691541 0.024527 0.037373
11 0.950949 0.660819 0.014704 0.023101
11 0.938686 0.662029 0.009335 0.020682
11 0.858516 0.660819 0.014704 0.023101
11 0.846253 0.662029 0.009335 0.020682
11 0.739404 0.660819 0.014704 0.023101
11 0.727202 0.662029 0.009213 0.020682
11 0.565973 0.660819 0.014643 0.023101
11 0.552428 0.662029 0.011959 0.020682
11 0.384831 0.660819 0.014643 0.023101
11 0.371286 0.662029 0.011959 0.020682
11 0.009368 0.697709 0.018731 0.087446
11 0.194964 0.682348 0.017450 0.059386
11 0.559872 0.691480 0.026846 0.037252
11 0.378730 0.691480 0.026846 0.037252
11 0.739310 0.594564 0.016944 0.055866
11 0.853605 0.691541 0.024527 0.037373
11 0.946038 0.691541 0.024527 0.037373
11 0.734676 0.691541 0.024161 0.037373
11 0.378730 0.727153 0.026846 0.033126
11 0.559872 0.727153 0.026846 0.033126
11 0.853605 0.727213 0.024527 0.033004
11 0.946038 0.727213 0.024527 0.033004
11 0.734676 0.727213 0.024161 0.033005
11 0.025414 0.689061 0.012874 0.045961
11 0.194964 0.728121 0.017450 0.031190
11 0.017147 0.568354 0.023795 0.022738
11 0.025414 0.727221 0.012874 0.033261
11 0.384831 0.660819 0.014643 0.023101
11 0.858516 0.660819 0.014704 0.023101
11 0.739404 0.660819 0.014704 0.023101
11 0.950949 0.660819 0.014704 0.023101
11 0.565973 0.660819 0.014643 0.023101
11 0.010497 0.629977 0.010494 0.030358
11 0.740378 0.595733 0.012880 0.049499
11 0.559448 0.710348 0.025021 0.009918
11 0.378305 0.710348 0.025021 0.009918
11 0.552428 0.662029 0.011959 0.020682
11 0.371286 0.662029 0.011959 0.020682
11 0.853546 0.710348 0.021970 0.009918
11 0.734435 0.710348 0.021970 0.009918
11 0.945979 0.710348 0.021970 0.009918
11 0.010497 0.663299 0.010494 0.020078
11 0.196131 0.741684 0.018396 0.034209
11 0.846253 0.662029 0.009335 0.020682
11 0.938686 0.662029 0.009335 0.020682
11 0.727202 0.662029 0.009213 0.020682
11 0.552672 0.642798 0.011226 0.019231
11 0.371530 0.642798 0.011226 0.019231
11 0.025414 0.659066 0.012874 0.013063
11 0.740866 0.598545 0.011904 0.040973
11 0.727171 0.624172 0.009152 0.017296
11 0.204309 0.630689 0.013524 0.026219
11 0.191120 0.642798 0.009762 0.019231
11 0.846222 0.642979 0.009274 0.018626
11 0.028434 0.740525 0.006833 0.019231
11 0.205041 0.632293 0.012060 0.023621
11 0.207274 0.666263 0.010470 0.017149
11 0.727171 0.638262 0.009152 0.009918
11 0.021784 0.754797 0.005613 0.010281
11 0.724731 0.647938 0.004271 0.008950
11 0.209599 0.713986 0.003310 0.009937
11 0.197756 0.649331 0.004485 0.010284
