0 0.077394 0.599259 0.005292 0.006268
0 0.077394 0.695485 0.005292 0.006268
0 0.077394 0.785979 0.005292 0.006268
0 0.086214 0.628727 0.005292 0.006268
0 0.086214 0.746338 0.005292 0.006268
0 0.071640 0.637795 0.005292 0.006268
0 0.067524 0.637795 0.005292 0.006268
0 0.075756 0.637795 0.005292 0.006268
0 0.063407 0.637795 0.005292 0.006268
0 0.164497 0.535029 0.005292 0.006268
0 0.164352 0.659472 0.005292 0.006268
0 0.163539 0.700188 0.005292 0.006268
0 0.163539 0.786535 0.005292 0.006268
0 0.173537 0.596679 0.005292 0.006268
0 0.172360 0.740668 0.005292 0.006268
0 0.176476 0.724215 0.005292 0.006268
0 0.180592 0.738840 0.005292 0.006268
0 0.163686 0.735184 0.005292 0.006268
0 0.190997 0.622142 0.005292 0.006268
0 0.186881 0.622142 0.005292 0.006268
0 0.195113 0.622142 0.005292 0.006268
0 0.182765 0.622142 0.005292 0.006268
0 0.248215 0.535141 0.005292 0.006268
0 0.248215 0.658069 0.005292 0.006268
0 0.248215 0.769723 0.005292 0.006268
0 0.257035 0.600076 0.005292 0.006268
0 0.257035 0.739506 0.005292 0.006268
0 0.261152 0.731527 0.005292 0.006268
0 0.265268 0.738840 0.005292 0.006268
0 0.241747 0.581643 0.005292 0.006268
0 0.237631 0.581643 0.005292 0.006268
0 0.245863 0.581643 0.005292 0.006268
0 0.233514 0.581643 0.005292 0.006268
0 0.332891 0.537340 0.005292 0.006268
0 0.332891 0.654611 0.005292 0.006268
0 0.332891 0.786332 0.005292 0.006268
0 0.352205 0.581643 0.005292 0.006268
0 0.348089 0.581643 0.005292 0.006268
0 0.356322 0.581643 0.005292 0.006268
0 0.343973 0.581643 0.005292 0.006268
0 0.417566 0.537656 0.005292 0.006268
0 0.417566 0.699507 0.005292 0.006268
0 0.417566 0.785979 0.005292 0.006268
0 0.411098 0.581643 0.005292 0.006268
0 0.406982 0.581643 0.005292 0.006268
0 0.415214 0.581643 0.005292 0.006268
0 0.402866 0.581643 0.005292 0.006268
0 0.502242 0.536533 0.005292 0.006268
0 0.502242 0.665922 0.005292 0.006268
0 0.502242 0.785979 0.005292 0.006268
0 0.511062 0.600076 0.005292 0.006268
0 0.511062 0.739146 0.005292 0.006268
0 0.515179 0.735184 0.005292 0.006268
0 0.495774 0.581643 0.005292 0.006268
0 0.491658 0.581643 0.005292 0.006268
0 0.499890 0.581643 0.005292 0.006268
0 0.487541 0.581643 0.005292 0.006268
0 0.586918 0.536620 0.005292 0.006268
0 0.586918 0.669245 0.005292 0.006268
0 0.586918 0.787386 0.005292 0.006268
0 0.595738 0.600076 0.005292 0.006268
0 0.607511 0.720661 0.005292 0.006268
0 0.580450 0.581643 0.005292 0.006268
0 0.576333 0.581643 0.005292 0.006268
0 0.584566 0.581643 0.005292 0.006268
0 0.572217 0.581643 0.005292 0.006268
0 0.671593 0.536085 0.005292 0.006268
0 0.671593 0.669950 0.005292 0.006268
0 0.671593 0.785979 0.005292 0.006268
0 0.680414 0.717276 0.005292 0.006268
0 0.684698 0.721292 0.005292 0.006268
0 0.664831 0.581643 0.005292 0.006268
0 0.660715 0.581643 0.005292 0.006268
0 0.668947 0.581643 0.005292 0.006268
0 0.656599 0.581643 0.005292 0.006268
0 0.085207 0.532901 0.005292 0.006268
0 0.169646 0.528760 0.005292 0.006268
0 0.338987 0.528760 0.005292 0.006268
0 0.408650 0.528760 0.005292 0.006268
0 0.492362 0.528760 0.005292 0.006268
0 0.576357 0.528760 0.005292 0.006268
0 0.660880 0.528760 0.005292 0.006268
0 0.693120 0.528894 0.005292 0.006268
0 0.065641 0.532901 0.005292 0.006268
0 0.065986 0.519718 0.005292 0.006268
0 0.120919 0.519221 0.005292 0.006268
0 0.113598 0.511908 0.005292 0.006268
0 0.119890 0.504595 0.005292 0.006268
0 0.117832 0.497283 0.005292 0.006268
0 0.204858 0.513090 0.005292 0.006268
0 0.289534 0.513090 0.005292 0.006268
0 0.374210 0.513090 0.005292 0.006268
0 0.458886 0.513090 0.005292 0.006268
0 0.543561 0.513090 0.005292 0.006268
0 0.628237 0.513090 0.005292 0.006268
0 0.686206 0.513090 0.005292 0.006268
0 0.446556 0.540251 0.005292 0.006268
0 0.446556 0.547563 0.005292 0.006268
0 0.446556 0.532938 0.005292 0.006268
0 0.446556 0.554876 0.005292 0.006268
0 0.092904 0.663295 0.005292 0.006268
0 0.092904 0.670607 0.005292 0.006268
0 0.092904 0.655982 0.005292 0.006268
0 0.092904 0.677920 0.005292 0.006268
0 0.704196 0.535571 0.005292 0.006268
0 0.703988 0.667085 0.005292 0.006268
0 0.703988 0.786376 0.005292 0.006268
0 0.711579 0.628861 0.005292 0.006268
0 0.711461 0.730302 0.005292 0.006268
0 0.731739 0.581791 0.005292 0.006268
0 0.727623 0.581791 0.005292 0.006268
0 0.735622 0.581688 0.005292 0.006268
0 0.723507 0.581791 0.005292 0.006268
0 0.798019 0.564614 0.005292 0.006268
0 0.798019 0.668130 0.005292 0.006268
0 0.798019 0.789555 0.005292 0.006268
0 0.806839 0.615746 0.005292 0.006268
0 0.806839 0.739360 0.005292 0.006268
0 0.788597 0.615728 0.005292 0.006268
0 0.784481 0.615728 0.005292 0.006268
0 0.792713 0.615728 0.005292 0.006268
0 0.780365 0.615728 0.005292 0.006268
0 0.297943 0.617960 0.005292 0.006268
0 0.297943 0.625272 0.005292 0.006268
0 0.297943 0.610647 0.005292 0.006268
0 0.297943 0.632585 0.005292 0.006268
0 0.085207 0.693293 0.005292 0.006268
0 0.143738 0.693293 0.005292 0.006268
0 0.255295 0.693293 0.005292 0.006268
0 0.313972 0.693293 0.005292 0.006268
0 0.407014 0.693293 0.005292 0.006268
0 0.493027 0.693293 0.005292 0.006268
0 0.576791 0.693293 0.005292 0.006268
0 0.660671 0.693293 0.005292 0.006268
0 0.708514 0.693293 0.005292 0.006268
0 0.280451 0.677623 0.005292 0.006268
0 0.275305 0.671433 0.005292 0.006268
0 0.373964 0.677623 0.005292 0.006268
0 0.458886 0.677623 0.005292 0.006268
0 0.683451 0.678926 0.005292 0.006268
0 0.749370 0.677623 0.005292 0.006268
0 0.841690 0.677623 0.005292 0.006268
0 0.446556 0.705307 0.005292 0.006268
0 0.446556 0.712619 0.005292 0.006268
0 0.456589 0.671366 0.005292 0.006268
0 0.446556 0.719932 0.005292 0.006268
0 0.085359 0.816040 0.005292 0.006268
0 0.170035 0.816040 0.005292 0.006268
0 0.254710 0.816040 0.005292 0.006268
0 0.324430 0.816040 0.005292 0.006268
0 0.407473 0.816040 0.005292 0.006268
0 0.493948 0.816040 0.005292 0.006268
0 0.577812 0.816040 0.005292 0.006268
0 0.662722 0.816040 0.005292 0.006268
0 0.711748 0.816040 0.005292 0.006268
0 0.790036 0.816040 0.005292 0.006268
0 0.877018 0.816040 0.005292 0.006268
0 0.124016 0.800370 0.005292 0.006268
0 0.458886 0.800370 0.005292 0.006268
0 0.686206 0.800370 0.005292 0.006268
0 0.749370 0.800370 0.005292 0.006268
0 0.841690 0.800370 0.005292 0.006268
0 0.446556 0.827531 0.005292 0.006268
0 0.446556 0.834844 0.005292 0.006268
0 0.446556 0.820219 0.005292 0.006268
0 0.446556 0.842156 0.005292 0.006268
0 0.786134 0.560472 0.005292 0.006268
0 0.748929 0.544429 0.005292 0.006268
0 0.841690 0.544429 0.005292 0.006268
0 0.743441 0.580412 0.005292 0.006268
0 0.743441 0.587724 0.005292 0.006268
0 0.743441 0.573451 0.005292 0.006268
0 0.743441 0.595037 0.005292 0.006268
0 0.112381 0.692788 0.005292 0.006268
0 0.103385 0.725259 0.005292 0.006268
0 0.099269 0.725259 0.005292 0.006268
0 0.107502 0.725259 0.005292 0.006268
0 0.095153 0.725259 0.005292 0.006268
0 0.132740 0.559100 0.005292 0.006268
0 0.128624 0.559100 0.005292 0.006268
0 0.136857 0.559100 0.005292 0.006268
0 0.124508 0.559100 0.005292 0.006268
0 0.085508 0.607317 0.005292 0.006268
0 0.067533 0.582793 0.005292 0.006268
0 0.065034 0.575852 0.005292 0.006268
0 0.102198 0.584950 0.005292 0.006268
0 0.105743 0.615404 0.005292 0.006268
0 0.105743 0.622717 0.005292 0.006268
0 0.105743 0.608092 0.005292 0.006268
0 0.105743 0.630030 0.005292 0.006268
0 0.170202 0.565845 0.005292 0.006268
0 0.190307 0.580569 0.005292 0.006268
0 0.190307 0.587882 0.005292 0.006268
0 0.190307 0.573256 0.005292 0.006268
0 0.190307 0.595194 0.005292 0.006268
0 0.215753 0.725433 0.005292 0.006268
0 0.211637 0.725433 0.005292 0.006268
0 0.219869 0.725433 0.005292 0.006268
0 0.207521 0.725433 0.005292 0.006268
0 0.212813 0.691232 0.005292 0.006268
0 0.212813 0.698544 0.005292 0.006268
0 0.212813 0.705857 0.005292 0.006268
0 0.218298 0.824412 0.005292 0.006268
0 0.242977 0.756447 0.005292 0.006268
0 0.295514 0.725354 0.005292 0.006268
0 0.291398 0.725354 0.005292 0.006268
0 0.299630 0.725353 0.005292 0.006268
0 0.287282 0.725354 0.005292 0.006268
0 0.337491 0.780219 0.005292 0.006268
0 0.301637 0.765005 0.005292 0.006268
0 0.384256 0.765162 0.005292 0.006268
0 0.316235 0.748285 0.005292 0.006268
0 0.316235 0.755597 0.005292 0.006268
0 0.316235 0.762910 0.005292 0.006268
0 0.384855 0.725260 0.005292 0.006268
0 0.380739 0.725260 0.005292 0.006268
0 0.388971 0.725260 0.005292 0.006268
0 0.376622 0.725260 0.005292 0.006268
0 0.284379 0.581643 0.005292 0.006268
0 0.280262 0.581643 0.005292 0.006268
0 0.288495 0.581643 0.005292 0.006268
0 0.276146 0.581643 0.005292 0.006268
0 0.615907 0.765233 0.005292 0.006268
0 0.615907 0.772546 0.005292 0.006268
0 0.615907 0.757921 0.005292 0.006268
0 0.615907 0.779859 0.005292 0.006268
0 0.058143 0.581643 0.005292 0.006268
0 0.054027 0.581643 0.005292 0.006268
0 0.049911 0.581643 0.005292 0.006268
0 0.885929 0.564614 0.005292 0.006268
0 0.885929 0.668260 0.005292 0.006268
0 0.885929 0.789731 0.005292 0.006268
0 0.876621 0.615728 0.005292 0.006268
0 0.872505 0.615728 0.005292 0.006268
0 0.880307 0.615728 0.005292 0.006268
0 0.868389 0.615728 0.005292 0.006268
0 0.292150 0.800370 0.005292 0.006268
0 0.285691 0.793058 0.005292 0.006268
0 0.372673 0.800370 0.005292 0.006268
0 0.253807 0.721836 0.005292 0.006268
0 0.077394 0.533231 0.005292 0.006268
0 0.426858 0.575874 0.005292 0.006268
0 0.086214 0.558452 0.005292 0.006268
0 0.064541 0.597944 0.005292 0.006268
0 0.695317 0.658096 0.005292 0.006268
0 0.254710 0.528760 0.005292 0.006268
0 0.105223 0.544442 0.005292 0.006268
0 0.101107 0.544442 0.005292 0.006268
0 0.096990 0.544442 0.005292 0.006268
0 0.682555 0.844673 0.005292 0.006268
0 0.682555 0.851985 0.005292 0.006268
0 0.682555 0.859298 0.005292 0.006268
0 0.226104 0.824412 0.005292 0.006268
0 0.221987 0.824412 0.005292 0.006268
0 0.210313 0.800370 0.005292 0.006268
0 0.202063 0.794536 0.005292 0.006268
0 0.874452 0.560472 0.005292 0.006268
0 0.332504 0.501378 0.005292 0.006268
0 0.342340 0.506410 0.005292 0.006268
0 0.345991 0.497819 0.005292 0.006268
0 0.417180 0.503733 0.005292 0.006268
0 0.501855 0.501378 0.005292 0.006268
0 0.586531 0.501378 0.005292 0.006268
0 0.332504 0.825010 0.005292 0.006268
0 0.342436 0.817159 0.005292 0.006268
0 0.346217 0.817318 0.005292 0.006268
0 0.417180 0.825010 0.005292 0.006268
0 0.501426 0.825010 0.005292 0.006268
0 0.586214 0.825010 0.005292 0.006268
0 0.684611 0.638521 0.005292 0.006268
0 0.064262 0.507287 0.005292 0.006268
0 0.427016 0.506410 0.005292 0.006268
0 0.430666 0.497819 0.005292 0.006268
0 0.427112 0.817159 0.005292 0.006268
0 0.430892 0.817318 0.005292 0.006268
0 0.511691 0.506410 0.005292 0.006268
0 0.515342 0.497819 0.005292 0.006268
0 0.511788 0.817159 0.005292 0.006268
0 0.515568 0.817318 0.005292 0.006268
0 0.596367 0.506410 0.005292 0.006268
0 0.600018 0.497819 0.005292 0.006268
0 0.596463 0.817159 0.005292 0.006268
0 0.600244 0.817318 0.005292 0.006268
0 0.344785 0.705240 0.005292 0.006268
0 0.348891 0.715945 0.005292 0.006268
0 0.426115 0.732638 0.005292 0.006268
0 0.429713 0.728484 0.005292 0.006268
0 0.595738 0.727065 0.005292 0.006268
0 0.599854 0.715688 0.005292 0.006268
0 0.603971 0.725236 0.005292 0.006268
0 0.194781 0.677623 0.005292 0.006268
0 0.184892 0.671414 0.005292 0.006268
0 0.129673 0.678418 0.005292 0.006268
0 0.146284 0.552107 0.005292 0.006268
0 0.334129 0.138901 0.009408 0.016715
0 0.382228 0.140991 0.021639 0.009193
0 0.439102 0.140991 0.014113 0.012536
0 0.684270 0.786964 0.005292 0.006268
0 0.747010 0.787764 0.005292 0.006268
0 0.316235 0.741463 0.005292 0.006268
0 0.212813 0.684388 0.005292 0.006268
0 0.685545 0.793864 0.005292 0.006268
0 0.748680 0.794341 0.005292 0.006268
0 0.839590 0.787764 0.005292 0.006268
0 0.841261 0.794341 0.005292 0.006268
0 0.683532 0.692945 0.005292 0.006268
0 0.683059 0.672798 0.005292 0.006268
0 0.747010 0.664980 0.005292 0.006268
0 0.748680 0.671557 0.005292 0.006268
0 0.839590 0.664953 0.005292 0.006268
0 0.841261 0.671530 0.005292 0.006268
0 0.367423 0.671645 0.005292 0.006268
0 0.373964 0.665144 0.005292 0.006268
0 0.279961 0.665144 0.005292 0.006268
0 0.194493 0.665144 0.005292 0.006268
0 0.130313 0.665144 0.005292 0.006268
0 0.122597 0.671901 0.005292 0.006268
0 0.066496 0.513425 0.005292 0.006268
0 0.089701 0.558520 0.005292 0.006268
0 0.120527 0.653221 0.005292 0.006268
0 0.341013 0.719413 0.005292 0.006268
0 0.456627 0.793897 0.005292 0.006268
0 0.458135 0.787886 0.005292 0.006268
0 0.544905 0.800370 0.005292 0.006268
0 0.542647 0.793897 0.005292 0.006268
0 0.544155 0.787886 0.005292 0.006268
0 0.632891 0.800370 0.005292 0.006268
0 0.630632 0.793897 0.005292 0.006268
0 0.632141 0.787886 0.005292 0.006268
0 0.458108 0.664741 0.005292 0.006268
0 0.543840 0.677623 0.005292 0.006268
0 0.541543 0.671366 0.005292 0.006268
0 0.543062 0.664741 0.005292 0.006268
0 0.630759 0.677623 0.005292 0.006268
0 0.628462 0.671366 0.005292 0.006268
0 0.629981 0.664741 0.005292 0.006268
0 0.527543 0.134399 0.009869 0.003761
0 0.527308 0.090352 0.009869 0.003761
0 0.747873 0.781329 0.005292 0.006268
0 0.840465 0.781329 0.005292 0.006268
0 0.747873 0.658694 0.005292 0.006268
0 0.839438 0.658694 0.005292 0.006268
0 0.742500 0.565220 0.005292 0.006268
0 0.883835 0.614450 0.005292 0.006268
0 0.796472 0.614894 0.005292 0.006268
0 0.739234 0.580314 0.005292 0.006268
0 0.147339 0.626777 0.005292 0.006268
0 0.124025 0.653221 0.005292 0.006268
0 0.698682 0.652478 0.005292 0.006268
0 0.682555 0.838249 0.005292 0.006268
0 0.365860 0.793740 0.005292 0.006268
0 0.675946 0.667482 0.005292 0.006268
0 0.120760 0.725259 0.005292 0.006268
3 0.234366 0.028773 0.007938 0.009402
11 0.382228 0.140991 0.023521 0.012536
11 0.503592 0.065908 0.011025 0.045127
11 0.146564 0.095508 0.032452 0.023567
11 0.641520 0.112478 0.025763 0.014066
